(584;23;0)
(584;24;149)
(584;24;166)
(584;25;166)
(584;25;181)
(583;26;182)
(583;27;199)
(583;27;199)
(582;28;200)
(582;28;216)
(582;28;216)
(582;29;231)
(582;29;232)
(582;29;248)
(581;29;249)
(581;30;264)
(580;30;282)
(580;31;299)
(579;31;299)
(579;32;300)
(579;32;316)
(579;33;316)
(578;33;332)
(578;33;332)
(578;33;348)
(578;33;349)
(578;34;349)
(578;34;365)
(578;34;365)
(578;34;382)
(577;35;382)
(577;36;398)
(576;36;399)
(576;37;416)
(576;38;416)
(575;39;416)
(575;39;431)
(575;40;432)
(575;40;448)
(575;41;448)
(575;41;465)
(574;42;465)
(574;42;483)
(574;42;483)
(574;43;498)
(574;43;498)
(574;43;516)
(573;44;516)
(573;45;516)
(573;46;532)
(573;46;532)
(573;47;549)
(572;47;550)
(572;48;566)
(572;48;566)
(572;49;582)
(572;49;582)
(572;50;599)
(572;50;599)
(572;50;599)
(572;50;616)
(572;51;616)
(571;51;632)
(571;51;632)
(571;52;649)
(571;52;649)
(571;52;665)
(571;53;665)
(570;54;665)
(570;55;682)
(570;56;682)
(570;57;698)
(570;58;699)
(570;58;716)
(569;59;716)
(569;60;733)
(569;60;733)
(569;61;733)
(569;61;749)
(569;62;749)
(568;62;766)
(568;63;767)
(568;64;782)
(568;65;782)
(568;66;799)
(567;67;799)
(567;67;815)
(567;68;816)
(567;69;816)
(567;69;833)
(566;70;833)
(566;71;849)
(566;72;849)
(566;73;866)
(566;73;866)
(566;74;882)
(565;75;883)
(565;76;898)
(565;76;899)
(564;77;899)
(564;78;915)
(564;78;916)
(563;79;932)
(563;79;933)
(562;80;949)
(562;81;949)
(562;82;949)
(561;83;966)
(560;84;966)
(560;85;982)
(559;85;982)
(559;86;999)
(558;87;999)
(558;87;1016)
(557;88;1016)
(557;89;1016)
(556;90;1031)
(555;90;1032)
(554;91;1049)
(553;92;1049)
(553;93;1066)
(552;93;1066)
(551;94;1082)
(550;94;1082)
(550;95;1098)
(549;95;1098)
(548;96;1115)
(548;96;1115)
(547;96;1115)
(546;97;1132)
(545;98;1133)
(544;98;1149)
(543;99;1149)
(542;100;1166)
(541;100;1166)
(539;101;1182)
(538;102;1183)
(537;102;1199)
(536;103;1199)
(535;104;1199)
(535;104;1216)
(534;105;1216)
(533;105;1232)
(532;106;1233)
(531;106;1250)
(530;107;1250)
(529;108;1266)
(528;109;1266)
(527;109;1283)
(526;110;1283)
(525;111;1299)
(524;111;1300)
(523;112;1315)
(522;112;1316)
(522;113;1316)
(521;114;1332)
(520;114;1332)
(519;115;1349)
(518;115;1349)
(518;116;1365)
(517;116;1365)
(516;117;1383)
(516;117;1383)
(515;118;1398)
(514;119;1399)
(513;120;1415)
(512;120;1416)
(511;121;1416)
(510;122;1432)
(509;123;1432)
(508;124;1449)
(507;125;1449)
(506;126;1465)
(505;127;1466)
(504;128;1482)
(503;129;1482)
(502;130;1499)
(501;131;1499)
(500;132;1499)
(499;133;1515)
(498;134;1515)
(497;135;1532)
(496;136;1532)
(495;137;1548)
(494;138;1548)
(493;139;1565)
(491;141;1566)
(490;142;1566)
(489;143;1582)
(488;143;1583)
(487;144;1598)
(486;145;1599)
(485;146;1614)
(484;147;1615)
(484;148;1631)
(483;148;1632)
(483;149;1632)
(482;150;1649)
(481;150;1649)
(481;151;1665)
(480;151;1665)
(480;152;1681)
(480;152;1681)
(479;153;1698)
(478;154;1699)
(477;155;1715)
(477;155;1716)
(476;156;1732)
(476;156;1732)
(475;157;1732)
(474;158;1749)
(473;159;1749)
(473;160;1766)
(473;160;1766)
(472;161;1782)
(472;162;1782)
(472;162;1799)
(472;162;1799)
(471;163;1800)
(471;164;1816)
(471;164;1816)
(470;165;1833)
(470;166;1833)
(470;167;1849)
(469;168;1850)
(469;170;1850)
(469;171;1866)
(468;172;1866)
(468;172;1882)
(468;173;1882)
(468;173;1899)
(468;173;1899)
(468;174;1916)
(468;175;1916)
(467;175;1916)
(467;176;1932)
(467;177;1932)
(467;178;1949)
(467;178;1949)
(466;179;1966)
(466;179;1967)
(466;180;1983)
(466;181;1983)
(466;181;1999)
(466;183;1999)
(466;183;2000)
(465;184;2016)
(465;185;2016)
(465;186;2033)
(465;187;2033)
(465;188;2049)
(465;189;2049)
(465;190;2065)
(465;190;2066)
(465;191;2082)
(465;192;2083)
(465;193;2100)
(465;193;2100)
(465;194;2100)
(465;194;2116)
(465;195;2116)
(465;196;2132)
(465;197;2132)
(465;198;2149)
(465;199;2150)
(465;200;2150)
(465;200;2166)
(466;201;2166)
(466;202;2182)
(466;204;2183)
(466;205;2199)
(466;206;2200)
(466;208;2215)
(466;208;2216)
(466;209;2232)
(466;209;2232)
(466;210;2249)
(466;210;2249)
(466;210;2265)
(466;210;2266)
(466;211;2282)
(467;211;2282)
(467;212;2300)
(467;213;2300)
(467;214;2316)
(467;215;2316)
(467;216;2316)
(467;217;2332)
(467;218;2332)
(467;218;2350)
(466;218;2350)
(466;219;2366)
(466;219;2366)
(466;220;2382)
(466;220;2383)
(466;220;2399)
(466;220;2400)
(465;221;2400)
(465;221;2415)
(464;222;2416)
(463;222;2432)
(462;223;2432)
(461;223;2449)
(461;223;2450)
(460;223;2450)
(459;224;2465)
(459;224;2466)
(458;224;2482)
(457;224;2482)
(456;224;2499)
(455;224;2499)
(453;223;2516)
(452;223;2516)
(451;223;2532)
(451;222;2533)
(450;222;2548)
(450;222;2549)
(449;222;2566)
(449;222;2567)
(448;222;2583)
(448;222;2583)
(448;221;2599)
(447;221;2600)
(447;221;2600)
(447;221;2616)
(447;221;2616)
(447;221;2632)
(446;221;2633)
(446;221;2649)
(446;221;2649)
(445;221;2666)
(445;221;2666)
(444;220;2683)
(444;220;2700)
(443;220;2700)
(443;220;2700)
(442;221;2716)
(441;221;2717)
(441;221;2733)
(440;221;2733)
(439;221;2749)
(439;222;2749)
(438;222;2749)
(438;222;2766)
(438;223;2767)
(438;223;2783)
(437;223;2783)
(437;223;2799)
(437;224;2799)
(437;224;2817)
(436;224;2817)
(436;225;2817)
(436;225;2832)
(436;226;2833)
(436;226;2849)
(435;227;2849)
(435;228;2866)
(435;229;2866)
(435;230;2882)
(435;231;2883)
(434;232;2900)
(434;233;2900)
(434;234;2900)
(434;236;2916)
(434;237;2916)
(434;238;2932)
(434;239;2933)
(434;241;2949)
(434;242;2950)
(433;243;2966)
(433;244;2966)
(433;245;2982)
(433;245;2982)
(433;246;2999)
(433;247;2999)
(433;248;2999)
(433;249;3015)
(433;250;3016)
(433;251;3032)
(433;253;3033)
(433;254;3049)
(433;255;3049)
(433;256;3049)
(433;258;3066)
(433;259;3066)
(433;260;3083)
(433;262;3083)
(433;263;3100)
(433;264;3100)
(433;266;3116)
(433;267;3116)
(433;268;3132)
(433;269;3133)
(433;270;3149)
(433;271;3150)
(433;271;3166)
(433;272;3166)
(433;272;3182)
(433;273;3183)
(433;274;3199)
(433;274;3199)
(433;275;3216)
(433;275;3216)
(433;276;3216)
(433;276;3233)
(433;277;3233)
(433;277;3249)
(433;278;3249)
(433;279;3266)
(433;279;3266)
(433;280;3282)
(433;281;3283)
(433;281;3300)
(433;282;3300)
(433;282;3300)
(433;283;3316)
(432;283;3316)
(432;284;3333)
(432;284;3334)
(432;285;3349)
(432;285;3350)
(431;286;3350)
(431;286;3366)
(431;287;3367)
(430;288;3383)
(430;288;3383)
(430;289;3400)
(430;289;3400)
(429;290;3416)
(428;291;3416)
(427;292;3432)
(427;293;3432)
(426;294;3449)
(426;294;3450)
(425;295;3466)
(424;295;3467)
(424;296;3483)
(424;296;3483)
(423;297;3499)
(423;297;3500)
(422;298;3500)
(421;298;3516)
(421;299;3516)
(420;299;3533)
(419;299;3533)
(419;300;3549)
(418;300;3549)
(418;301;3566)
(418;301;3566)
(418;301;3582)
(417;301;3583)
(417;302;3599)
(416;302;3599)
(415;303;3600)
(414;303;3616)
(413;304;3617)
(413;304;3633)
(412;305;3633)
(411;305;3649)
(411;306;3649)
(410;306;3650)
(410;307;3666)
(409;307;3667)
(409;308;3683)
(408;309;3683)
(408;309;3700)
(407;310;3700)
(407;311;3717)
(406;312;3717)
(405;312;3717)
(405;313;3732)
(405;314;3733)
(405;314;3750)
(404;315;3750)
(404;315;3766)
(404;316;3767)
(404;316;3782)
(404;317;3783)
(404;317;3800)
(403;318;3800)
(403;319;3816)
(403;320;3816)
(403;321;3816)
(403;322;3833)
(403;323;3833)
(404;323;3849)
(404;324;3850)
(404;325;3866)
(404;326;3867)
(404;327;3883)
(405;328;3883)
(405;329;3899)
(405;330;3900)
(405;331;3900)
(405;332;3917)
(406;333;3917)
(406;335;3932)
(406;336;3932)
(407;337;3949)
(407;339;3950)
(407;340;3950)
(407;341;3966)
(408;342;3967)
(408;343;3983)
(408;344;3983)
(409;345;3999)
(409;346;4000)
(409;347;4017)
(410;349;4017)
(410;350;4017)
(411;351;4032)
(411;352;4032)
(411;353;4049)
(412;354;4050)
(412;355;4066)
(412;355;4067)
(413;356;4083)
(413;357;4083)
(413;358;4084)
(414;359;4100)
(414;360;4116)
(415;361;4117)
(416;363;4117)
(416;364;4133)
(416;365;4133)
(416;365;4149)
(417;366;4149)
(417;366;4166)
(417;367;4167)
(417;368;4183)
(417;368;4183)
(417;369;4183)
(417;370;4200)
(418;371;4200)
(418;371;4216)
(418;372;4217)
(418;373;4234)
(418;373;4234)
(418;374;4250)
(418;375;4250)
(418;376;4250)
(418;377;4265)
(418;379;4265)
(418;380;4283)
(418;381;4283)
(418;383;4300)
(417;384;4300)
(417;385;4316)
(417;386;4316)
(416;388;4317)
(416;388;4332)
(416;390;4349)
(416;391;4349)
(416;393;4366)
(415;394;4367)
(415;395;4383)
(415;396;4384)
(415;397;4400)
(415;398;4400)
(414;399;4400)
(414;401;4416)
(414;402;4416)
(414;403;4433)
(413;405;4434)
(413;406;4449)
(413;407;4449)
(413;408;4466)
(413;409;4467)
(413;410;4483)
(413;411;4483)
(412;412;4499)
(412;413;4500)
(412;414;4500)
(412;415;4516)
(412;415;4516)
(412;416;4532)
(412;416;4532)
(412;417;4549)
(412;418;4550)
(412;419;4550)
(411;419;4566)
(411;419;4566)
(411;420;4582)
(411;420;4582)
(411;420;4600)
(411;421;4600)
(411;421;4616)
(411;422;4616)
(411;423;4617)
(411;423;4633)
(411;424;4633)
(411;424;4650)
(411;425;4650)
(410;425;4666)
(410;426;4667)
(410;426;4682)
(410;426;4683)
(410;427;4700)
(410;427;4700)
(410;427;4716)
(409;428;4716)
(409;429;4716)
(409;429;4733)
(409;430;4733)
(409;430;4749)
(409;430;4749)
(409;431;4767)
(409;431;4767)
(409;431;4783)
(409;432;4784)
(409;433;4784)
(408;433;4800)
(408;434;4800)
(408;435;4816)
(408;436;4816)
(407;436;4832)
(407;437;4832)
(407;438;4850)
(407;438;4851)
(407;438;4851)
(407;438;4867)
(407;439;4867)
(407;439;4883)
(407;439;4884)
(406;439;4900)
(406;440;4900)
(406;440;4916)
(406;440;4917)
(406;441;4917)
(406;441;4933)
(406;441;4933)
(406;442;4949)
(406;442;4949)
(406;442;4967)
(406;443;4967)
(405;443;4967)
(405;443;4983)
(405;444;4983)
(405;444;5000)
(405;444;5001)
(405;444;5017)
(405;445;5017)
(405;445;5033)
(406;445;5034)
(406;446;5049)
(406;447;5049)
(406;447;5066)
(407;448;5067)
(407;449;5083)
(408;450;5083)
(408;451;5099)
(408;451;5100)
(408;452;5100)
(409;453;5116)
(409;454;5116)
(409;455;5133)
(410;456;5133)
(410;456;5150)
(410;457;5150)
(411;458;5150)
(411;458;5166)
(411;459;5166)
(412;460;5184)
(412;461;5184)
(413;462;5200)
(413;463;5200)
(413;464;5216)
(414;465;5216)
(414;466;5233)
(415;467;5233)
(415;468;5233)
(416;469;5249)
(416;471;5250)
(417;472;5267)
(417;473;5267)
(418;474;5267)
(418;475;5284)
(418;476;5284)
(419;477;5300)
(419;478;5300)
(420;479;5316)
(420;481;5316)
(420;482;5333)
(421;483;5334)
(422;485;5350)
(422;486;5350)
(422;487;5366)
(423;488;5367)
(423;489;5383)
(424;490;5383)
(424;490;5383)
(424;491;5400)
(424;491;5400)
(424;492;5417)
(425;492;5417)
(425;493;5433)
(425;493;5433)
(425;493;5449)
(425;493;5450)
(425;494;5450)
(425;494;5466)
(425;495;5466)
(426;495;5483)
(426;495;5484)
(426;496;5500)
(426;496;5500)
(426;496;5516)
(426;496;5516)
(426;496;5516)
(426;496;5533)
(426;497;5533)
(427;497;5550)
(427;497;5550)
(427;497;5567)
(427;497;5567)
(427;498;5583)
(427;498;5583)
(428;498;5600)
(428;499;5601)
(428;499;5601)
(429;500;5616)
(429;500;5616)
(429;500;5633)
(430;501;5633)
(430;501;5649)
(430;501;5649)
(430;501;5666)
(430;502;5666)
(431;502;5683)
(431;503;5683)
(432;504;5699)
(433;505;5700)
(433;506;5700)
(434;507;5717)
(435;508;5717)
(435;508;5732)
(436;509;5733)
(436;510;5749)
(437;510;5749)
(437;511;5749)
(438;511;5767)
(438;512;5767)
(438;512;5782)
(439;513;5783)
(439;513;5799)
(440;514;5799)
(440;515;5815)
(440;515;5816)
(441;516;5816)
(441;516;5832)
(441;517;5833)
(441;517;5850)
(442;518;5850)
(442;518;5866)
(443;519;5898)
(443;520;5898)
(444;520;5898)
(444;521;5898)
(444;522;5914)
(445;522;5915)
(445;522;5931)
(445;523;5931)
(445;523;5932)
(445;523;5948)
(446;523;5948)
(446;523;5965)
(446;523;5965)
(446;523;5981)
(446;524;5982)
(446;524;5999)
(446;524;5999)
(447;525;5999)
(447;525;6015)
(447;525;6015)
(447;526;6031)
(447;526;6032)
(447;526;6048)
(447;526;6048)
(447;526;6048)
(447;527;6064)
(447;527;6064)
(447;528;6082)
(447;528;6082)
(447;529;6098)
(447;529;6098)
(447;529;6114)
(447;529;6115)
(447;529;6131)
(447;530;6131)
(447;530;6148)
(447;530;6148)
(447;530;6148)
(447;530;6164)
(447;531;6165)
(447;531;6181)
(447;531;6181)
(447;532;6197)
(447;532;6198)
(446;532;6214)
(446;533;6214)
(446;533;6231)
(446;534;6231)
(446;534;6231)
(445;535;6248)
(445;535;6248)
(445;536;6264)
(444;536;6265)
(444;537;6282)
(444;537;6282)
(444;537;6298)
(444;537;6298)
(444;537;6315)
(444;537;6315)
(444;538;6331)
(444;538;6331)
(444;538;6348)
(443;538;6348)
(443;538;6348)
(443;539;6364)
(443;539;6364)
(443;539;6382)
(443;539;6382)
(443;539;6398)
(443;539;6398)
(443;540;6415)
(443;540;6415)
(443;540;6431)
(443;540;6431)
(443;540;6431)
(443;541;6448)
(444;541;6448)
(444;541;6464)
(444;542;6464)
(444;542;6481)
(445;542;6481)
(445;543;6498)
(445;543;6499)
(446;543;6515)
(446;544;6515)
(446;544;6515)
(446;545;6531)
(447;545;6531)
(447;546;6548)
(447;546;6548)
(447;546;6564)
(447;546;6564)
(447;546;6581)
(447;546;6581)
(448;547;6598)
(448;547;6598)
(448;547;6614)
(448;548;6615)
(449;548;6631)
(449;549;6631)
(449;549;6648)
(449;549;6648)
(449;549;6649)
(449;550;6664)
(450;550;6664)
(450;550;6681)
(450;550;6681)
(450;550;6698)
(451;550;6698)
(451;550;6782)
(451;551;6782)
(451;551;6782)
(452;551;6783)
(452;551;6783)
(452;552;6783)
(452;552;6783)
(452;553;6783)
(452;553;6783)
(453;556;6843)
(452;556;6844)
(452;557;6859)
(451;558;6859)
(451;559;6876)
(451;560;6876)
(450;560;6893)
(450;560;6893)
(450;561;6910)
(450;561;6910)
(450;561;6926)
(450;561;6927)
(450;561;6942)
(450;561;6943)
(450;561;6960)
(450;561;6960)
(450;562;6960)
(450;562;6976)
(450;562;6976)
(450;563;6992)
(450;563;6993)
(449;564;7009)
(449;564;7009)
(449;565;7009)
(449;565;7025)
(449;565;7025)
(449;566;7043)
(449;566;7043)
(449;566;7059)
(449;566;7059)
(449;567;7076)
(449;567;7076)
(449;567;7093)
(449;568;7093)
(449;568;7109)
(449;568;7109)
(449;568;7127)
(449;568;7127)
(449;568;7127)
(449;568;7143)
(449;569;7159)
(449;569;7160)
(449;569;7160)
(449;569;7176)
(449;570;7176)
(450;570;7192)
(450;570;7192)
(450;571;7209)
(450;571;7210)
(450;571;7226)
(451;572;7226)
(451;572;7243)
(451;572;7243)
(452;573;7260)
(452;573;7260)
(452;573;7261)
(452;573;7277)
(452;573;7277)
(452;573;7293)
(452;573;7293)
(453;573;7309)
(453;573;7309)
(453;573;7310)
(453;573;7325)
(453;573;7325)
(453;573;7342)
(453;573;7343)
(453;573;7360)
(453;573;7360)
(453;573;7375)
(453;573;7376)
(453;573;7376)
(453;573;7392)
(453;573;7392)
(453;573;7409)
(453;573;7425)
(453;573;7425)
(453;573;7442)
(453;573;7443)
(453;573;7460)
(453;573;7460)
(453;573;7460)
(453;573;7476)
(453;573;7476)
(453;573;7496)
(453;573;7496)
(453;573;7496)
(453;573;7513)
(453;573;7513)
(453;573;7529)
(453;573;7530)
(453;573;7545)
(453;573;7546)
(453;573;7563)
(453;573;7563)
(453;573;7580)
(453;573;7580)
(453;573;7580)
(453;573;7597)
(453;573;7597)
(453;573;7612)
(453;573;7613)
(453;573;7630)
(453;573;7630)
(453;573;7646)
(453;572;7646)
(453;570;7663)
