(325;456;0)
(325;454;182)
(325;454;199)
(325;454;200)
(325;453;215)
(325;453;216)
(324;452;248)
(324;452;249)
(324;452;249)
(324;452;265)
(324;451;265)
(324;451;282)
(323;450;282)
(323;450;282)
(323;449;298)
(323;448;298)
(322;448;315)
(322;447;315)
(321;446;331)
(321;446;332)
(320;445;348)
(320;445;364)
(320;444;365)
(320;444;381)
(319;444;382)
(319;444;382)
(319;444;399)
(319;443;399)
(319;443;415)
(318;443;416)
(318;442;432)
(317;442;433)
(317;442;448)
(317;441;448)
(317;441;465)
(316;441;466)
(316;441;466)
(316;440;481)
(315;440;482)
(315;440;498)
(314;439;499)
(314;439;515)
(314;439;515)
(313;439;532)
(313;438;532)
(313;438;549)
(313;438;549)
(312;438;565)
(312;438;566)
(312;437;581)
(312;437;582)
(311;437;582)
(311;437;598)
(311;436;598)
(311;436;615)
(310;436;616)
(310;436;631)
(310;435;632)
(310;435;648)
(309;435;649)
(309;435;665)
(309;434;665)
(309;434;665)
(309;434;681)
(309;434;699)
(308;434;699)
(308;434;699)
(308;433;715)
(308;433;716)
(308;433;732)
(308;433;732)
(307;433;749)
(307;432;749)
(307;432;749)
(307;432;765)
(307;432;765)
(307;432;782)
(307;431;782)
(307;431;799)
(306;431;799)
(306;431;815)
(306;431;815)
(306;430;815)
(306;430;832)
(306;430;832)
(306;430;848)
(306;429;849)
(305;429;866)
(305;429;866)
(305;428;881)
(305;428;882)
(305;428;882)
(305;428;899)
(305;427;899)
(305;427;915)
(305;427;916)
(305;427;932)
(305;427;932)
(305;427;949)
(305;426;949)
(305;426;965)
(305;425;966)
(305;425;982)
(305;424;983)
(305;424;983)
(305;423;999)
(305;422;999)
(305;422;1015)
(305;421;1016)
(305;420;1032)
(305;420;1049)
(305;420;1049)
(305;419;1065)
(305;419;1066)
(305;419;1066)
(305;419;1082)
(305;418;1082)
(305;418;1098)
(305;418;1099)
(305;418;1115)
(305;417;1115)
(305;417;1115)
(305;417;1133)
(305;416;1133)
(305;416;1149)
(305;415;1149)
(306;415;1166)
(306;414;1166)
(306;414;1182)
(306;414;1182)
(306;414;1215)
(306;414;1216)
(306;414;1216)
(306;414;1216)
(306;413;1232)
(306;413;1232)
(306;413;1249)
(306;413;1249)
(306;413;1266)
(306;413;1266)
(307;413;1266)
(307;413;1282)
(307;413;1282)
(307;412;1298)
(307;412;1299)
(307;412;1315)
(308;411;1315)
(308;410;1333)
(308;410;1333)
(309;409;1348)
(309;409;1349)
(309;409;1381)
(309;409;1383)
(309;408;1399)
(309;408;1400)
(310;407;1400)
(310;405;1435)
(311;405;1435)
(311;404;1435)
(311;404;1451)
(311;403;1474)
(311;403;1474)
(311;402;1474)
(311;402;1491)
(311;402;1492)
(312;402;1507)
(312;402;1536)
(312;402;1536)
(312;402;1536)
(312;402;1536)
(312;401;1537)
(312;401;1553)
(312;401;1553)
(312;401;1570)
(312;400;1570)
(313;400;1586)
(313;400;1587)
(313;399;1603)
(314;399;1603)
(314;399;1603)
(314;399;1620)
(315;398;1620)
(315;398;1637)
(315;398;1637)
(316;398;1653)
(316;398;1653)
(317;398;1653)
(317;398;1669)
(318;398;1670)
(318;398;1686)
(318;397;1686)
(319;397;1703)
(319;397;1703)
(320;397;1720)
(321;397;1720)
(321;397;1736)
(321;397;1737)
(322;396;1754)
(322;396;1754)
(323;396;1754)
(323;396;1769)
(323;396;1770)
(323;396;1787)
(324;396;1787)
(324;396;1803)
(325;396;1804)
(325;396;1819)
(325;396;1819)
(326;396;1837)
(326;396;1837)
(326;396;1837)
(327;396;1853)
(327;396;1853)
(328;396;1869)
(328;396;1869)
(328;396;1887)
(329;396;1888)
(329;395;1903)
(330;395;1903)
(330;395;1903)
(330;395;1920)
(331;395;1920)
(331;395;1936)
(331;395;1936)
(332;394;1954)
(332;394;1955)
(332;394;1955)
(333;394;1971)
(333;394;1971)
(334;394;1988)
(334;394;1989)
(335;393;2022)
(335;393;2023)
(335;393;2023)
(335;392;2024)
(336;392;2039)
(336;392;2039)
(337;391;2072)
(337;391;2073)
(337;391;2073)
(338;390;2089)
(338;390;2089)
(338;390;2090)
(338;390;2106)
(338;390;2106)
(339;389;2123)
(339;389;2124)
(340;388;2157)
(340;388;2157)
(340;388;2158)
(341;387;2158)
(342;387;2174)
(342;387;2174)
(342;386;2190)
(342;386;2190)
(343;386;2207)
(343;386;2207)
(343;386;2224)
(344;385;2225)
(344;385;2240)
(344;385;2258)
(345;385;2258)
(345;385;2258)
(345;384;2275)
(346;384;2275)
(346;384;2290)
(346;384;2291)
(347;384;2307)
(347;384;2307)
(347;383;2324)
(348;383;2325)
(348;383;2325)
(348;383;2341)
(348;383;2341)
(348;383;2358)
(349;382;2358)
(349;382;2374)
(349;382;2374)
(349;382;2374)
(350;382;2391)
(351;381;2391)
(351;381;2407)
(352;380;2407)
(352;380;2424)
(352;380;2424)
(352;380;2441)
(353;379;2441)
(353;379;2442)
(353;379;2457)
(354;379;2458)
(354;378;2474)
(355;378;2474)
(355;378;2491)
(355;378;2491)
(356;377;2507)
(356;377;2507)
(357;377;2525)
(358;376;2525)
(358;376;2540)
(359;376;2557)
(360;375;2574)
(360;375;2574)
(362;374;2574)
(363;374;2591)
(363;373;2591)
(364;373;2607)
(364;373;2608)
(365;372;2625)
(365;372;2625)
(366;372;2625)
(366;371;2640)
(367;371;2640)
(367;371;2658)
(367;371;2658)
(367;371;2674)
(367;371;2675)
(367;371;2675)
(368;371;2691)
(368;371;2692)
(368;371;2707)
(369;371;2707)
(369;370;2724)
(370;370;2724)
(370;370;2740)
(371;370;2741)
(371;370;2758)
(372;370;2758)
(372;370;2758)
(372;370;2774)
(372;370;2774)
(373;369;2791)
(373;369;2791)
(374;369;2807)
(374;369;2808)
(375;369;2824)
(376;369;2824)
(376;369;2841)
(377;369;2841)
(378;369;2841)
(378;369;2858)
(378;369;2858)
(379;369;2874)
(379;369;2875)
(379;369;2891)
(380;369;2892)
(380;369;2908)
(380;369;2908)
(381;369;2924)
(381;369;2924)
(382;369;2924)
(383;369;2941)
(384;369;2941)
(384;370;2957)
(385;370;2958)
(386;370;2974)
(386;370;2974)
(387;370;2974)
(388;371;2991)
(388;371;2991)
(389;371;3007)
(389;371;3007)
(390;371;3025)
(391;371;3025)
(392;371;3040)
(392;371;3057)
(392;371;3058)
(393;371;3058)
(394;372;3075)
(395;372;3075)
(396;372;3091)
(396;372;3091)
(397;372;3108)
(397;372;3108)
(398;372;3125)
(398;372;3125)
(399;372;3141)
(399;372;3142)
(400;372;3142)
(400;373;3157)
(401;373;3158)
(401;373;3174)
(402;373;3174)
(402;373;3191)
(402;373;3192)
(403;373;3208)
(404;373;3209)
(404;373;3224)
(405;373;3225)
(405;373;3225)
(406;373;3242)
(407;373;3242)
(407;373;3258)
(408;373;3258)
(408;373;3274)
(409;374;3275)
(410;374;3275)
(411;374;3291)
(411;374;3291)
(412;374;3307)
(413;374;3308)
(413;374;3324)
(414;374;3324)
(415;374;3341)
(415;374;3342)
(416;374;3342)
(416;374;3357)
(417;375;3358)
(417;375;3374)
(417;375;3374)
(417;375;3392)
(418;375;3392)
(418;375;3407)
(418;375;3407)
(418;375;3425)
(419;375;3425)
(419;375;3440)
(419;375;3441)
(419;375;3458)
(419;375;3458)
(420;374;3458)
(420;374;3474)
(420;374;3474)
(421;374;3491)
(421;374;3491)
(422;374;3508)
(422;373;3509)
(423;373;3524)
(423;373;3525)
(424;372;3525)
(424;372;3541)
(425;372;3542)
(425;371;3558)
(425;371;3558)
(426;371;3575)
(426;370;3575)
(427;370;3575)
(427;370;3591)
(427;369;3591)
(427;369;3607)
(428;369;3608)
(428;369;3625)
(428;368;3625)
(428;368;3641)
(428;368;3641)
(429;367;3657)
(429;366;3658)
(430;366;3675)
(430;365;3675)
(430;364;3675)
(430;364;3691)
(430;364;3692)
(430;364;3707)
(430;363;3708)
(430;363;3725)
(431;363;3725)
(431;363;3740)
(431;363;3741)
(431;363;3758)
(431;362;3758)
(431;361;3774)
(431;361;3775)
(431;360;3791)
(432;360;3792)
(432;359;3807)
(432;359;3808)
(432;358;3824)
(432;357;3825)
(432;357;3825)
(432;356;3841)
(432;356;3841)
(432;356;3857)
(433;355;3858)
(433;355;3874)
(433;354;3874)
(433;354;3874)
(433;354;3891)
(433;353;3891)
(433;353;3908)
(433;352;3908)
(433;352;3925)
(434;352;3925)
(434;351;3941)
(434;351;3942)
(434;351;3942)
(434;351;3957)
(434;350;3958)
(434;350;3974)
(434;350;3991)
(434;350;3991)
(434;350;3991)
(434;349;4008)
(434;349;4008)
(434;348;4024)
(434;348;4024)
(434;347;4041)
(434;347;4042)
(435;346;4042)
(435;346;4057)
(435;345;4058)
(435;344;4075)
(435;344;4075)
(435;343;4091)
(435;343;4091)
(435;343;4108)
(435;343;4108)
(435;343;4125)
(435;343;4125)
(435;342;4125)
(435;342;4140)
(435;342;4140)
(435;342;4158)
(435;342;4158)
(435;342;4174)
(435;342;4174)
(435;342;4174)
(435;341;4190)
(435;341;4191)
(436;340;4208)
(436;339;4208)
(436;339;4225)
(436;338;4225)
(436;338;4241)
(436;338;4241)
(436;338;4241)
(436;338;4257)
(436;338;4258)
(436;337;4273)
(436;337;4291)
(436;337;4291)
(436;337;4291)
(436;337;4308)
(436;336;4308)
(437;336;4325)
(437;335;4325)
(437;335;4325)
(437;335;4341)
(437;335;4358)
(437;334;4358)
(437;334;4358)
(437;334;4375)
(437;334;4375)
(437;333;4391)
(438;333;4392)
(438;332;4407)
(438;332;4407)
(438;331;4424)
(439;331;4425)
(439;331;4425)
(439;330;4441)
(440;330;4442)
(440;330;4458)
(441;329;4458)
(441;329;4475)
(442;328;4475)
(442;328;4475)
(443;328;4491)
(443;327;4492)
(443;327;4507)
(443;327;4508)
(443;327;4524)
(444;327;4525)
(444;326;4540)
(444;326;4541)
(444;326;4557)
(444;326;4558)
(444;326;4558)
(444;325;4574)
(445;325;4574)
(445;325;4591)
(446;325;4591)
(446;324;4607)
(447;324;4607)
(447;324;4624)
(448;324;4625)
(449;323;4641)
(449;323;4641)
(450;323;4641)
(450;323;4657)
(450;323;4658)
(450;322;4674)
(451;322;4675)
(451;322;4691)
(451;322;4691)
(452;322;4708)
(452;322;4708)
(453;322;4724)
(453;321;4725)
(454;321;4725)
(454;321;4741)
(455;320;4741)
(455;320;4757)
(456;320;4758)
(456;320;4774)
(457;320;4774)
(458;319;4775)
(458;319;4790)
(459;319;4791)
(459;319;4808)
(459;319;4808)
(460;319;4824)
(460;318;4824)
(461;318;4840)
(461;318;4841)
(461;318;4841)
(462;318;4858)
(462;318;4858)
(463;317;4875)
(464;317;4875)
(465;317;4892)
(466;316;4892)
(467;316;4907)
(468;315;4908)
(468;315;4925)
(469;315;4925)
(470;315;4940)
(471;314;4941)
(471;314;4958)
(472;314;4958)
(472;314;4973)
(472;314;4974)
(473;313;4991)
(473;313;4991)
(473;313;5007)
(474;313;5007)
(475;313;5023)
(476;313;5024)
(477;312;5024)
(477;312;5042)
(479;312;5058)
(479;312;5058)
(480;312;5074)
(481;311;5075)
(481;311;5075)
(482;311;5091)
(483;311;5091)
(484;311;5108)
(485;310;5109)
(486;310;5124)
(486;310;5124)
(487;310;5140)
(487;310;5141)
(488;310;5158)
(488;310;5158)
(489;309;5159)
(489;309;5175)
(489;309;5175)
(489;309;5190)
(490;309;5191)
(491;309;5208)
(491;309;5208)
(492;309;5224)
(493;308;5224)
(493;308;5242)
(494;308;5242)
(494;308;5242)
(494;308;5257)
(495;308;5258)
(495;308;5274)
(495;308;5275)
(496;307;5291)
(497;307;5291)
(497;307;5308)
(497;306;5308)
(498;306;5324)
(498;306;5324)
(499;305;5341)
(499;305;5342)
(499;305;5358)
(499;305;5359)
(499;305;5374)
(499;304;5375)
(500;304;5375)
(500;304;5391)
(500;304;5391)
(500;303;5407)
(501;303;5408)
(501;302;5424)
(501;302;5424)
(501;301;5440)
(501;301;5441)
(502;301;5457)
(502;300;5458)
(502;299;5458)
(502;299;5474)
(502;299;5475)
(502;298;5491)
(503;298;5491)
(503;298;5508)
(503;297;5508)
(503;297;5524)
(503;296;5525)
(503;296;5541)
(504;295;5541)
(504;295;5541)
(504;295;5557)
(504;295;5558)
(504;294;5574)
(504;294;5574)
(504;294;5590)
(504;294;5590)
(504;293;5607)
(504;293;5607)
(504;292;5624)
(504;292;5625)
(504;291;5625)
(504;291;5640)
(505;291;5640)
(505;290;5658)
(505;290;5658)
(505;290;5674)
(505;290;5675)
(505;289;5675)
(505;289;5691)
(505;289;5691)
(505;288;5707)
(506;288;5707)
(506;288;5724)
(506;287;5725)
(507;287;5741)
(507;286;5741)
(508;286;5741)
(508;286;5757)
(509;286;5758)
(509;286;5774)
(509;286;5775)
(510;285;5790)
(510;285;5791)
(510;285;5807)
(510;285;5808)
(511;285;5824)
(511;285;5824)
(511;285;5841)
(512;285;5841)
(512;285;5841)
(512;285;5858)
(513;285;5858)
(513;285;5874)
(513;285;5875)
(514;285;5891)
(514;285;5891)
(514;285;5907)
(515;285;5908)
(516;286;5924)
(516;286;5924)
(517;286;5941)
(517;286;5941)
(517;286;5958)
(518;286;5958)
(518;286;5974)
(519;286;5974)
(519;286;5974)
(519;286;5990)
(519;286;5990)
(520;287;6007)
(520;287;6008)
(520;287;6024)
(520;287;6025)
(520;287;6040)
(520;287;6041)
(520;287;6058)
(521;287;6058)
(521;287;6058)
(521;287;6074)
(521;287;6075)
(521;286;6090)
(521;286;6090)
(522;286;6107)
(522;286;6108)
(522;286;6124)
(522;286;6124)
(522;286;6141)
(522;286;6142)
(523;286;6142)
(523;285;6158)
(523;285;6158)
(523;285;6175)
(523;284;6175)
(524;284;6196)
(524;284;6197)
(524;283;6197)
(524;282;6214)
(525;282;6214)
(525;281;6230)
(525;281;6230)
(525;280;6247)
(525;280;6247)
(525;279;6264)
(526;278;6264)
(526;278;6280)
(526;277;6281)
(526;276;6297)
(526;276;6298)
(526;275;6314)
(526;274;6314)
(526;273;6314)
(526;272;6330)
(526;271;6331)
(526;271;6347)
(526;270;6348)
(526;270;6364)
(526;269;6364)
(526;269;6381)
(526;268;6381)
(526;268;6397)
(526;267;6398)
(526;267;6398)
(526;266;6414)
(526;266;6414)
(526;266;6431)
(526;266;6431)
(526;266;6447)
(526;266;6447)
(526;265;6463)
(526;265;6463)
(526;265;6480)
(526;265;6481)
(526;265;6497)
(526;265;6497)
(526;264;6516)
(525;263;6516)
(525;263;6533)
(525;262;6533)
(525;262;6550)
(525;262;6550)
(525;262;6566)
(525;262;6567)
(525;262;6583)
(525;262;6583)
(525;262;6583)
(525;262;6599)
(525;262;6600)
(525;262;6616)
(525;262;6617)
(525;262;6633)
(525;262;6633)
(525;262;6633)
(525;262;6649)
(525;262;6649)
(525;262;6667)
(525;262;6667)
(525;262;6683)
(525;262;6684)
(525;262;6700)
(525;262;6701)
(525;262;6716)
(525;262;6716)
(525;262;6732)
(525;262;6733)
(525;262;6749)
(525;262;6749)
(525;262;6750)
(525;262;6767)
(525;262;6767)
(526;262;6783)
(526;262;6783)
(526;262;6800)
(526;262;6800)
(526;262;6815)
(526;261;6816)
(526;261;6816)
(526;261;6833)
(526;261;6833)
(526;261;6849)
(526;261;6850)
(527;260;6866)
(527;259;6867)
(528;259;6883)
(528;258;6883)
(529;257;6883)
(529;257;6900)
(529;256;6900)
(530;255;6916)
(530;255;6916)
(530;254;6934)
(531;253;6934)
(531;252;6934)
(531;252;6950)
(532;251;6950)
(532;251;6966)
(532;250;6966)
(533;249;6983)
(533;249;6983)
(533;248;6999)
(534;247;7017)
(534;247;7017)
(534;247;7017)
(534;246;7033)
(534;246;7049)
(534;246;7050)
(534;246;7050)
(535;245;7065)
(535;245;7066)
(535;245;7083)
(535;244;7084)
(535;243;7099)
(536;243;7100)
(536;242;7116)
(536;242;7116)
(536;242;7117)
(536;241;7133)
(537;240;7133)
(537;239;7150)
(537;238;7151)
(537;237;7166)
(537;236;7167)
(537;235;7183)
(538;235;7183)
(538;234;7200)
(538;234;7200)
(538;234;7217)
(538;233;7217)
(539;233;7233)
(539;233;7233)
(539;232;7233)
(540;231;7249)
(540;231;7249)
(541;230;7266)
(541;229;7267)
(542;229;7283)
(542;228;7284)
(543;227;7299)
(544;226;7316)
(544;225;7317)
(545;225;7333)
(546;224;7333)
(547;223;7334)
(548;222;7351)
(548;222;7351)
(549;221;7367)
(550;221;7367)
(551;220;7384)
(552;220;7384)
(553;219;7401)
(553;219;7401)
(554;218;7401)
(555;218;7418)
(555;218;7419)
(556;218;7434)
(556;217;7434)
(557;217;7451)
(557;216;7451)
(558;216;7467)
(558;216;7468)
(559;215;7484)
(559;215;7484)
(560;215;7501)
(560;214;7501)
(561;214;7518)
(561;214;7518)
(562;213;7534)
(562;213;7535)
(562;213;7535)
(563;212;7551)
(563;212;7551)
(563;212;7567)
(563;212;7567)
(563;212;7585)
(564;212;7585)
(564;211;7602)
(564;211;7602)
(564;211;7602)
(564;211;7618)
(565;211;7618)
(565;210;7634)
(565;210;7634)
(566;210;7651)
(566;210;7651)
(566;209;7668)
(566;209;7668)
(567;208;7685)
(567;208;7685)
(567;208;7685)
(567;208;7701)
(567;207;7701)
(568;207;7718)
(568;206;7718)
(568;206;7734)
(568;206;7735)
(568;205;7751)
(568;205;7752)
(568;205;7767)
(568;204;7767)
(568;204;7784)
(569;203;7801)
(569;202;7830)
(569;202;7830)
(569;202;7830)
(569;201;7830)
(569;201;7846)
(569;201;7847)
(569;201;7847)
(569;201;7863)
(569;201;7864)
(569;201;7880)
(569;201;7881)
(569;201;7881)
(569;201;7897)
(569;201;7898)
(569;201;7913)
(569;201;7914)
(569;200;7930)
(569;200;7931)
(569;200;7948)
(569;200;7948)
(569;200;7964)
(569;200;7964)
(569;200;7964)
(569;200;7979)
(569;200;7980)
(569;200;7997)
(569;200;7998)
(569;200;8014)
(569;200;8014)
(569;200;8015)
(569;200;8030)
(569;200;8030)
(569;200;8047)
(569;200;8047)
(569;200;8064)
(569;200;8065)
(569;200;8081)
(569;200;8081)
(569;200;8081)
(569;200;8096)
(569;200;8114)
(569;200;8114)
(569;200;8114)
(569;200;8131)
(569;200;8131)
(569;200;8148)
(569;200;8148)
(569;200;8163)
(569;200;8164)
(569;200;8180)
(569;200;8181)
(569;200;8196)
(569;200;8197)
(569;200;8197)
(569;200;8214)
(569;200;8214)
(569;200;8230)
(569;200;8230)
(569;200;8247)
(569;200;8247)
(569;200;8264)
(569;200;8264)
(569;200;8264)
(569;200;8281)
(569;200;8281)
(569;200;8297)
(569;200;8297)
(569;200;8314)
(569;199;8315)
(569;199;8315)
(569;199;8330)
(569;199;8347)
(569;199;8347)
(569;199;8347)
(570;199;8364)
(570;199;8364)
(570;199;8380)
(570;199;8380)
(570;199;8397)
(570;199;8398)
(570;199;8398)
(570;199;8414)
(570;199;8415)
(570;199;8431)
(570;199;8431)
(570;199;8447)
(570;199;8447)
(570;199;8464)
(570;199;8465)
(570;199;8481)
(570;199;8481)
(570;199;8481)
(570;199;8498)
(570;199;8498)
(570;199;8514)
(570;199;8514)
(570;199;8531)
(570;199;8531)
(570;199;8547)
(570;199;8547)
(570;199;8564)
(570;199;8564)
(570;199;8564)
(570;199;8581)
(570;199;8581)
(570;199;8597)
(570;199;8597)
(570;199;8613)
(570;199;8614)
(570;199;8614)
(570;199;8631)
(570;199;8631)
(570;199;8647)
(570;199;8647)
(570;199;8664)
(570;199;8664)
(570;199;8680)
(570;199;8681)
(570;199;8697)
(570;199;8697)
(570;199;8697)
(570;199;8714)
(570;199;8714)
(570;199;8731)
(570;199;8731)
(570;198;8747)
(570;198;8747)
(570;198;8763)
(570;198;8764)
(570;198;8780)
(570;198;8780)
(570;198;8797)
(570;198;8797)
(570;198;8797)
(570;198;8814)
(570;198;8815)
(571;198;8830)
(571;198;8830)
(572;198;8847)
(572;197;8847)
(572;197;8864)
(572;197;8865)
(573;197;8865)
(573;197;8882)
(573;197;8882)
(573;197;8899)
(573;197;8900)
(573;197;8916)
(573;197;8916)
(573;197;8916)
(573;197;8932)
(573;197;8933)
(573;197;8954)
(573;197;8954)
(573;197;8954)
(573;197;8971)
(573;197;9007)
(573;196;9007)
(573;196;9007)
(573;196;9023)
(573;196;9023)
(573;196;9039)
(573;196;9039)
(573;196;9057)
(573;196;9057)
(573;196;9057)
(573;196;9073)
(573;196;9074)
(573;196;9089)
(573;195;9089)
(573;195;9106)
(574;195;9107)
(574;194;9123)
(574;194;9123)
(574;193;9139)
(574;193;9140)
(575;192;9156)
(575;192;9156)
(575;192;9156)
(575;191;9173)
(575;191;9174)
(575;191;9190)
(575;191;9190)
(575;191;9207)
(575;191;9207)
(575;190;9223)
(575;190;9223)
(575;190;9223)
(575;190;9239)
(576;190;9240)
(576;190;9257)
(576;190;9257)
(576;190;9273)
(576;190;9273)
(576;190;9273)
(576;189;9290)
(576;189;9290)
(577;189;9307)
(577;189;9307)
(577;189;9323)
(577;188;9323)
(577;188;9340)
(577;188;9340)
(577;188;9356)
(577;187;9357)
(577;187;9373)
(578;187;9373)
(578;187;9374)
(578;186;9389)
(578;186;9390)
(578;186;9407)
(578;186;9407)
(578;186;9423)
(578;185;9424)
(578;185;9440)
(578;185;9440)
(578;185;9457)
(578;185;9457)
(578;185;9457)
(578;185;9472)
(578;185;9490)
(578;185;9507)
(578;184;9507)
(579;184;9523)
(579;184;9523)
(579;184;9523)
(579;184;9540)
(579;184;9540)
(579;183;9557)
(579;183;9557)
(579;183;9573)
(579;182;9574)
(580;182;9574)
(580;182;9589)
(580;181;9589)
(581;181;9606)
(581;180;9606)
(581;180;9623)
(581;179;9623)
(582;179;9640)
(582;179;9640)
(582;179;9656)
(582;178;9657)
(582;178;9657)
(583;178;9673)
(583;177;9673)
(583;177;9689)
(584;176;9689)
(585;176;9707)
(585;175;9707)
(586;174;9723)
(587;174;9739)
(587;174;9740)
(587;173;9757)
(587;173;9757)
(588;173;9757)
(588;172;9773)
(589;172;9774)
(589;172;9790)
(589;171;9790)
(590;171;9807)
(590;170;9807)
(590;170;9823)
(590;170;9823)
(591;169;9823)
(591;169;9840)
(591;169;9840)
(591;168;9856)
(592;168;9856)
(592;168;9873)
(592;167;9873)
(592;166;9873)
(593;166;9889)
(593;165;9889)
(593;164;9906)
(594;164;9906)
(594;164;9923)
(594;163;9923)
(594;163;9940)
(594;162;9940)
(594;162;9956)
(594;161;9999)
(594;161;10000)
(594;160;10000)
(594;160;10000)
(594;160;10000)
(594;159;10001)
(594;158;10001)
(595;156;10036)
(595;156;10036)
(595;155;10036)
(595;155;10051)
(595;154;10051)
(595;154;10069)
(595;154;10069)
(595;154;10069)
(595;153;10086)
(595;153;10086)
(595;153;10102)
(595;152;10102)
(595;152;10119)
(595;151;10119)
(595;150;10135)
(595;149;10136)
(595;148;10152)
(595;147;10153)
(595;146;10153)
(595;145;10168)
(595;145;10185)
(595;144;10186)
(595;143;10186)
(595;142;10203)
(595;141;10203)
(595;141;10219)
(595;140;10219)
(595;139;10235)
(594;138;10236)
(594;137;10236)
(594;137;10252)
(594;137;10253)
(594;137;10268)
(594;137;10268)
(594;136;10286)
(594;136;10286)
(594;136;10302)
(594;136;10302)
(594;136;10302)
(594;136;10319)
(594;135;10319)
(594;135;10335)
(594;135;10335)
(593;134;10352)
(593;134;10352)
(593;134;10368)
(593;133;10369)
(593;133;10369)
(592;132;10385)
(592;131;10386)
(592;131;10402)
(591;130;10403)
(591;130;10419)
(591;130;10419)
(591;129;10435)
(591;129;10435)
(591;129;10452)
(590;128;10453)
(590;128;10469)
(590;127;10469)
(590;127;10469)
(589;126;10486)
(589;126;10486)
(589;125;10502)
(589;125;10502)
(588;124;10518)
(588;124;10518)
(588;124;10535)
(588;124;10535)
(588;124;10535)
(588;124;10553)
(588;124;10553)
(588;123;10569)
(587;123;10569)
(587;122;10585)
(587;121;10586)
(587;120;10601)
(587;120;10602)
(586;119;10602)
(586;118;10618)
(586;117;10636)
(586;116;10636)
(586;116;10636)
(586;116;10652)
(586;116;10653)
(586;116;10653)
(586;115;10668)
(586;115;10669)
(586;115;10685)
(586;115;10685)
(586;115;10702)
(586;115;10702)
(586;114;10717)
(586;113;10718)
(586;112;10735)
(586;111;10736)
(586;110;10752)
(586;109;10752)
(586;108;10768)
(586;107;10769)
(586;106;10769)
(586;106;10786)
(586;105;10786)
(586;105;10802)
(586;105;10802)
(586;104;10819)
(586;104;10819)
(586;104;10835)
(586;103;10835)
(586;103;10835)
(586;102;10851)
(586;102;10852)
(586;101;10869)
(586;101;10869)
(586;100;10885)
(586;100;10886)
(586;99;10902)
(586;99;10902)
(586;99;10902)
(586;99;10919)
(586;99;10919)
(586;98;10936)
(586;98;10936)
(586;98;10952)
(586;98;10953)
(586;98;10953)
(585;97;10969)
(585;97;10970)
(584;96;10985)
(584;96;10986)
(584;95;11002)
(583;95;11002)
(583;95;11018)
(583;94;11019)
(583;94;11035)
(583;94;11036)
(583;94;11052)
(583;94;11053)
(583;94;11068)
(583;94;11068)
(582;93;11085)
(582;93;11085)
(582;93;11086)
(582;93;11102)
(582;93;11102)
(582;93;11118)
(581;93;11118)
(581;92;11135)
(581;92;11135)
(581;92;11135)
(581;92;11152)
(581;92;11153)
(581;92;11168)
(581;92;11168)
(580;92;11186)
(580;92;11186)
(580;92;11202)
(580;92;11202)
(579;92;11203)
(579;91;11219)
(578;91;11219)
(577;91;11235)
(577;90;11235)
(576;90;11252)
(576;90;11252)
(575;90;11268)
(575;89;11268)
(575;89;11285)
(575;89;11286)
(574;89;11286)
(574;89;11302)
(574;89;11302)
(574;89;11319)
(574;89;11320)
(574;89;11335)
(574;89;11335)
(574;88;11351)
(574;88;11352)
(574;88;11369)
(574;88;11369)
(573;88;11369)
(573;88;11384)
(573;88;11385)
(573;88;11402)
(573;87;11402)
(573;86;11419)
(573;85;11419)
(572;84;11435)
(572;83;11435)
(572;83;11435)
(572;83;11453)
(572;83;11453)
(572;83;11468)
(572;83;11468)
(572;83;11485)
(572;83;11485)
(572;82;11502)
(572;82;11503)
(573;82;11503)
(573;81;11519)
(574;80;11519)
(574;79;11535)
(575;79;11535)
(575;78;11552)
(576;78;11552)
(576;78;11568)
(577;77;11568)
(577;77;11584)
(578;77;11584)
(579;76;11602)
(579;76;11602)
(580;76;11602)
(580;75;11619)
(581;75;11619)
(581;75;11635)
(582;74;11635)
(582;74;11651)
(583;74;11652)
(583;74;11669)
(584;73;11669)
(584;73;11669)
(585;73;11685)
(585;72;11685)
(586;72;11701)
(586;72;11701)
(586;72;11718)
(586;72;11719)
(586;72;11735)
(586;72;11735)
(586;72;11735)
(586;72;11752)
(587;72;11752)
(587;71;11768)
(587;71;11768)
(587;71;11784)
(587;71;11785)
(587;71;11801)
(588;71;11802)
(588;71;11802)
(588;71;11818)
(588;71;11819)
(589;70;11835)
(589;70;11835)
(589;70;11851)
(590;70;11852)
(590;70;11868)
(590;69;11868)
(590;69;11884)
(590;69;11885)
(590;69;11885)
(591;69;11901)
(591;69;11901)
(591;68;11918)
(592;68;11919)
(592;68;11935)
(593;68;11936)
(593;67;11952)
(593;67;11952)
(594;67;11968)
(594;66;11968)
(595;66;11985)
(595;66;11985)
(596;66;11985)
(596;65;12002)
(596;65;12002)
(597;65;12018)
(598;65;12018)
(598;64;12035)
(599;64;12036)
(599;63;12036)
(600;63;12052)
(600;63;12052)
(600;63;12068)
(601;63;12068)
(601;62;12085)
(602;62;12086)
(602;62;12101)
(602;62;12101)
(603;62;12101)
(603;61;12118)
(604;61;12119)
(604;61;12135)
(605;61;12135)
(605;60;12152)
(606;60;12152)
(606;60;12168)
(607;60;12168)
(607;59;12185)
(608;59;12185)
(608;59;12185)
(609;59;12201)
(609;59;12201)
(610;58;12218)
(611;58;12218)
(611;58;12235)
(612;58;12235)
(612;57;12251)
(613;57;12251)
(613;57;12268)
(614;57;12268)
(614;57;12285)
(615;56;12285)
(615;56;12285)
(616;56;12302)
(616;56;12302)
(617;55;12318)
(617;55;12318)
(617;55;12335)
(618;55;12335)
(618;55;12335)
(618;55;12351)
(618;55;12351)
(619;55;12368)
(619;54;12368)
(619;54;12385)
(619;54;12385)
(620;54;12401)
(620;54;12401)
(620;53;12418)
(620;53;12418)
(620;53;12435)
(620;53;12435)
(621;53;12451)
(621;53;12451)
(621;52;12468)
(621;52;12468)
(621;52;12488)
(621;52;12515)
(621;52;12515)
(622;52;12515)
(622;52;12515)
(622;51;12515)
(622;51;12531)
(622;51;12548)
(622;51;12549)
(622;51;12566)
(622;51;12566)
(622;51;12582)
(622;51;12582)
(622;51;12583)
(622;51;12599)
(622;51;12599)
(622;51;12615)
(622;51;12615)
(622;51;12631)
(622;51;12632)
(622;51;12648)
(622;51;12649)
(622;51;12649)
(622;51;12665)
(622;51;12665)
(622;51;12682)
(622;51;12682)
(622;51;12698)
(622;51;12699)
(622;51;12715)
(622;51;12716)
(622;51;12732)
(622;51;12732)
(622;51;12748)
(622;51;12749)
(622;51;12749)
(622;51;12765)
(622;51;12765)
(622;51;12782)
(622;51;12782)
(622;51;12798)
(622;51;12798)
(622;51;12815)
(622;51;12816)
(622;51;12816)
(622;51;12832)
(622;51;12832)
(622;51;12849)
(622;51;12849)
(622;51;12865)
(622;51;12865)
(622;51;12882)
(622;51;12882)
(622;51;12882)
(622;51;12899)
(622;51;12899)
(622;51;12916)
(622;51;12916)
(622;51;12932)
(622;51;12933)
(622;51;12933)
(622;51;12949)
(622;51;12950)
(622;51;12966)
(622;51;12966)
(622;51;12982)
(622;51;12983)
(622;51;12999)
(622;51;12999)
(622;51;13016)
(622;51;13016)
(623;50;13033)
(623;50;13033)
(623;50;13033)
(624;50;13049)
(624;50;13049)
(625;49;13065)
(625;49;13066)
(626;49;13082)
(626;49;13082)
(626;49;13099)
(627;48;13099)
(627;48;13115)
(627;48;13116)
(627;48;13116)
(628;48;13133)
(628;48;13133)
(628;48;13149)
(628;48;13149)
(628;48;13166)
(628;48;13166)
(629;47;13182)
(629;47;13183)
(630;47;13199)
(631;47;13199)
(632;46;13216)
(632;46;13216)
(633;46;13232)
(633;46;13233)
(634;46;13249)
(634;46;13249)
(634;46;13250)
(634;46;13266)
(634;46;13266)
(634;46;13283)
(634;46;13283)
(634;46;13299)
(634;46;13300)
(634;46;13316)
(634;46;13316)
(634;46;13333)
(634;46;13333)
(634;46;13333)
(634;46;13349)
(634;46;13349)
(634;46;13366)
(634;46;13366)
(634;46;13383)
(634;46;13383)
(634;46;13399)
(634;46;13399)
(634;46;13415)
(634;46;13416)
(634;46;13416)
(634;46;13433)
(634;46;13433)
(634;46;13449)
(634;46;13450)
(634;46;13465)
(634;46;13466)
(634;46;13482)
(634;46;13482)
(634;46;13499)
(634;46;13499)
(634;46;13515)
(634;46;13515)
(634;46;13532)
(634;46;13533)
(634;46;13549)
(634;46;13549)
(634;46;13550)
(634;46;13565)
(634;46;13566)
(634;46;13582)
(634;46;13582)
(634;46;13598)
(634;46;13599)
(634;46;13615)
(634;46;13616)
(634;46;13632)
(634;46;13632)
(634;46;13649)
(634;46;13649)
(634;46;13649)
(634;46;13666)
(634;46;13666)
(634;46;13682)
(634;46;13683)
(634;45;13698)
(634;45;13699)
(634;45;13716)
(634;45;13716)
(634;45;13716)
(635;45;13732)
(635;45;13733)
(635;45;13749)
(635;45;13750)
(635;45;13766)
(636;45;13766)
(636;45;13782)
(637;45;13782)
(637;45;13782)
(637;45;13798)
(638;45;13799)
(638;44;13816)
(639;44;13816)
(639;44;13832)
(640;44;13833)
(640;44;13833)
(641;43;13848)
(641;43;13866)
(642;43;13866)
(642;43;13866)
(642;43;13882)
(642;43;13883)
(643;43;13899)
(643;42;13899)
(644;42;13915)
(645;42;13916)
(645;42;13932)
(646;42;13932)
(646;42;13949)
(647;42;13949)
(647;41;13949)
(648;41;13965)
(648;41;13966)
(649;41;13982)
(649;41;13983)
(650;40;14000)
(650;40;14000)
(650;40;14015)
(651;40;14015)
(651;40;14016)
(651;40;14033)
(651;40;14034)
(651;40;14049)
(651;40;14049)
(652;40;14065)
(652;40;14066)
(652;40;14082)
(652;40;14083)
(652;40;14083)
(652;40;14098)
(652;40;14099)
(652;40;14116)
(652;40;14116)
(652;40;14133)
(652;40;14133)
(652;39;14133)
(652;39;14149)
(653;39;14149)
(653;39;14166)
(653;39;14167)
(654;38;14182)
(654;38;14183)
(655;38;14199)
(655;38;14200)
(655;38;14216)
(656;37;14216)
(657;37;14233)
(657;37;14233)
(658;36;14233)
(659;36;14249)
(659;36;14250)
(660;36;14266)
(660;35;14267)
(660;35;14282)
(661;35;14283)
(661;35;14300)
(662;35;14300)
(662;34;14316)
(662;34;14317)
(663;34;14317)
(663;34;14333)
(663;34;14333)
(664;34;14348)
(664;34;14349)
(665;33;14366)
(665;33;14367)
(666;33;14382)
(667;33;14383)
(667;33;14383)
(668;33;14399)
(668;33;14400)
(668;33;14416)
(669;32;14416)
(669;32;14432)
(670;32;14433)
(670;32;14433)
(671;32;14449)
(671;32;14449)
(671;32;14465)
(672;32;14466)
(672;31;14483)
(673;31;14483)
(673;31;14500)
(674;31;14500)
(674;31;14516)
(675;31;14516)
(675;31;14533)
(676;30;14533)
(676;30;14533)
(676;30;14550)
(677;30;14550)
(677;30;14566)
(677;30;14566)
(677;30;14583)
(678;30;14583)
(678;30;14601)
(678;30;14601)
(681;29;14640)
(681;29;14640)
(681;29;14660)
(683;28;14677)
(684;28;14678)
(684;28;14694)
(685;28;14694)
(686;28;14710)
(686;27;14711)
(687;27;14728)
(688;27;14728)
(689;27;14744)
(690;27;14744)
(690;27;14744)
(691;27;14760)
(692;27;14761)
(693;27;14777)
(694;27;14778)
(694;27;14794)
(695;27;14794)
(696;27;14795)
(697;27;14810)
(698;27;14810)
(699;27;14828)
(700;27;14829)
(701;28;14844)
(702;28;14845)
(704;28;14861)
(705;28;14861)
(705;28;14877)
(706;28;14878)
(706;28;14895)
(707;28;14895)
(707;28;14911)
(707;28;14911)
(707;28;14927)
(708;28;14928)
(708;28;14944)
(708;28;14945)
(709;28;14961)
(709;28;14961)
(710;28;14977)
(710;28;14977)
(711;28;14994)
(711;28;14994)
(712;28;15010)
(713;27;15010)
(713;27;15027)
(713;27;15027)
(714;27;15044)
(714;27;15044)
(714;27;15045)
(714;27;15061)
(715;27;15061)
(715;27;15077)
(715;27;15077)
(716;26;15094)
(716;26;15095)
(717;26;15095)
(717;26;15111)
(718;26;15112)
(719;26;15128)
(719;26;15128)
(720;25;15145)
(720;25;15145)
(721;25;15161)
(722;25;15161)
(722;25;15161)
(723;25;15177)
(723;24;15177)
(723;24;15194)
(724;24;15194)
(724;24;15210)
(724;24;15211)
(725;24;15227)
(725;24;15228)
(726;24;15244)
(726;23;15244)
(726;23;15261)
(727;23;15261)
(727;23;15261)
(727;23;15277)
(727;23;15277)
(727;23;15294)
(727;23;15295)
(727;23;15311)
(727;23;15312)
(728;23;15328)
(728;23;15328)
(729;23;15344)
(729;23;15345)
(730;22;15345)
(730;22;15361)
(731;22;15361)
(732;22;15378)
(732;22;15378)
(733;21;15394)
(734;21;15394)
(735;21;15394)
(735;21;15411)
(736;21;15411)
(737;21;15427)
(737;21;15428)
(738;21;15444)
(739;20;15445)
(739;20;15460)
(740;20;15461)
(740;20;15461)
(741;20;15478)
(742;20;15478)
(742;20;15495)
(743;19;15495)
(743;19;15511)
(744;19;15511)
(744;19;15528)
(744;19;15528)
(745;19;15544)
(745;18;15544)
(746;18;15560)
(746;18;15561)
(747;18;15561)
(748;18;15577)
(748;17;15578)
(749;17;15594)
(750;17;15595)
(750;17;15611)
(751;16;15611)
(751;16;15628)
(752;16;15628)
(752;16;15645)
(753;15;15645)
(753;15;15645)
(753;15;15661)
(754;15;15661)
(754;15;15678)
(754;15;15678)
(754;15;15694)
(755;15;15694)
(755;14;15695)
(755;14;15711)
(756;14;15712)
(756;14;15727)
(757;14;15728)
(757;13;15744)
(757;13;15744)
(758;13;15761)
(758;13;15761)
(759;13;15761)
(759;13;15777)
(759;12;15778)
(760;12;15794)
(760;12;15794)
(761;12;15810)
(761;12;15811)
(761;11;15828)
(762;11;15829)
(762;11;15844)
(763;11;15845)
(763;11;15861)
(764;10;15862)
(764;10;15862)
(765;10;15877)
(765;10;15878)
(765;10;15895)
(766;9;15895)
(766;9;15911)
(767;9;15911)
(767;9;15927)
(767;9;15927)
(768;8;15944)
(768;8;15944)
(769;8;15945)
(769;8;15962)
(770;8;15962)
(770;7;15977)
(770;7;15977)
(771;7;15995)
(771;7;15995)
(772;7;15995)
(772;6;16011)
(773;6;16011)
(774;6;16028)
(775;6;16028)
(775;5;16045)
(776;5;16045)
(777;5;16061)
(778;5;16061)
(779;5;16078)
(779;5;16078)
(780;4;16078)
(781;4;16094)
(782;4;16095)
(782;4;16111)
(783;4;16111)
(784;4;16128)
(784;4;16128)
(785;3;16145)
(786;3;16145)
(787;3;16162)
(787;3;16162)
(788;3;16178)
(788;3;16178)
(789;2;16179)
(790;2;16194)
(790;2;16194)
(791;1;16211)
(792;1;16211)
(793;0;16228)
(794;0;16228)
(794;-1;16244)
(795;-1;16245)
(796;-2;16245)
(797;-3;16260)
(798;-4;16260)
(799;-4;16278)
(800;-5;16278)
(800;-6;16293)
(801;-7;16294)
(802;-7;16294)
(803;-8;16312)
(804;-8;16312)
(805;-9;16328)
(805;-10;16328)
(806;-10;16344)
(807;-11;16345)
(808;-11;16360)
(808;-12;16361)
(809;-12;16361)
(810;-13;16377)
(810;-13;16377)
(811;-14;16394)
(813;-14;16415)
(813;-15;16415)
(814;-15;16415)
(815;-16;16432)
(816;-16;16432)
(817;-17;16449)
(817;-17;16449)
(818;-18;16466)
(819;-18;16466)
(820;-18;16483)
(821;-19;16483)
(822;-19;16483)
(823;-19;16499)
(823;-20;16500)
(824;-20;16516)
(825;-20;16516)
(825;-20;16532)
(826;-21;16532)
(826;-21;16532)
(826;-21;16549)
(827;-21;16549)
(827;-22;16565)
(827;-22;16565)
(828;-22;16582)
(828;-22;16583)
(828;-22;16599)
(829;-22;16600)
(829;-22;16615)
(829;-22;16616)
(829;-22;16632)
(829;-22;16633)
(829;-23;16633)
(829;-23;16649)
(830;-23;16649)
(830;-23;16666)
(830;-23;16666)
(830;-23;16682)
(830;-23;16683)
(830;-23;16698)
(830;-23;16699)
(830;-23;16715)
(830;-23;16715)
(830;-23;16715)
(830;-23;16732)
(830;-23;16732)
(830;-23;16748)
(830;-23;16748)
(830;-23;16765)
(830;-23;16765)
(830;-23;16782)
(830;-23;16782)
(830;-23;16782)
(830;-23;16799)
(830;-23;16799)
(830;-23;16816)
(830;-23;16816)
(830;-23;16832)
(830;-23;16832)
(830;-23;16849)
(830;-23;16849)
(830;-23;16849)
(830;-23;16866)
(830;-23;16866)
(830;-23;16883)
(830;-23;16883)
(830;-22;16899)
(831;-21;16899)
(832;-21;16916)
