(232;285;0)
(232;284;2)
(232;284;16)
(232;283;16)
(232;283;32)
(232;283;32)
(232;282;49)
(232;282;49)
(232;282;66)
(232;282;66)
(232;281;82)
(231;280;82)
(231;280;82)
(231;279;99)
(231;279;99)
(231;278;115)
(231;278;116)
(230;277;132)
(230;276;132)
(229;275;132)
(229;274;149)
(228;273;149)
(228;272;166)
(227;271;166)
(227;270;182)
(226;269;182)
(226;269;200)
(225;268;200)
(225;267;200)
(225;267;215)
(225;266;215)
(225;266;231)
(224;265;232)
(224;265;249)
(224;264;249)
(223;264;266)
(223;263;266)
(222;263;266)
(222;262;282)
(221;262;282)
(220;261;298)
(220;261;299)
(219;261;315)
(219;260;316)
(218;260;332)
(217;260;332)
(216;259;349)
(215;258;349)
(214;258;365)
(213;257;366)
(213;257;382)
(212;257;382)
(211;256;382)
(211;256;398)
(210;256;398)
(210;256;415)
(209;256;415)
(209;256;432)
(208;256;432)
(207;256;433)
(206;256;448)
(205;256;449)
(204;256;465)
(203;256;465)
(202;256;482)
(201;256;482)
(200;256;499)
(199;256;499)
(198;256;499)
(197;256;515)
(197;256;515)
(196;256;532)
(196;256;532)
(195;256;548)
(195;256;548)
(195;256;565)
(195;256;565)
(194;256;582)
(194;256;582)
(194;256;582)
(194;256;598)
(194;256;598)
(194;256;615)
(194;256;615)
(194;255;631)
(194;255;632)
(194;255;649)
(194;255;649)
(194;255;665)
(194;255;666)
(194;255;682)
(194;255;682)
(194;255;682)
(194;255;698)
(194;255;698)
(194;255;716)
(194;254;716)
(194;254;732)
(194;254;732)
(194;253;732)
(194;252;749)
(194;251;749)
(194;249;765)
(194;248;766)
(193;247;782)
(193;246;782)
(193;246;798)
(193;245;798)
(193;245;798)
(193;245;815)
(193;245;816)
(193;244;832)
(193;243;832)
(193;243;849)
(193;242;849)
(192;241;865)
(192;241;866)
(192;240;882)
(191;239;882)
(191;239;882)
(190;238;899)
(190;237;899)
(189;237;915)
(189;236;916)
(188;236;931)
(188;235;932)
(187;235;949)
(187;234;949)
(186;234;965)
(186;233;965)
(184;232;982)
(183;231;982)
(183;230;999)
(182;230;999)
(182;230;1016)
(181;229;1016)
(181;229;1032)
(181;229;1032)
(180;228;1032)
(180;228;1048)
(179;228;1048)
(178;227;1065)
(178;227;1065)
(177;227;1082)
(177;226;1083)
(176;226;1098)
(176;226;1098)
(175;226;1115)
(174;225;1115)
(173;225;1131)
(172;224;1132)
(171;224;1148)
(170;223;1148)
(169;223;1165)
(168;223;1165)
(167;222;1182)
(167;222;1182)
(166;222;1199)
(165;221;1199)
(165;221;1199)
(164;221;1215)
(163;220;1215)
(162;220;1231)
(162;219;1232)
(161;219;1249)
(160;219;1249)
(160;219;1265)
(160;218;1265)
(160;218;1282)
(160;218;1282)
(160;218;1282)
(159;218;1298)
(159;218;1298)
(159;218;1316)
(159;218;1316)
(159;217;1332)
(159;217;1332)
(159;217;1332)
(159;217;1349)
(159;217;1349)
(159;217;1365)
(159;217;1365)
(159;217;1382)
(159;217;1382)
(159;216;1398)
(159;216;1399)
(159;215;1399)
(159;214;1415)
(159;214;1416)
(159;214;1432)
(159;213;1432)
(159;213;1449)
(159;213;1450)
(159;213;1465)
(159;213;1466)
(159;213;1482)
(159;213;1482)
(159;213;1499)
(159;213;1499)
(159;213;1499)
(159;213;1515)
(159;213;1516)
(158;213;1531)
(158;213;1532)
(157;212;1549)
(157;212;1550)
(156;211;1566)
(155;211;1566)
(155;210;1582)
(153;210;1582)
(152;210;1599)
(151;210;1599)
(150;209;1615)
(149;209;1616)
(148;209;1631)
(147;209;1632)
(146;209;1632)
(145;209;1648)
(144;209;1648)
(143;209;1665)
(142;209;1665)
(141;209;1682)
(141;209;1683)
(140;209;1698)
(139;208;1699)
(139;208;1715)
(138;208;1715)
(137;208;1716)
(136;208;1732)
(136;207;1732)
(135;207;1748)
(135;207;1748)
(135;207;1765)
(134;206;1765)
(134;206;1782)
(134;206;1782)
(133;206;1783)
(133;206;1799)
(133;205;1799)
(133;205;1816)
(133;205;1816)
(133;205;1832)
(133;205;1833)
(133;205;1849)
(133;204;1849)
(133;204;1865)
(133;204;1866)
(133;204;1882)
(133;204;1882)
(133;203;1882)
(133;202;1899)
(133;201;1899)
(133;200;1916)
(133;199;1916)
(133;198;1933)
(134;197;1933)
(134;197;1933)
(134;196;1949)
(134;195;1949)
(134;195;1965)
(134;194;1966)
(134;194;1982)
(135;194;1983)
(135;193;1999)
(135;192;1999)
(135;192;2000)
(135;191;2015)
(135;191;2015)
(135;191;2032)
(135;190;2033)
(136;190;2049)
(136;190;2049)
(136;190;2065)
(136;190;2065)
(136;189;2082)
(136;189;2082)
(136;189;2083)
(136;188;2098)
(136;188;2099)
(136;187;2115)
(137;187;2116)
(137;187;2132)
(137;186;2132)
(137;186;2148)
(137;185;2149)
(138;185;2166)
(138;185;2166)
(138;184;2182)
(138;184;2183)
(138;184;2183)
(138;183;2199)
(139;183;2199)
(139;183;2216)
(139;183;2216)
(139;182;2232)
(139;182;2232)
(139;182;2232)
(140;181;2249)
(140;181;2250)
(141;180;2266)
(141;180;2266)
(142;179;2282)
(142;178;2299)
(143;178;2300)
(143;177;2300)
(143;177;2315)
(143;177;2315)
(144;176;2332)
(144;176;2332)
(145;175;2349)
(145;175;2350)
(145;175;2365)
(146;175;2366)
(146;174;2382)
(146;174;2383)
(146;174;2383)
(146;174;2399)
(146;174;2399)
(146;174;2416)
(146;174;2416)
(146;174;2432)
(147;173;2433)
(147;173;2448)
(147;173;2449)
(147;173;2466)
(147;173;2466)
(147;173;2482)
(147;173;2483)
(147;173;2483)
(148;173;2499)
(148;172;2499)
(148;172;2515)
(148;172;2516)
(148;172;2532)
(148;172;2532)
(148;172;2532)
(148;172;2549)
(148;172;2549)
(148;172;2565)
(148;172;2566)
(148;172;2582)
(148;172;2583)
(148;172;2598)
(148;172;2599)
(148;172;2615)
(148;172;2616)
(148;172;2632)
(148;172;2633)
(148;172;2633)
(148;172;2648)
(148;172;2649)
(149;172;2666)
(149;172;2666)
(149;172;2682)
(149;172;2682)
(149;172;2700)
(149;172;2700)
(149;172;2700)
(149;171;2715)
(149;171;2716)
(149;171;2732)
(149;171;2732)
(149;171;2749)
(149;171;2749)
(150;171;2765)
(150;171;2766)
(150;171;2783)
(150;171;2783)
(150;170;2783)
(151;170;2799)
(151;170;2800)
(151;170;2816)
(151;170;2816)
(151;169;2832)
(152;169;2833)
(152;169;2833)
(152;169;2849)
(152;169;2850)
(152;168;2865)
(153;168;2866)
(153;168;2882)
(153;168;2883)
(154;168;2899)
(154;167;2900)
(155;167;2900)
(156;166;2916)
(156;166;2916)
(157;166;2933)
(157;165;2933)
(158;165;2949)
(158;165;2949)
(158;165;2965)
(159;164;2966)
(159;164;2982)
(159;164;2982)
(160;164;2999)
(160;164;2999)
(160;164;2999)
(161;164;3016)
(161;164;3016)
(162;163;3032)
(162;163;3032)
(163;163;3049)
(163;163;3049)
(164;162;3065)
(164;162;3066)
(165;162;3082)
(165;162;3082)
(165;162;3082)
(165;162;3099)
(166;162;3100)
(166;162;3116)
(166;162;3116)
(166;162;3131)
(166;162;3132)
(167;162;3132)
(167;162;3149)
(167;162;3149)
(167;162;3165)
(167;162;3166)
(167;162;3183)
(168;161;3183)
(168;161;3199)
(168;161;3199)
(168;161;3199)
(169;161;3215)
(170;161;3216)
(170;161;3232)
(171;161;3232)
(171;161;3249)
(172;161;3249)
(172;161;3266)
(173;161;3266)
(173;160;3267)
(174;160;3282)
(175;160;3282)
(175;160;3298)
(176;160;3299)
(177;160;3316)
(177;160;3316)
(178;159;3332)
(179;159;3332)
(179;159;3350)
(180;159;3350)
(180;159;3366)
(180;159;3366)
(181;159;3366)
(181;158;3382)
(181;158;3382)
(182;158;3399)
(182;158;3399)
(183;158;3416)
(183;157;3416)
(184;157;3431)
(184;157;3432)
(184;157;3432)
(185;157;3449)
(185;156;3449)
(185;156;3466)
(186;156;3466)
(186;156;3483)
(187;155;3483)
(188;155;3499)
(188;154;3499)
(189;154;3499)
(190;153;3516)
(190;153;3516)
(191;153;3532)
(191;152;3532)
(192;152;3549)
(192;152;3549)
(193;151;3565)
(194;151;3566)
(194;150;3582)
(195;150;3582)
(195;149;3582)
(196;149;3599)
(196;148;3599)
(197;148;3615)
(198;147;3616)
(198;146;3632)
(199;146;3632)
(199;145;3648)
(200;144;3649)
(200;144;3665)
(201;143;3666)
(202;142;3683)
(202;142;3683)
(203;141;3683)
(203;141;3699)
(204;140;3699)
(205;140;3716)
(206;139;3717)
(207;138;3732)
(208;137;3733)
(209;136;3733)
(210;136;3748)
(211;135;3749)
(212;134;3766)
(213;133;3766)
(214;133;3783)
(215;132;3783)
(216;131;3798)
(217;130;3799)
(218;129;3799)
(219;128;3815)
(220;127;3815)
(221;127;3832)
(222;126;3832)
(223;126;3849)
(224;125;3849)
(224;125;3866)
(225;124;3866)
(226;123;3866)
(227;123;3883)
(228;122;3883)
(229;121;3899)
(230;120;3899)
(231;120;3915)
(231;119;3915)
(231;119;3931)
(232;119;3932)
(232;119;3949)
(232;119;3950)
(232;119;3966)
(232;119;3966)
(232;119;3966)
(232;119;3982)
(232;118;3983)
(232;118;3999)
(233;118;4000)
(233;118;4015)
(233;118;4015)
(233;118;4031)
(233;118;4032)
(233;118;4032)
(233;118;4049)
(233;118;4049)
(233;118;4066)
(233;118;4067)
(233;117;4082)
(234;117;4083)
(234;117;4099)
(234;117;4099)
(234;117;4100)
(235;117;4116)
(235;117;4116)
(235;117;4131)
(235;116;4132)
(235;116;4149)
(235;116;4149)
(235;116;4165)
(236;116;4165)
(236;116;4182)
(236;116;4182)
(236;116;4183)
(236;116;4199)
(236;116;4199)
(236;116;4215)
(236;116;4216)
(236;116;4231)
(236;116;4232)
(236;116;4249)
(236;116;4249)
(236;116;4265)
(236;116;4265)
(236;116;4283)
(236;116;4283)
(236;116;4283)
(236;116;4299)
(237;116;4299)
(237;115;4316)
(237;115;4316)
(238;115;4331)
(238;115;4332)
(238;115;4332)
(238;115;4349)
(238;115;4350)
(239;115;4366)
(239;115;4366)
(239;115;4382)
(239;115;4383)
(239;115;4399)
(239;115;4399)
(239;115;4399)
(239;115;4416)
(239;115;4416)
(239;115;4433)
(239;115;4433)
(239;115;4449)
(239;115;4449)
(239;115;4465)
(239;115;4482)
(239;115;4482)
(239;115;4499)
(240;115;4499)
(240;115;4499)
(240;115;4515)
(240;115;4515)
(240;115;4532)
(240;115;4532)
(240;115;4549)
(240;115;4549)
(240;115;4566)
(240;115;4566)
(240;115;4566)
(240;115;4581)
(240;115;4582)
(240;115;4598)
(240;115;4599)
(240;115;4615)
(240;114;4615)
(240;114;4632)
(240;114;4632)
(240;114;4632)
(240;114;4649)
(240;114;4649)
(240;114;4666)
(240;114;4666)
(240;114;4682)
(240;114;4683)
(240;114;4699)
(240;114;4699)
(240;114;4699)
(240;114;4716)
(240;114;4716)
(240;114;4732)
(240;114;4732)
(240;114;4750)
(240;114;4750)
(240;114;4750)
(240;114;4766)
(240;113;4766)
(240;113;4782)
(240;113;4782)
(240;113;4800)
(240;113;4800)
(240;113;4816)
(240;113;4816)
(240;113;4832)
(240;113;4833)
(240;113;4849)
(240;113;4850)
(240;113;4866)
(240;113;4866)
(240;113;4866)
(240;113;4882)
(240;113;4883)
(240;113;4899)
(240;113;4899)
(240;113;4915)
(240;113;4916)
(241;113;4932)
(241;113;4932)
(241;113;4932)
(241;113;4949)
(241;113;4949)
(241;113;4965)
(241;113;4966)
(241;113;4982)
(241;113;4982)
(242;113;5000)
(242;113;5000)
(242;113;5000)
(242;113;5016)
(242;113;5016)
(242;113;5032)
(242;113;5032)
(242;113;5049)
(243;113;5050)
(243;113;5066)
(244;113;5066)
(244;113;5066)
(244;113;5083)
(245;113;5083)
(245;113;5099)
(246;113;5099)
(246;113;5116)
(247;113;5116)
(247;113;5132)
(248;113;5132)
(249;113;5149)
(250;113;5149)
(251;113;5166)
(252;113;5166)
(253;113;5166)
(254;113;5182)
(255;113;5183)
(256;112;5199)
(256;112;5199)
(257;112;5216)
(257;112;5233)
(257;112;5233)
(258;112;5233)
(258;112;5233)
(259;112;5249)
(259;112;5249)
(259;112;5265)
(259;112;5266)
(259;112;5283)
(260;112;5283)
(260;112;5283)
(260;111;5299)
(261;111;5299)
(261;111;5315)
(262;111;5315)
(262;111;5333)
(262;111;5333)
(263;111;5349)
(263;110;5350)
(263;110;5366)
(263;110;5367)
(263;110;5367)
(264;110;5383)
(264;110;5383)
(265;109;5399)
(266;109;5399)
(266;108;5416)
(267;108;5416)
(268;108;5433)
(268;107;5433)
(269;107;5449)
(270;107;5449)
(270;106;5466)
(271;106;5466)
(272;105;5466)
(272;105;5483)
(273;104;5483)
(273;104;5499)
(274;104;5499)
(275;103;5516)
(275;103;5516)
(276;103;5533)
(276;103;5533)
(276;102;5533)
(277;102;5549)
(277;102;5549)
(278;102;5566)
(278;101;5567)
(279;101;5582)
(280;100;5583)
(280;100;5583)
(281;100;5599)
(281;100;5599)
(282;100;5616)
(282;99;5616)
(283;99;5632)
(284;99;5632)
(285;98;5649)
(286;98;5649)
(286;98;5666)
(287;97;5667)
(288;97;5667)
(289;96;5682)
(290;96;5683)
(291;96;5699)
(292;95;5699)
(292;95;5715)
(293;95;5716)
(294;95;5732)
(295;94;5732)
(296;94;5749)
(296;94;5750)
(296;94;5766)
(297;94;5766)
(298;94;5766)
(299;94;5782)
(300;93;5782)
(301;93;5799)
(302;93;5799)
(303;93;5816)
(304;93;5817)
(305;93;5832)
(305;93;5833)
(306;92;5833)
(306;92;5849)
(307;92;5849)
(307;92;5866)
(307;92;5867)
(307;92;5882)
(307;92;5883)
(308;92;5883)
(308;92;5899)
(309;92;5899)
(310;92;5915)
(311;92;5916)
(312;92;5932)
(313;92;5932)
(314;92;5949)
(315;92;5950)
(316;92;5965)
(317;92;5966)
(318;92;5966)
(318;92;5982)
(319;92;5982)
(319;92;5999)
(320;92;5999)
(320;92;6016)
(321;92;6016)
(322;92;6032)
(323;92;6033)
(324;92;6049)
(325;92;6050)
(325;92;6065)
(326;91;6066)
(326;91;6066)
(327;91;6082)
(327;91;6082)
(328;91;6099)
(328;91;6100)
(329;91;6116)
(329;91;6116)
(329;91;6133)
(330;92;6133)
(330;92;6133)
(330;92;6149)
(330;92;6149)
(331;92;6166)
(331;92;6166)
(331;92;6182)
(331;92;6183)
(331;92;6183)
(332;92;6199)
(332;92;6199)
(332;92;6216)
(332;93;6216)
(333;93;6233)
(333;93;6233)
(334;93;6249)
(334;94;6249)
(335;95;6265)
(335;95;6266)
(336;96;6283)
(336;96;6283)
(337;97;6283)
(337;97;6299)
(338;97;6299)
(338;98;6316)
(338;98;6316)
(338;98;6332)
(339;99;6333)
(339;99;6349)
(339;100;6349)
(340;100;6367)
(340;100;6367)
(340;101;6367)
(341;101;6382)
(341;102;6383)
(341;102;6400)
(342;103;6400)
(342;103;6416)
(343;104;6417)
(343;105;6432)
(344;106;6433)
(344;106;6433)
(345;107;6449)
(345;107;6449)
(346;108;6466)
(346;109;6466)
(347;110;6483)
(347;111;6483)
(347;111;6484)
(348;112;6499)
(348;112;6499)
(348;112;6517)
(348;113;6517)
(348;113;6532)
(348;113;6532)
(348;113;6549)
(348;113;6549)
(349;113;6566)
(349;114;6566)
(349;115;6566)
(350;115;6583)
(350;116;6583)
(350;116;6599)
(351;117;6599)
(351;118;6615)
(352;118;6616)
(352;119;6632)
(352;119;6633)
(352;120;6649)
(353;120;6650)
(353;121;6666)
(353;121;6666)
(353;121;6666)
(354;122;6683)
(354;122;6700)
(355;123;6700)
(355;123;6716)
(355;123;6716)
(355;123;6732)
(355;123;6733)
(355;123;6733)
(356;123;6750)
(356;123;6750)
(356;123;6766)
(356;123;6767)
(357;124;6782)
(357;124;6783)
(358;124;6783)
(359;124;6799)
(360;124;6799)
(361;125;6817)
(361;125;6817)
(362;125;6833)
(362;125;6833)
(363;125;6849)
(363;125;6849)
(364;125;6867)
(364;125;6867)
(364;125;6882)
(365;126;6882)
(365;126;6883)
(365;126;6899)
(366;126;6900)
(366;126;6915)
(366;126;6916)
(366;126;6933)
(366;126;6933)
(366;126;6949)
(366;126;6950)
(366;126;6966)
(367;126;6966)
(367;126;6983)
(367;126;6983)
(367;126;6983)
(367;126;6999)
(367;126;7000)
(367;126;7017)
(368;126;7017)
(368;126;7032)
(368;126;7033)
(368;126;7033)
(368;126;7049)
(368;126;7050)
(368;126;7066)
(369;126;7066)
(369;126;7083)
(369;126;7083)
(369;126;7083)
(369;126;7100)
(369;126;7100)
(369;126;7117)
(370;126;7117)
(370;126;7132)
(370;126;7132)
(370;126;7150)
(370;126;7150)
(370;126;7150)
(370;126;7166)
(370;126;7183)
(370;126;7184)
(370;126;7184)
(370;126;7199)
(370;126;7200)
(370;126;7217)
(370;126;7217)
(371;126;7233)
(371;126;7252)
(371;126;7252)
(371;126;7252)
(371;126;7269)
(371;126;7269)
(371;127;7286)
(371;127;7286)
(371;127;7286)
(371;127;7302)
(371;127;7302)
(371;127;7319)
(371;127;7320)
(371;127;7336)
(371;127;7337)
(371;127;7352)
(371;127;7353)
(371;127;7370)
(371;127;7370)
(371;127;7386)
(371;127;7386)
(372;127;7386)
(372;127;7402)
(372;127;7402)
(372;127;7419)
(372;127;7420)
(372;127;7435)
(372;127;7435)
(372;127;7452)
(372;127;7452)
(372;127;7453)
(372;127;7469)
(372;127;7470)
(372;127;7485)
(372;127;7485)
(372;127;7502)
(372;127;7503)
(372;127;7503)
(372;127;7519)
(372;127;7519)
(372;127;7536)
(372;127;7536)
(372;127;7552)
(372;127;7552)
(372;127;7569)
(372;127;7570)
(372;127;7586)
(372;127;7586)
(372;127;7603)
(372;127;7603)
(372;127;7603)
(372;127;7619)
(372;127;7620)
(372;127;7635)
(372;127;7635)
(372;127;7652)
(373;127;7653)
(373;127;7669)
(373;127;7670)
(373;127;7686)
(373;127;7686)
(373;127;7687)
(373;127;7701)
(373;127;7702)
(373;127;7718)
(373;127;7719)
(374;127;7736)
(374;127;7737)
(374;127;7752)
(374;127;7752)
(374;127;7752)
(374;127;7770)
(375;127;7770)
(375;127;7786)
(375;127;7786)
(376;128;7803)
(376;128;7803)
(376;128;7803)
(376;128;7819)
(376;128;7820)
(376;128;7835)
(376;128;7836)
(377;128;7853)
(377;128;7853)
(377;128;7869)
(377;128;7870)
(378;128;7886)
(378;128;7886)
(378;128;7886)
(379;128;7902)
(379;128;7903)
(380;128;7919)
(380;128;7919)
(380;128;7936)
(381;128;7936)
(381;128;7952)
(382;128;7952)
(382;129;7969)
(382;129;7969)
(382;129;7986)
(383;129;7987)
(383;129;7987)
(383;129;8003)
(384;129;8003)
(384;129;8019)
(385;130;8019)
(385;130;8036)
(385;130;8036)
(385;130;8052)
(386;130;8052)
(386;130;8052)
(386;131;8069)
(386;131;8069)
(386;131;8085)
(386;131;8086)
(386;131;8102)
(386;131;8102)
(387;132;8119)
(387;132;8119)
(387;132;8120)
(387;132;8135)
(387;132;8135)
(387;133;8151)
(387;133;8152)
(387;133;8169)
(387;134;8170)
(387;134;8170)
(387;134;8186)
(387;134;8186)
(387;134;8202)
(387;134;8202)
(387;134;8219)
(387;135;8219)
(387;135;8236)
(387;135;8236)
(386;136;8252)
(386;136;8252)
(386;137;8269)
(386;137;8269)
(386;138;8285)
(386;138;8286)
(386;138;8302)
(386;138;8302)
(386;139;8302)
(385;139;8319)
(385;140;8319)
(385;140;8335)
(385;141;8336)
(384;141;8353)
(384;141;8353)
(384;142;8353)
(383;142;8368)
(383;142;8368)
(383;142;8386)
(383;143;8386)
(382;143;8402)
(382;143;8403)
(382;144;8419)
(382;144;8419)
(382;144;8419)
(381;144;8435)
(381;144;8435)
(381;144;8452)
(381;144;8452)
(381;145;8468)
(381;145;8469)
(381;145;8485)
(380;146;8486)
(380;146;8486)
(379;146;8502)
(379;147;8503)
(379;147;8518)
(379;147;8519)
(378;147;8535)
(378;148;8536)
(378;148;8552)
(378;148;8552)
(378;148;8569)
(378;148;8569)
(378;148;8585)
(378;148;8585)
(378;148;8602)
(378;148;8602)
(377;148;8603)
(377;148;8619)
(377;149;8619)
(377;149;8635)
(376;150;8636)
(376;150;8652)
(375;151;8652)
(374;151;8652)
(374;151;8669)
(373;152;8669)
(373;152;8686)
(373;152;8686)
(372;152;8702)
(372;153;8703)
(371;153;8703)
(371;153;8718)
(370;154;8719)
(370;154;8735)
(369;154;8735)
(369;155;8751)
(368;155;8752)
(367;156;8768)
(367;156;8768)
(366;156;8785)
(366;157;8786)
(365;157;8802)
(365;157;8802)
(364;157;8802)
(363;158;8818)
(363;158;8819)
(362;158;8836)
(361;159;8836)
(361;159;8852)
(361;159;8852)
(360;159;8868)
(360;159;8868)
(359;159;8886)
(359;160;8886)
(358;160;8886)
(358;160;8902)
(357;160;8903)
(357;160;8919)
(356;161;8919)
(356;161;8935)
(355;161;8935)
(354;161;8952)
(354;162;8952)
(353;162;8952)
(353;162;8968)
(353;162;8968)
(352;162;8985)
(352;162;8985)
(352;162;9002)
(352;162;9002)
(351;162;9002)
(351;163;9019)
(351;163;9019)
(350;163;9035)
(350;163;9035)
(349;163;9052)
(349;164;9053)
(348;164;9068)
(348;164;9069)
(347;164;9085)
(347;164;9086)
(347;164;9086)
(346;165;9102)
(346;165;9102)
(346;165;9119)
(345;166;9119)
(344;166;9152)
(344;166;9152)
(344;166;9168)
(343;167;9169)
(343;167;9186)
(342;168;9186)
(342;168;9186)
(342;169;9202)
(341;169;9202)
(341;169;9218)
(340;170;9218)
(340;170;9235)
(340;170;9235)
(340;171;9252)
(339;171;9252)
(339;172;9252)
(338;172;9269)
(338;172;9269)
(338;173;9286)
(337;173;9286)
(336;174;9302)
(336;175;9303)
(336;175;9319)
(336;175;9319)
(335;176;9336)
(335;176;9336)
(335;176;9352)
(335;177;9352)
(334;177;9369)
(334;177;9369)
(334;178;9385)
(333;179;9386)
(333;179;9386)
(332;180;9402)
(332;180;9402)
(332;181;9419)
(332;181;9419)
(331;182;9436)
(331;182;9436)
(331;183;9452)
(330;183;9452)
(330;183;9468)
(330;183;9469)
(330;183;9485)
(330;183;9485)
(330;183;9485)
(330;183;9502)
(330;184;9503)
(330;184;9519)
(330;184;9520)
(330;184;9535)
(330;184;9535)
(330;185;9552)
(330;185;9552)
(330;185;9569)
(330;185;9569)
(329;186;9585)
(329;186;9586)
(329;187;9602)
(329;187;9602)
(329;188;9602)
(329;188;9619)
(328;189;9619)
(328;190;9635)
(328;190;9636)
(328;190;9652)
(328;191;9653)
(328;191;9668)
(328;191;9669)
(328;191;9685)
(328;191;9686)
(328;191;9702)
(328;191;9702)
(328;192;9702)
(328;192;9719)
(328;192;9719)
(328;193;9736)
(328;193;9736)
(328;193;9751)
(328;193;9752)
(328;193;9769)
(328;193;9769)
(327;194;9785)
(327;195;9786)
(327;195;9786)
(327;196;9802)
(327;196;9803)
(327;197;9818)
(327;197;9819)
(326;197;9835)
(326;197;9835)
(326;198;9852)
(326;198;9853)
(326;199;9869)
(326;199;9869)
(326;200;9885)
(326;200;9886)
(326;200;9902)
(326;201;9902)
(326;201;9902)
(326;201;9918)
(326;201;9919)
(325;202;9936)
(325;202;9936)
(325;202;9952)
(325;203;9952)
(325;203;9969)
(325;204;9969)
(325;204;9985)
(325;204;9986)
(325;204;10002)
(324;204;10002)
(324;204;10002)
(324;205;10019)
(324;205;10019)
(324;205;10035)
(324;205;10035)
(324;205;10052)
(324;205;10052)
(324;205;10068)
(324;205;10069)
(324;206;10086)
(324;206;10086)
(324;206;10086)
(324;206;10102)
(324;206;10102)
(324;206;10119)
(324;206;10119)
(324;206;10135)
(324;206;10136)
(324;206;10152)
(324;206;10152)
(324;206;10152)
(324;206;10169)
(324;206;10169)
(324;206;10186)
(324;206;10186)
(324;206;10203)
(324;206;10203)
(324;206;10203)
(324;206;10218)
(324;206;10219)
(324;206;10235)
(324;206;10236)
(324;206;10253)
(324;206;10253)
(324;206;10269)
(324;206;10270)
(324;206;10286)
(324;206;10286)
(324;206;10286)
(324;206;10303)
(324;206;10303)
(324;206;10319)
(324;206;10319)
(324;206;10336)
(324;206;10336)
(324;206;10352)
(324;206;10353)
(324;206;10369)
(324;206;10370)
(324;206;10386)
(324;206;10387)
(324;206;10387)
(324;206;10402)
(324;206;10402)
(324;206;10420)
(324;206;10420)
(324;206;10435)
(324;206;10435)
(324;206;10452)
(324;206;10452)
(324;206;10469)
(324;206;10469)
(324;206;10486)
(324;206;10486)
(324;206;10503)
(324;206;10503)
(324;206;10520)
(324;207;10520)
(324;207;10520)
(324;207;10536)
(324;207;10537)
(324;207;10552)
(324;208;10552)
(324;209;10568)
(323;209;10569)
(323;210;10586)
(323;210;10586)
(323;210;10602)
(323;210;10603)
(323;210;10619)
(323;211;10619)
(323;211;10619)
(323;212;10636)
(323;212;10636)
(323;212;10653)
(322;213;10653)
(322;213;10669)
(322;214;10670)
(322;214;10686)
(322;214;10686)
(322;215;10686)
(322;215;10702)
(322;215;10702)
(321;215;10719)
(321;216;10719)
(321;216;10736)
(321;217;10736)
(320;218;10753)
(319;218;10753)
(319;219;10769)
(318;219;10769)
(318;219;10786)
(318;220;10786)
(317;220;10805)
(317;220;10805)
(317;220;10805)
(317;220;10835)
(317;220;10835)
(317;220;10835)
(316;220;10852)
(316;221;10852)
(316;221;10869)
(316;221;10869)
(314;222;10903)
(313;222;10903)
(313;222;10903)
(311;222;10920)
(310;222;10936)
(308;222;10953)
(306;223;10989)
(306;223;10990)
(305;223;10990)
(305;224;10990)
(304;224;11006)
(304;224;11006)
(303;224;11024)
(303;224;11024)
(303;224;11039)
(302;225;11040)
(302;225;11056)
(302;225;11056)
(301;225;11072)
(301;225;11073)
(301;225;11089)
(300;225;11090)
(300;226;11106)
(299;226;11107)
(299;226;11107)
(298;226;11123)
(298;226;11123)
(297;227;11139)
(297;227;11140)
(297;227;11156)
(297;227;11157)
(296;227;11172)
(296;227;11172)
(296;227;11172)
(296;227;11189)
(296;227;11189)
(296;227;11205)
(296;227;11206)
(296;227;11222)
(296;228;11223)
(296;228;11223)
(296;228;11239)
(296;228;11239)
(296;228;11256)
(295;229;11256)
(295;229;11272)
(295;230;11273)
(295;230;11289)
(295;231;11289)
(295;231;11306)
(295;232;11307)
(295;233;11307)
(295;234;11323)
(295;235;11323)
(295;236;11339)
(295;237;11340)
(295;238;11355)
(296;238;11355)
(296;239;11373)
(296;239;11373)
(296;239;11389)
(296;240;11390)
(297;240;11390)
(297;241;11407)
(297;241;11407)
(297;241;11423)
(298;241;11423)
(298;242;11439)
(299;242;11439)
(300;243;11456)
(301;243;11456)
(301;244;11472)
(302;244;11473)
(303;244;11473)
(305;244;11489)
(306;245;11490)
(308;245;11506)
(309;246;11506)
(310;246;11522)
(312;246;11523)
(313;246;11523)
(314;246;11540)
(315;246;11540)
(317;246;11556)
(318;246;11556)
(319;247;11573)
(320;247;11573)
(321;247;11589)
(322;247;11589)
(323;247;11606)
(323;247;11606)
(324;246;11606)
(325;246;11623)
(326;246;11623)
(327;246;11639)
(328;246;11639)
(329;246;11656)
(330;246;11656)
(331;246;11672)
(332;245;11672)
(333;245;11689)
(333;245;11689)
(334;245;11705)
(334;245;11706)
(334;245;11706)
(335;245;11723)
(335;245;11723)
(335;245;11739)
(336;245;11739)
(336;245;11756)
(337;245;11756)
(338;245;11772)
(339;245;11772)
(340;245;11789)
(341;246;11789)
(341;246;11806)
(342;246;11806)
(343;246;11823)
(343;246;11823)
(344;246;11823)
(345;246;11840)
(346;246;11840)
(347;247;11855)
(347;247;11856)
(349;247;11872)
(349;247;11872)
(350;247;11889)
(351;248;11889)
(352;248;11906)
(353;248;11906)
(354;248;11906)
(354;248;11922)
(355;249;11923)
(355;249;11939)
(356;249;11940)
(357;249;11956)
(358;250;11956)
(358;250;11973)
(359;251;11973)
(360;251;11989)
(360;251;11989)
(361;251;12006)
(362;252;12006)
(363;252;12006)
(364;252;12022)
(365;253;12022)
(366;253;12039)
(367;254;12039)
(368;254;12056)
(369;255;12056)
(371;255;12073)
(372;256;12073)
(373;256;12089)
(374;256;12089)
(375;257;12106)
(376;257;12106)
(376;257;12123)
(377;257;12123)
(378;257;12123)
(378;257;12139)
(379;258;12139)
(380;258;12156)
(382;259;12156)
(383;259;12172)
(383;259;12172)
(384;259;12189)
(385;259;12190)
(386;260;12190)
(386;260;12206)
(388;260;12206)
(389;261;12223)
(390;261;12223)
(392;262;12239)
(393;262;12240)
(394;263;12256)
(395;264;12256)
(397;264;12272)
(398;265;12272)
(399;265;12289)
(400;265;12290)
(401;266;12306)
(401;266;12306)
(402;266;12306)
(403;267;12322)
(404;267;12323)
(404;267;12338)
(405;267;12339)
(406;268;12356)
(407;268;12357)
(409;269;12372)
(410;269;12372)
(411;269;12389)
(412;270;12389)
(413;270;12406)
(414;270;12407)
(415;271;12423)
(416;271;12423)
(417;271;12423)
(417;271;12439)
(418;272;12456)
(419;272;12456)
(419;272;12456)
(420;273;12472)
(421;273;12472)
(422;273;12489)
(422;274;12489)
(423;274;12506)
(424;274;12507)
(424;275;12507)
(425;275;12523)
(426;275;12523)
(426;276;12539)
(427;276;12539)
(428;277;12556)
(428;277;12557)
(429;277;12573)
(429;277;12573)
(430;278;12589)
(430;278;12589)
(431;278;12606)
(431;278;12606)
(431;278;12607)
(432;279;12622)
(433;279;12622)
(433;279;12640)
(434;280;12640)
(434;280;12655)
(435;280;12656)
(437;281;12673)
(437;282;12673)
(438;282;12690)
(439;282;12690)
(440;283;12706)
(440;283;12706)
(441;283;12723)
(442;284;12723)
(442;284;12723)
(443;284;12739)
(444;285;12740)
(445;285;12756)
(446;285;12756)
(446;285;12772)
(447;286;12772)
(447;286;12789)
(448;286;12789)
(448;286;12806)
(449;286;12806)
(449;286;12806)
(449;286;12822)
(450;287;12823)
(450;287;12839)
(451;287;12839)
(451;287;12855)
(452;288;12856)
(453;288;12873)
(454;289;12873)
(455;289;12889)
(455;289;12890)
(455;290;12906)
(456;290;12906)
(456;290;12907)
(457;290;12923)
(457;290;12939)
(457;291;12939)
(458;291;12956)
(458;291;12956)
(459;291;12973)
(459;291;12973)
(460;292;12973)
(461;292;12989)
(462;293;12990)
(462;293;13006)
(463;294;13006)
(464;294;13022)
(465;295;13023)
(465;295;13023)
(466;296;13039)
(466;296;13039)
(467;296;13055)
(467;296;13056)
(467;296;13072)
(468;297;13073)
(468;297;13089)
(469;297;13089)
(470;298;13105)
(471;298;13106)
(473;299;13106)
(474;300;13123)
(475;301;13124)
(477;301;13139)
(478;302;13139)
(479;302;13156)
(480;303;13157)
(481;303;13173)
(481;303;13174)
(482;303;13189)
(482;304;13189)
(483;304;13205)
(483;304;13206)
(484;304;13206)
(484;304;13223)
(485;304;13223)
(486;304;13239)
(487;304;13240)
(488;304;13256)
(489;304;13257)
(489;304;13273)
(490;304;13273)
(491;304;13273)
(492;304;13289)
(493;304;13289)
(494;304;13306)
(495;303;13307)
(495;303;13323)
(496;303;13323)
(497;303;13323)
(498;303;13339)
(499;303;13339)
(499;303;13355)
(500;303;13355)
(501;303;13372)
(502;303;13373)
(503;303;13389)
(504;303;13389)
(504;303;13406)
(505;303;13406)
(506;303;13406)
(506;303;13423)
(507;303;13424)
(508;303;13439)
(508;303;13439)
(509;303;13455)
(509;303;13456)
(509;303;13473)
(510;303;13473)
(510;303;13489)
(511;303;13490)
(511;304;13506)
(512;304;13506)
(512;304;13506)
(513;305;13523)
(513;305;13523)
(514;305;13539)
(514;306;13540)
(515;306;13555)
(515;307;13556)
(516;307;13573)
(517;308;13574)
(518;309;13574)
(519;310;13589)
(519;310;13589)
(520;311;13605)
(520;311;13606)
(521;312;13622)
(521;312;13623)
(522;312;13623)
(523;313;13640)
(523;314;13640)
(524;314;13655)
(525;315;13656)
(527;316;13673)
(528;317;13673)
(529;318;13689)
(530;319;13689)
(531;319;13706)
(532;320;13706)
(534;321;13706)
(535;322;13723)
(536;322;13723)
(537;323;13739)
(538;323;13739)
(539;323;13756)
(540;324;13756)
(541;324;13773)
(542;324;13773)
(543;324;13789)
(543;325;13790)
(544;325;13807)
(544;325;13807)
(545;325;13807)
(545;325;13823)
(546;325;13823)
(547;326;13839)
(547;326;13840)
(548;326;13855)
(549;326;13856)
(550;326;13873)
(551;326;13873)
(552;327;13873)
(554;327;13889)
(555;327;13889)
(556;327;13906)
(557;328;13907)
(558;328;13923)
(559;328;13923)
(560;328;13923)
(561;328;13940)
(562;329;13940)
(562;329;13956)
(563;329;13957)
(564;329;13972)
(564;330;13973)
(564;330;13990)
(564;330;13990)
(564;330;14006)
(564;330;14006)
(564;330;14023)
(564;330;14023)
(564;330;14023)
(564;330;14040)
(564;330;14040)
(565;330;14056)
(565;330;14056)
(565;329;14072)
(565;329;14073)
(565;329;14089)
(565;329;14090)
(565;329;14107)
(565;329;14107)
(565;329;14107)
(565;329;14123)
(565;328;14124)
(566;328;14139)
(566;328;14139)
(566;328;14156)
(566;328;14156)
(567;327;14172)
(567;327;14173)
(567;327;14189)
(567;327;14190)
(568;327;14206)
(568;326;14206)
(568;326;14223)
(568;326;14223)
(569;326;14239)
(569;326;14239)
(569;326;14239)
(569;326;14256)
(569;325;14256)
(569;325;14274)
(570;325;14274)
(570;325;14290)
(570;325;14290)
(570;325;14305)
(570;325;14306)
(570;325;14323)
(570;325;14323)
(570;325;14324)
(570;325;14339)
(571;325;14356)
(571;325;14372)
(571;325;14372)
(571;325;14389)
(571;325;14389)
(571;325;14406)
(571;325;14407)
(571;325;14407)
(571;325;14423)
(571;325;14423)
(571;325;14439)
(571;325;14440)
(571;325;14455)
(570;325;14456)
(570;325;14473)
(570;325;14473)
(570;325;14473)
(570;325;14489)
(570;325;14490)
(570;325;14505)
(570;325;14506)
(570;325;14523)
(570;325;14523)
(570;325;14540)
(570;325;14540)
(570;325;14540)
(570;325;14556)
(570;325;14557)
(570;325;14574)
(570;325;14574)
(570;325;14589)
(570;325;14590)
(570;325;14590)
(570;325;14607)
(570;325;14607)
(570;325;14623)
(570;325;14623)
(570;325;14640)
(570;325;14640)
(570;325;14655)
(570;325;14655)
(570;325;14673)
(570;325;14673)
(570;325;14689)
(570;325;14689)
(570;325;14706)
(570;325;14707)
(570;325;14707)
(570;325;14722)
(570;325;14723)
(570;325;14740)
(570;325;14740)
(570;325;14756)
(570;325;14757)
(570;325;14773)
(570;325;14773)
(570;325;14773)
(570;325;14789)
(570;325;14790)
(570;325;14806)
(570;325;14807)
(570;325;14823)
(570;325;14824)
(570;325;14824)
(570;325;14839)
(570;325;14839)
(570;325;14855)
(570;325;14856)
(570;325;14872)
(570;325;14873)
(570;325;14889)
(570;325;14889)
(570;325;14906)
(570;325;14906)
(570;325;14906)
(570;325;14923)
(570;325;14923)
(570;325;14939)
(570;325;14939)
(570;324;14957)
(570;324;14957)
(570;324;14972)
(570;324;14972)
(570;324;14989)
(570;324;14989)
(570;324;15006)
(570;324;15006)
(570;324;15007)
(570;324;15022)
(570;324;15023)
(570;324;15039)
(570;324;15040)
(570;324;15056)
(570;324;15056)
(570;324;15073)
(570;324;15074)
(570;324;15074)
(570;324;15089)
(570;324;15089)
(570;324;15106)
(570;324;15106)
(570;324;15123)
(570;324;15123)
(570;324;15123)
(570;324;15139)
(570;324;15139)
(570;324;15157)
(570;324;15157)
(570;324;15173)
(570;324;15173)
(570;324;15189)
(570;324;15189)
(570;324;15206)
(570;324;15206)
(570;324;15206)
(570;324;15224)
(570;324;15224)
(570;324;15239)
(570;324;15240)
(570;324;15256)
(570;324;15256)
(570;324;15273)
(570;324;15273)
(570;324;15289)
(570;324;15289)
(570;324;15307)
(570;324;15307)
(570;324;15307)
(570;324;15323)
(570;324;15323)
(570;324;15339)
(570;324;15340)
(570;324;15356)
(570;324;15356)
(570;324;15373)
(570;324;15373)
(570;324;15373)
(571;324;15389)
(571;324;15390)
(572;324;15406)
(573;324;15406)
(574;323;15423)
(575;323;15423)
(576;322;15439)
(577;322;15439)
(578;322;15439)
(579;321;15456)
(579;321;15456)
(580;321;15473)
(581;320;15474)
(582;320;15490)
(582;320;15490)
(583;320;15507)
(583;320;15507)
(583;320;15507)
(583;320;15523)
(584;320;15524)
(584;320;15540)
(584;320;15541)
(584;320;15556)
(584;320;15557)
(585;320;15574)
(585;320;15574)
(585;320;15574)
(585;320;15590)
(585;320;15591)
(586;320;15607)
(586;321;15607)
(587;321;15623)
(587;321;15623)
(588;322;15640)
(589;322;15640)
(589;322;15657)
(590;323;15658)
(591;323;15658)
(591;324;15674)
(593;324;15674)
(594;325;15690)
(595;326;15691)
(596;327;15706)
(596;327;15707)
(597;328;15723)
(598;329;15723)
(599;330;15724)
(600;330;15740)
(601;331;15740)
(602;332;15757)
(603;332;15757)
(604;333;15774)
(604;333;15774)
(604;333;15790)
(605;334;15791)
(606;334;15791)
(607;335;15807)
(609;336;15807)
(610;337;15824)
(611;338;15824)
(612;338;15840)
(614;339;15840)
(615;340;15857)
(617;341;15857)
(618;342;15873)
(619;342;15873)
(621;343;15874)
(622;344;15890)
(623;345;15890)
(625;346;15907)
(626;347;15907)
(628;348;15924)
(629;349;15924)
(631;350;15940)
(632;351;15940)
(633;351;15957)
(634;352;15957)
(635;352;15974)
(635;353;15974)
(636;353;15974)
(637;353;15990)
(638;354;15991)
(639;354;16007)
(639;355;16007)
(640;355;16023)
(640;355;16023)
(640;355;16023)
(641;356;16040)
(642;356;16040)
(642;357;16057)
(643;357;16057)
(644;357;16074)
(644;357;16074)
(645;358;16090)
(646;359;16107)
(647;360;16153)
(648;361;16153)
(648;361;16154)
(649;361;16154)
(649;361;16169)
(650;362;16170)
(650;363;16186)
(651;363;16187)
(652;364;16203)
(652;365;16203)
(653;366;16203)
(653;366;16219)
(654;367;16219)
(655;368;16236)
(655;370;16236)
(656;371;16253)
(657;372;16253)
(658;373;16269)
(658;374;16269)
(659;375;16285)
(659;377;16286)
(660;379;16303)
(661;380;16303)
(661;381;16304)
(662;382;16319)
(663;383;16320)
(663;384;16336)
(663;384;16336)
(664;385;16353)
(664;385;16353)
(664;386;16369)
(665;387;16369)
(666;388;16386)
(667;389;16386)
(667;391;16386)
(668;392;16403)
(669;393;16403)
(670;395;16419)
(670;396;16420)
(671;398;16436)
(672;399;16436)
(673;400;16453)
(673;401;16454)
(674;402;16454)
(675;403;16470)
(675;405;16470)
(676;406;16486)
(677;408;16487)
(678;410;16502)
(679;411;16503)
(680;413;16503)
(681;415;16519)
(683;416;16519)
(684;418;16536)
(685;419;16537)
(686;421;16553)
(687;422;16554)
(688;424;16570)
(689;425;16570)
(690;426;16586)
(690;427;16586)
(691;428;16587)
(691;429;16603)
(692;430;16603)
(693;431;16620)
(694;432;16620)
(694;433;16636)
(695;434;16636)
(695;435;16653)
(696;436;16653)
(697;437;16670)
(698;438;16670)
(698;439;16670)
(699;440;16687)
(700;442;16687)
(701;443;16703)
(702;444;16703)
(703;445;16720)
(704;446;16720)
(704;447;16736)
(705;448;16736)
(706;449;16754)
(706;449;16754)
(707;450;16754)
(707;451;16770)
(708;452;16770)
(709;452;16786)
(709;453;16787)
(710;453;16803)
(710;454;16803)
(711;455;16803)
(711;455;16819)
(711;456;16819)
(712;456;16836)
(713;457;16837)
(713;458;16853)
(714;460;16853)
(715;461;16870)
(716;462;16870)
(717;464;16870)
(718;465;16886)
(719;466;16886)
(719;467;16903)
(720;468;16903)
(720;469;16920)
(721;470;16920)
(721;471;16936)
(722;471;16936)
(722;472;16953)
(723;473;16953)
(723;473;16970)
(723;474;16970)
(723;474;16970)
(724;476;16986)
(724;477;16986)
(725;479;17003)
(726;481;17003)
(727;482;17019)
(727;484;17019)
(728;485;17036)
(728;487;17036)
(730;490;17053)
(730;492;17053)
(731;494;17069)
(731;495;17069)
(731;496;17087)
(732;497;17087)
(732;497;17103)
(732;498;17103)
(732;498;17104)
(732;499;17119)
(733;499;17119)
(733;500;17136)
(733;500;17136)
(733;501;17153)
(734;502;17153)
(734;502;17170)
(734;503;17170)
(734;503;17170)
(734;504;17186)
(734;504;17186)
(734;504;17203)
(734;504;17204)
(734;504;17220)
(734;504;17220)
(734;504;17236)
(734;504;17237)
(734;504;17252)
(734;504;17252)
(734;504;17269)
(734;504;17269)
(735;505;17286)
(735;505;17287)
(735;505;17287)
(735;505;17302)
(735;505;17302)
(735;506;17320)
(736;506;17320)
(736;507;17336)
(736;507;17336)
(737;508;17353)
(738;509;17354)
(738;510;17370)
(739;510;17370)
(739;511;17386)
(739;511;17386)
(740;512;17402)
(740;512;17403)
(740;512;17403)
(740;512;17420)
(740;512;17420)
(740;512;17437)
(740;512;17437)
(740;512;17453)
(740;512;17453)
(740;512;17470)
(740;513;17470)
(740;513;17470)
(741;513;17487)
(741;514;17487)
(741;514;17503)
(742;515;17503)
(742;515;17519)
(743;516;17520)
(743;516;17536)
(743;516;17536)
(744;517;17552)
(744;517;17552)
(744;517;17570)
(744;517;17570)
(744;518;17570)
(744;518;17586)
(745;518;17587)
(745;518;17603)
(745;518;17603)
(745;518;17619)
(745;518;17620)
(745;518;17636)
(745;518;17636)
(745;518;17652)
(745;518;17653)
(745;518;17653)
(745;518;17670)
(745;518;17670)
(745;518;17686)
(746;518;17686)
(746;518;17703)
(746;518;17703)
(746;518;17703)
(746;518;17720)
(746;518;17720)
(746;518;17736)
(746;518;17737)
(747;518;17752)
(747;518;17753)
(748;518;17769)
(748;518;17770)
(749;519;17770)
(750;519;17786)
(752;519;17786)
(753;520;17803)
(753;520;17804)
(754;520;17819)
(755;520;17820)
(756;521;17836)
(756;521;17836)
(757;521;17853)
(757;521;17853)
(757;521;17870)
(757;521;17870)
(757;521;17870)
(757;521;17886)
(757;521;17886)
(757;521;17903)
(757;521;17903)
(757;521;17920)
(757;521;17920)
(757;521;17937)
(757;521;17937)
(757;521;17953)
(757;521;17953)
(757;521;17953)
(757;521;17970)
(757;521;17970)
(757;521;17987)
(757;521;17987)
(757;521;18003)
(757;521;18004)
(757;521;18004)
(757;521;18020)
(757;521;18020)
(757;521;18036)
(757;521;18036)
(757;521;18053)
(757;521;18054)
(757;521;18069)
(757;521;18069)
(757;521;18086)
(757;521;18086)
(757;521;18087)
(757;521;18103)
(757;520;18103)
(757;520;18119)
(757;520;18120)
(756;519;18136)
(755;519;18136)
(753;518;18153)
(751;517;18154)
(749;514;18170)
(747;512;18205)
