(43;335;0)
(43;334;200)
(43;334;216)
(43;333;216)
(43;333;233)
(43;333;233)
(43;333;249)
(44;333;250)
(44;333;266)
(44;333;267)
(44;333;267)
(44;333;283)
(44;333;283)
(44;332;299)
(44;332;299)
(44;332;316)
(44;332;316)
(44;332;316)
(44;332;332)
(44;332;332)
(45;332;349)
(45;331;349)
(46;331;367)
(46;331;367)
(47;331;383)
(48;331;383)
(49;330;383)
(49;330;399)
(50;330;399)
(51;330;416)
(51;330;416)
(52;329;433)
(53;329;433)
(53;329;450)
(53;329;450)
(54;329;466)
(54;329;482)
(54;329;483)
(54;329;499)
(54;329;499)
(54;328;499)
(55;328;516)
(55;328;517)
(55;328;532)
(56;328;532)
(56;328;550)
(57;327;550)
(58;327;566)
(58;326;566)
(59;326;566)
(60;325;583)
(60;325;583)
(61;325;599)
(61;324;599)
(61;324;616)
(61;324;616)
(61;324;616)
(61;324;633)
(61;324;633)
(61;324;649)
(61;324;649)
(61;324;666)
(61;324;666)
(61;324;682)
(62;324;682)
(62;324;699)
(62;324;700)
(62;324;700)
(62;324;716)
(62;324;716)
(62;324;732)
(62;324;732)
(62;324;749)
(62;324;749)
(62;324;766)
(62;324;782)
(62;324;782)
(62;324;799)
(62;324;799)
(62;324;799)
(62;324;816)
(62;324;816)
(62;324;832)
(62;324;832)
(62;324;849)
(62;324;850)
(62;324;866)
(62;324;866)
(62;324;866)
(62;324;882)
(62;324;882)
(62;324;899)
(62;324;899)
(62;324;917)
(62;324;917)
(62;324;917)
(62;324;933)
(62;324;933)
(62;324;948)
(62;324;949)
(62;324;965)
(62;324;966)
(62;324;982)
(62;324;983)
(62;324;998)
(62;324;999)
(62;324;1015)
(62;324;1015)
(62;324;1015)
(62;324;1032)
(62;324;1033)
(62;324;1049)
(62;324;1049)
(62;324;1066)
(62;324;1066)
(62;324;1082)
(62;324;1083)
(62;324;1083)
(62;324;1098)
(62;324;1099)
(62;324;1116)
(62;324;1116)
(62;324;1132)
(62;324;1132)
(62;324;1149)
(62;324;1149)
(62;324;1166)
(62;324;1166)
(62;324;1166)
(62;324;1183)
(62;324;1183)
(62;324;1198)
(62;324;1199)
(62;324;1216)
(62;324;1216)
(62;324;1216)
(62;324;1232)
(62;324;1233)
(62;324;1249)
(62;324;1249)
(62;324;1266)
(62;324;1266)
(62;324;1282)
(62;324;1283)
(62;324;1299)
(62;324;1299)
(62;324;1300)
(62;324;1315)
(63;324;1315)
(63;324;1332)
(64;323;1332)
(64;323;1349)
(65;323;1350)
(65;323;1366)
(66;323;1366)
(66;323;1382)
(67;323;1383)
(67;323;1399)
(67;323;1399)
(67;323;1399)
(67;323;1415)
(68;323;1415)
(68;322;1432)
(69;322;1433)
(70;322;1449)
(71;322;1449)
(72;322;1449)
(73;322;1466)
(74;322;1466)
(74;322;1482)
(75;322;1482)
(75;322;1499)
(76;322;1499)
(77;322;1516)
(77;321;1516)
(78;321;1516)
(78;321;1533)
(79;321;1533)
(79;321;1548)
(79;321;1548)
(79;321;1566)
(79;321;1566)
(79;321;1582)
(79;321;1583)
(80;321;1583)
(80;321;1599)
(81;321;1600)
(81;321;1615)
(82;321;1615)
(83;321;1632)
(83;321;1633)
(84;321;1648)
(84;321;1649)
(85;322;1666)
(86;322;1666)
(87;322;1682)
(88;322;1682)
(89;323;1699)
(90;323;1699)
(91;323;1699)
(92;324;1715)
(94;324;1716)
(95;324;1732)
(96;325;1732)
(97;325;1749)
(99;326;1749)
(100;326;1749)
(102;326;1766)
(103;327;1766)
(104;327;1782)
(106;327;1782)
(107;328;1799)
(108;328;1799)
(109;328;1816)
(111;328;1816)
(112;328;1816)
(113;328;1832)
(115;328;1832)
(115;328;1849)
(116;328;1849)
(117;328;1865)
(117;328;1866)
(118;328;1882)
(119;328;1882)
(120;328;1898)
(121;328;1899)
(122;328;1915)
(123;328;1915)
(124;328;1915)
(125;328;1932)
(125;328;1933)
(126;328;1949)
(127;327;1949)
(128;327;1966)
(129;327;1966)
(130;327;1983)
(131;327;1983)
(132;326;1983)
(133;326;2000)
(134;326;2000)
(135;326;2016)
(137;326;2017)
(138;326;2032)
(139;325;2032)
(140;325;2049)
(142;325;2050)
(143;325;2050)
(144;325;2066)
(145;324;2066)
(146;324;2083)
(147;324;2083)
(148;324;2099)
(148;324;2100)
(149;324;2115)
(150;324;2116)
(151;324;2116)
(152;323;2132)
(153;323;2133)
(154;323;2149)
(155;322;2149)
(156;322;2166)
(157;322;2167)
(159;322;2183)
(160;322;2183)
(161;322;2183)
(162;322;2199)
(163;322;2199)
(164;322;2217)
(165;322;2217)
(166;322;2233)
(167;322;2233)
(168;322;2250)
(169;322;2251)
(170;322;2266)
(171;322;2266)
(171;321;2282)
(172;321;2282)
(173;321;2299)
(174;321;2299)
(175;321;2299)
(176;321;2316)
(177;321;2316)
(177;321;2333)
(178;320;2333)
(179;320;2350)
(180;320;2351)
(180;320;2351)
(181;320;2366)
(182;320;2367)
(183;320;2383)
(183;320;2383)
(184;320;2399)
(184;320;2399)
(185;320;2415)
(186;320;2416)
(187;319;2416)
(188;319;2433)
(189;319;2433)
(190;319;2449)
(191;319;2450)
(191;319;2466)
(192;319;2467)
(192;319;2482)
(193;319;2483)
(194;319;2499)
(196;319;2500)
(197;319;2500)
(198;319;2516)
(199;319;2516)
(199;319;2532)
(199;319;2533)
(200;319;2549)
(200;319;2550)
(200;319;2566)
(201;318;2567)
(202;318;2583)
(203;317;2583)
(204;317;2583)
(204;317;2600)
(205;316;2600)
(206;316;2616)
(207;315;2616)
(208;314;2633)
(209;314;2634)
(210;313;2649)
(211;312;2649)
(212;312;2649)
(213;311;2666)
(213;310;2667)
(214;310;2683)
(216;309;2683)
(217;308;2700)
(218;307;2700)
(220;306;2717)
(221;305;2717)
(221;305;2733)
(222;304;2734)
(223;304;2749)
(224;304;2750)
(224;303;2766)
(225;303;2766)
(226;302;2783)
(227;302;2783)
(228;301;2799)
(228;301;2800)
(229;300;2800)
(229;300;2816)
(230;300;2817)
(230;300;2832)
(231;299;2833)
(232;299;2849)
(232;299;2850)
(233;298;2865)
(234;298;2866)
(235;298;2883)
(235;298;2884)
(236;297;2884)
(236;297;2899)
(237;297;2900)
(237;297;2916)
(238;297;2916)
(238;297;2934)
(239;296;2934)
(240;296;2949)
(240;296;2949)
(241;296;2950)
(242;296;2966)
(243;295;2966)
(244;295;2983)
(245;295;2983)
(246;295;2999)
(247;295;3000)
(248;294;3016)
(248;294;3016)
(250;294;3016)
(250;293;3032)
(251;293;3032)
(252;293;3050)
(253;292;3050)
(254;292;3066)
(255;291;3067)
(256;291;3083)
(257;290;3084)
(257;290;3100)
(258;290;3100)
(258;290;3100)
(259;290;3116)
(259;289;3117)
(260;289;3133)
(260;289;3133)
(260;289;3149)
(261;289;3150)
(261;289;3166)
(262;289;3166)
(263;288;3183)
(264;288;3199)
(265;288;3199)
(266;288;3199)
(266;288;3216)
(267;288;3216)
(269;288;3233)
(270;288;3233)
(271;288;3249)
(273;288;3249)
(274;288;3249)
(275;288;3266)
(276;288;3266)
(277;288;3283)
(278;289;3284)
(279;289;3299)
(280;289;3300)
(282;289;3316)
(282;289;3316)
(283;289;3316)
(285;289;3333)
(286;289;3333)
(287;289;3350)
(288;289;3350)
(289;289;3366)
(290;289;3367)
(291;289;3382)
(292;289;3383)
(293;289;3399)
(294;289;3399)
(295;289;3417)
(296;289;3417)
(297;290;3417)
(298;290;3433)
(298;290;3434)
(299;290;3450)
(300;290;3450)
(301;290;3466)
(302;291;3467)
(303;291;3483)
(304;291;3483)
(305;291;3483)
(306;292;3499)
(307;292;3500)
(307;292;3516)
(308;292;3516)
(308;292;3532)
(309;293;3532)
(309;293;3550)
(310;293;3550)
(310;293;3550)
(311;293;3566)
(311;293;3566)
(312;293;3582)
(312;293;3582)
(313;293;3600)
(314;293;3600)
(315;294;3616)
(317;294;3616)
(319;295;3617)
(321;295;3633)
(322;296;3634)
(323;296;3649)
(324;297;3650)
(326;298;3667)
(327;298;3667)
(328;299;3667)
(329;299;3684)
(330;299;3684)
(330;299;3700)
(330;299;3700)
(330;299;3716)
(330;299;3716)
(330;299;3732)
(330;299;3733)
(330;299;3750)
(330;299;3750)
(330;299;3767)
(330;299;3767)
(330;300;3783)
(330;300;3783)
(330;300;3783)
(330;300;3800)
(330;300;3800)
(330;300;3816)
(331;300;3816)
(331;301;3832)
(332;301;3832)
(333;302;3850)
(335;304;3850)
(336;305;3851)
(337;307;3866)
(339;309;3866)
(340;311;3883)
(341;312;3883)
(342;312;3900)
(342;313;3900)
(342;313;3916)
(342;313;3916)
(342;313;3916)
(342;313;3932)
(342;313;3932)
(342;313;3949)
(342;313;3950)
(342;313;3966)
(342;313;3966)
(342;313;3983)
(342;313;3983)
(342;313;3983)
(342;313;3999)
(342;313;4000)
(342;313;4016)
(342;313;4016)
(342;313;4033)
(342;313;4033)
(342;313;4050)
(342;313;4051)
(342;313;4066)
(342;313;4069)
(342;313;4069)
(342;313;4082)
(342;313;4100)
(342;313;4100)
(342;313;4100)
(342;313;4117)
(342;313;4117)
(342;313;4133)
(342;313;4133)
(342;313;4150)
(342;313;4150)
(342;313;4150)
(342;313;4166)
(342;313;4166)
(342;313;4184)
(342;313;4184)
(342;313;4199)
(342;313;4200)
(342;313;4216)
(342;313;4216)
(342;313;4216)
(342;313;4232)
(342;313;4232)
(342;313;4250)
(342;313;4250)
(342;313;4266)
(342;313;4267)
(342;313;4267)
(342;313;4283)
(342;313;4283)
(342;313;4299)
(342;313;4300)
(342;313;4317)
(342;313;4317)
(342;313;4332)
(342;313;4333)
(342;313;4349)
(342;313;4350)
(342;313;4367)
(342;313;4367)
(342;313;4383)
(342;313;4383)
(342;313;4383)
(342;313;4400)
(342;313;4400)
(342;313;4417)
(342;313;4417)
(342;313;4433)
(342;313;4433)
(342;313;4450)
(342;313;4450)
(342;313;4450)
(342;313;4467)
(342;313;4467)
(342;313;4482)
(342;313;4483)
(342;313;4500)
(342;313;4500)
(342;313;4516)
(342;313;4516)
(342;313;4517)
(343;313;4533)
(343;313;4533)
(343;313;4550)
(343;313;4550)
(344;313;4566)
(344;314;4567)
(345;314;4583)
(346;315;4583)
(347;316;4583)
(348;318;4600)
(349;319;4617)
(350;320;4617)
(351;321;4617)
(352;322;4633)
(352;323;4633)
(353;323;4650)
(353;323;4650)
(353;323;4666)
(353;323;4667)
(353;323;4683)
(353;323;4683)
(353;323;4700)
(353;323;4700)
(353;323;4700)
(353;323;4716)
(353;323;4716)
(353;323;4732)
(353;323;4749)
(353;324;4750)
(353;324;4750)
(353;324;4750)
(353;324;4766)
(353;324;4766)
(354;325;4783)
(354;325;4783)
(354;326;4800)
(354;326;4800)
(355;327;4817)
(355;327;4817)
(355;328;4817)
(355;328;4832)
(355;328;4832)
(355;329;4850)
(355;329;4850)
(356;329;4866)
(356;329;4866)
(356;329;4883)
(356;329;4883)
(356;329;4883)
(356;329;4900)
(356;329;4900)
(356;329;4916)
(356;330;4916)
(356;330;4933)
(356;330;4933)
(356;330;4949)
(356;331;4950)
(357;332;4966)
(357;333;4966)
(357;335;4982)
(358;336;4983)
(358;337;5000)
(358;338;5000)
(358;338;5000)
(358;339;5017)
(358;339;5017)
(358;339;5033)
(358;339;5033)
(358;339;5049)
(358;339;5050)
(358;339;5050)
(358;339;5066)
(358;339;5066)
(358;339;5083)
(358;339;5083)
(358;339;5100)
(358;339;5100)
(358;339;5116)
(358;339;5117)
(358;339;5117)
(358;339;5134)
(358;339;5134)
(358;339;5149)
(359;339;5150)
(359;339;5167)
(360;339;5167)
(361;340;5167)
(361;340;5183)
(362;341;5199)
(363;341;5199)
(364;341;5199)
(365;342;5216)
(366;342;5217)
(367;343;5233)
(367;343;5233)
(368;343;5249)
(368;343;5249)
(368;343;5266)
(369;343;5267)
(369;343;5267)
(369;343;5283)
(369;343;5283)
(370;343;5300)
(370;343;5300)
(370;343;5316)
(371;343;5316)
(371;343;5332)
(371;343;5332)
(372;343;5350)
(373;343;5350)
(374;343;5350)
(375;343;5366)
(376;343;5366)
(377;343;5383)
(378;343;5383)
(379;344;5399)
(380;344;5399)
(380;344;5416)
(381;344;5416)
(381;344;5416)
(381;344;5433)
(382;344;5449)
(382;344;5450)
(383;344;5479)
(384;344;5479)
(384;344;5479)
(385;344;5479)
(386;344;5479)
(387;344;5496)
(388;344;5496)
(389;344;5512)
(390;344;5513)
(391;345;5530)
(392;345;5530)
(393;345;5530)
(394;345;5546)
(395;345;5546)
(396;346;5563)
(396;346;5563)
(397;346;5580)
(398;346;5580)
(398;346;5596)
(399;346;5597)
(400;346;5597)
(400;346;5612)
(401;347;5612)
(401;347;5630)
(402;347;5630)
(402;347;5647)
(403;348;5647)
(404;348;5647)
(405;348;5663)
(405;348;5664)
(406;348;5680)
(407;349;5680)
(408;349;5696)
(409;349;5696)
(410;350;5712)
(412;350;5712)
(414;351;5729)
(415;351;5729)
(417;352;5746)
(418;352;5746)
(419;353;5763)
(421;353;5763)
(422;354;5763)
(423;354;5779)
(424;355;5780)
(425;355;5797)
(426;355;5797)
(426;355;5812)
(427;355;5813)
(427;355;5829)
(427;355;5830)
(427;355;5830)
(428;355;5846)
(428;355;5847)
(428;355;5864)
(428;355;5864)
(428;355;5879)
(429;355;5879)
(429;354;5896)
(430;354;5897)
(431;354;5897)
(432;353;5913)
(433;353;5913)
(434;352;5930)
(435;351;5930)
(436;351;5946)
(437;350;5947)
(438;350;5963)
(439;349;5963)
(439;349;5980)
(440;349;5980)
(441;348;5980)
(442;348;5997)
(442;348;5998)
(443;348;6013)
(444;347;6013)
(444;347;6030)
(445;347;6030)
(446;346;6046)
(447;346;6047)
(448;346;6047)
(449;346;6063)
(451;346;6063)
(452;346;6079)
(453;346;6080)
(455;346;6097)
(456;346;6097)
(457;346;6114)
(459;346;6114)
(460;346;6130)
(461;346;6131)
(463;346;6131)
(464;346;6147)
(466;346;6147)
(467;347;6164)
(469;347;6164)
(470;347;6179)
(471;347;6180)
(472;347;6197)
(473;347;6197)
(475;347;6197)
(476;348;6213)
(478;348;6213)
(479;348;6230)
(480;348;6230)
(482;348;6246)
(483;348;6247)
(485;349;6247)
(487;349;6263)
(489;349;6263)
(491;349;6280)
(492;349;6280)
(494;349;6297)
(495;349;6297)
(497;349;6313)
(498;349;6313)
(499;349;6330)
(500;349;6330)
(501;349;6346)
(502;349;6347)
(503;349;6363)
(504;349;6363)
(505;349;6363)
(506;348;6380)
(507;348;6380)
(508;348;6397)
(509;347;6397)
(510;347;6413)
(512;346;6414)
(513;346;6430)
(514;346;6431)
(515;345;6431)
(516;345;6447)
(518;344;6447)
(519;344;6463)
(520;343;6463)
(522;343;6480)
(523;342;6481)
(525;342;6496)
(526;342;6497)
(528;341;6497)
(529;341;6513)
(531;340;6514)
(533;340;6530)
(535;340;6530)
(536;339;6546)
(538;339;6547)
(539;339;6547)
(541;338;6564)
(543;338;6564)
(544;337;6580)
(546;337;6580)
(549;337;6597)
(551;337;6613)
(552;336;6614)
(554;336;6630)
(556;336;6631)
(558;335;6647)
(560;335;6647)
(562;335;6647)
(565;335;6663)
(567;334;6663)
(568;334;6680)
(570;333;6680)
(572;333;6697)
(574;333;6697)
(576;332;6713)
(578;332;6714)
(580;331;6730)
(582;331;6730)
(584;331;6730)
(586;330;6747)
(588;330;6747)
(589;329;6763)
(591;329;6763)
(593;329;6780)
(594;328;6780)
(595;328;6796)
(597;328;6797)
(598;328;6797)
(599;327;6813)
(600;327;6813)
(600;327;6830)
(601;327;6830)
(602;327;6847)
(603;327;6847)
(604;327;6847)
(605;327;6864)
(606;327;6864)
(607;327;6880)
(608;327;6881)
(610;327;6896)
(611;327;6896)
(613;328;6913)
(614;328;6914)
(619;330;6942)
(620;331;6942)
(622;332;6959)
(624;333;6959)
(625;334;6976)
(627;334;6976)
(628;335;6976)
(629;336;6993)
(631;336;6993)
(632;337;7010)
(633;337;7010)
(633;338;7027)
(634;338;7027)
(634;338;7027)
(635;338;7043)
(635;339;7043)
(635;339;7059)
(635;339;7060)
(636;339;7076)
(636;339;7077)
(636;339;7093)
(637;339;7093)
(637;339;7110)
(637;339;7110)
(638;339;7126)
(638;339;7126)
(639;340;7143)
(640;340;7144)
(641;340;7144)
(642;341;7160)
(643;341;7160)
(644;341;7176)
(646;342;7176)
(647;342;7193)
(649;342;7193)
(650;343;7210)
(651;343;7210)
(652;344;7210)
(653;344;7226)
(654;344;7226)
(655;344;7243)
(656;344;7244)
(658;345;7260)
(659;345;7260)
(660;345;7277)
(661;345;7277)
(662;345;7277)
(664;345;7292)
(665;345;7293)
(666;345;7310)
(667;346;7310)
(668;346;7326)
(669;346;7327)
(670;346;7327)
(671;346;7343)
(671;346;7344)
(672;346;7359)
(672;346;7359)
(673;346;7377)
(673;346;7377)
(673;346;7393)
(674;346;7393)
(674;346;7409)
(674;346;7410)
(675;346;7426)
(675;346;7427)
(676;346;7427)
(676;346;7444)
(677;346;7444)
(677;346;7460)
(678;346;7460)
(678;346;7477)
(679;346;7477)
(680;346;7493)
(680;346;7493)
(682;346;7509)
(683;346;7509)
(683;346;7527)
(684;346;7527)
(684;346;7543)
(685;346;7543)
(685;346;7560)
(686;346;7561)
(687;346;7576)
(687;346;7576)
(688;346;7593)
(689;346;7593)
(689;346;7610)
(690;346;7610)
(691;346;7627)
(691;346;7627)
(692;346;7627)
(693;346;7643)
(694;346;7643)
(695;346;7660)
(696;346;7660)
(696;346;7676)
(696;346;7676)
(697;346;7693)
(697;346;7693)
(698;346;7709)
(698;346;7709)
(699;346;7726)
(699;347;7727)
(700;347;7727)
(700;347;7743)
(701;347;7743)
(701;347;7759)
(701;347;7760)
(702;347;7777)
(702;347;7777)
(702;347;7794)
(703;347;7795)
(703;348;7810)
(703;348;7810)
(704;348;7810)
(704;348;7827)
(705;348;7827)
(706;349;7845)
(707;349;7845)
(707;349;7860)
(708;349;7861)
(709;350;7877)
(710;350;7877)
(711;350;7877)
(712;351;7893)
(712;351;7894)
(713;351;7911)
(714;352;7912)
(714;352;7927)
(714;352;7927)
(715;352;7927)
(715;352;7944)
(715;352;7944)
(715;352;7960)
(716;353;7960)
(716;353;7978)
(717;353;7978)
(717;353;7994)
(718;354;7994)
(719;354;8011)
(720;355;8011)
(721;356;8012)
(723;356;8027)
(724;357;8028)
(725;357;8044)
(726;358;8045)
(727;358;8061)
(728;358;8061)
(729;359;8077)
(730;359;8079)
(731;359;8094)
(732;359;8094)
(732;360;8111)
(732;360;8111)
(733;360;8111)
(733;360;8128)
(733;360;8128)
(734;360;8144)
(734;360;8144)
(735;360;8161)
(735;361;8162)
(736;361;8178)
(737;361;8178)
(737;361;8179)
(738;361;8194)
(739;362;8195)
(739;362;8210)
(740;362;8211)
(740;362;8228)
(741;363;8228)
(742;363;8228)
(742;363;8244)
(743;364;8245)
(743;364;8261)
(744;364;8261)
(744;364;8277)
(744;365;8278)
(744;365;8294)
(744;365;8294)
(744;365;8310)
(744;365;8311)
(744;365;8328)
(744;365;8328)
(744;365;8328)
(745;365;8344)
(745;365;8344)
(745;365;8361)
(745;366;8361)
(745;366;8377)
(745;366;8378)
(745;366;8393)
(745;367;8394)
(745;369;8410)
(745;370;8411)
(745;372;8411)
(745;374;8427)
(745;375;8428)
(745;376;8445)
(745;377;8445)
(745;377;8460)
(745;377;8461)
(744;377;8478)
(744;377;8478)
(744;377;8478)
(744;377;8494)
(744;377;8494)
(743;377;8511)
(742;377;8511)
(741;377;8528)
(740;378;8528)
(739;378;8528)
(738;378;8545)
(737;379;8545)
(736;379;8561)
(735;379;8561)
(734;379;8577)
(734;380;8578)
(733;380;8594)
(733;380;8595)
(732;380;8595)
(731;380;8610)
(730;380;8627)
(730;381;8628)
(729;381;8628)
(729;381;8644)
(728;381;8645)
(728;381;8661)
(727;381;8677)
(727;382;8677)
(727;382;8693)
(726;382;8694)
(726;382;8711)
(725;382;8711)
(724;383;8711)
(723;383;8727)
(723;383;8727)
(723;383;8744)
(722;383;8744)
(721;384;8760)
(721;384;8761)
(720;384;8777)
(719;384;8778)
(719;384;8778)
(718;385;8794)
(717;385;8795)
(717;385;8811)
(716;386;8811)
(716;386;8827)
(715;386;8828)
(715;387;8828)
(715;387;8844)
(715;388;8845)
(714;388;8860)
(714;388;8860)
(714;389;8877)
(714;389;8878)
(714;389;8894)
(714;389;8894)
(714;389;8911)
(714;389;8911)
(714;390;8911)
(714;391;8927)
(714;392;8945)
(714;392;8945)
(714;393;8961)
(715;393;8962)
(715;394;8977)
(715;394;8977)
(716;395;8994)
(717;396;8994)
(717;397;9011)
(718;398;9011)
(719;399;9011)
(720;400;9028)
(721;401;9028)
(721;402;9044)
(722;403;9044)
(722;404;9061)
(723;405;9061)
(723;406;9078)
(724;407;9078)
(724;408;9078)
(725;408;9093)
(725;409;9094)
(725;409;9110)
(726;409;9111)
(726;410;9127)
(726;410;9128)
(727;411;9128)
(727;411;9144)
(727;411;9144)
(727;412;9161)
(727;412;9161)
(728;413;9177)
(728;413;9177)
(728;413;9194)
(728;414;9194)
(728;414;9212)
(728;414;9212)
(728;414;9228)
(728;414;9228)
(728;414;9244)
(728;414;9244)
(728;414;9244)
(727;415;9261)
(727;417;9261)
(727;418;9278)
(726;419;9278)
(726;420;9294)
(726;420;9294)
(726;421;9311)
(725;421;9311)
(725;421;9311)
(725;421;9327)
(725;421;9328)
(725;421;9345)
(725;421;9345)
(725;421;9360)
(725;421;9361)
(725;421;9378)
(725;421;9378)
(725;421;9378)
(725;421;9394)
(725;421;9394)
(725;421;9410)
(725;421;9411)
(725;421;9427)
(725;421;9428)
(725;421;9444)
(725;421;9445)
(726;421;9445)
(726;421;9461)
(726;421;9461)
(726;422;9478)
(727;422;9478)
(728;423;9494)
(729;424;9494)
(730;426;9511)
(732;427;9511)
(733;428;9528)
(734;429;9528)
(735;430;9528)
(736;431;9544)
(737;432;9544)
(738;433;9561)
(739;433;9562)
(740;433;9577)
(740;433;9577)
(741;433;9594)
(741;434;9594)
(741;434;9611)
(742;434;9611)
(742;434;9611)
(743;434;9627)
(744;433;9628)
(745;433;9645)
(746;433;9645)
(747;433;9661)
(747;433;9662)
(748;433;9677)
(749;433;9678)
(750;433;9678)
(751;433;9695)
(751;433;9695)
(752;433;9710)
(753;433;9711)
(753;433;9728)
(754;433;9728)
(754;433;9728)
(755;433;9744)
(756;433;9745)
(756;433;9761)
(757;433;9761)
(757;433;9777)
(758;433;9778)
(758;433;9794)
(759;433;9794)
(759;433;9811)
(759;433;9811)
(760;433;9811)
(760;433;9828)
(760;433;9828)
(761;433;9844)
(761;433;9845)
(761;433;9861)
(762;434;9861)
(762;434;9878)
(762;434;9878)
(763;434;9893)
(763;434;9893)
(764;434;9910)
(764;434;9911)
(765;434;9911)
(765;434;9927)
(765;434;9927)
(766;434;9944)
(766;434;9944)
(766;434;9961)
(767;435;9961)
(767;435;9977)
(768;435;9978)
(768;435;9978)
(769;435;9994)
(769;435;9994)
(770;435;10011)
(771;436;10011)
(771;436;10028)
(772;436;10028)
(773;436;10028)
(773;437;10044)
(774;437;10044)
(774;437;10060)
(775;437;10061)
(775;437;10078)
(775;437;10078)
(775;437;10094)
(775;437;10094)
(775;437;10110)
(775;437;10111)
(775;437;10111)
(776;437;10127)
(776;437;10127)
(776;437;10144)
(776;437;10145)
(776;437;10160)
(776;437;10161)
(776;437;10177)
(776;437;10178)
(776;437;10194)
(776;437;10194)
(776;438;10211)
(777;438;10211)
(777;438;10211)
(777;438;10228)
(777;438;10228)
(777;438;10244)
(777;438;10245)
(778;438;10261)
(778;438;10261)
(778;438;10277)
(778;438;10278)
(778;438;10294)
(778;438;10294)
(778;438;10310)
(778;438;10310)
(778;438;10327)
(778;438;10328)
(778;438;10328)
(778;438;10345)
(778;438;10345)
(778;438;10361)
(778;438;10361)
(778;438;10377)
(778;438;10377)
(778;438;10394)
(778;438;10394)
(778;438;10410)
(778;438;10411)
(778;438;10411)
(778;438;10427)
(778;438;10428)
(778;438;10444)
(778;438;10444)
(778;438;10461)
(778;438;10462)
(778;438;10477)
(778;438;10478)
(778;438;10494)
(778;438;10494)
(778;438;10511)
(778;438;10512)
(778;438;10512)
(778;438;10527)
(778;438;10527)
(778;438;10545)
(778;438;10545)
(778;438;10560)
(778;438;10561)
(778;438;10578)
(778;438;10578)
(778;438;10578)
(778;438;10593)
(778;438;10594)
(778;438;10611)
(778;438;10611)
(778;438;10627)
(778;438;10627)
(778;438;10627)
(778;438;10644)
(778;438;10644)
(778;438;10661)
(778;438;10661)
(779;438;10677)
(779;438;10678)
(779;437;10695)
(779;437;10695)
(779;437;10710)
(779;437;10711)
(779;437;10727)
(779;437;10728)
(779;437;10728)
(779;437;10744)
(779;437;10761)
(779;437;10762)
(779;437;10762)
(779;437;10778)
(779;437;10778)
(779;437;10794)
(779;437;10794)
(779;437;10810)
(780;437;10811)
(780;437;10811)
(780;437;10828)
(780;436;10828)
(780;436;10844)
(780;436;10844)
(780;436;10860)
(780;436;10861)
(780;436;10877)
(780;436;10877)
(780;436;10877)
(780;436;10894)
(780;436;10895)
(780;436;10911)
(780;436;10911)
(780;436;10928)
(780;436;10928)
(780;436;10928)
(781;436;10944)
(781;435;10944)
(781;435;10961)
(781;435;10962)
(781;435;10978)
(781;435;10978)
(781;435;10994)
(781;435;10994)
(781;435;11010)
(781;435;11011)
(781;435;11027)
(781;435;11027)
(781;435;11027)
(781;435;11044)
(781;435;11045)
(781;435;11061)
(781;435;11062)
(781;435;11077)
(781;435;11077)
(781;435;11094)
(781;435;11094)
(781;435;11110)
(781;435;11111)
(781;435;11127)
(781;435;11127)
(781;435;11127)
(781;435;11144)
(781;435;11144)
(781;435;11161)
(782;435;11161)
(782;435;11177)
(782;435;11178)
(782;435;11178)
(782;435;11194)
(782;435;11194)
(782;434;11210)
(783;433;11210)
(784;432;11227)
(785;430;11228)
(785;428;11228)
(786;427;11244)
(787;426;11244)
(787;425;11260)
(788;424;11261)
(788;423;11278)
(788;423;11278)
(789;422;11294)
(789;421;11294)
(790;421;11295)
(790;420;11310)
(791;420;11311)
(791;419;11327)
(792;419;11327)
(792;418;11344)
(793;418;11345)
(793;417;11360)
(793;417;11360)
(794;417;11377)
(794;416;11377)
(795;416;11394)
(795;416;11394)
(796;416;11411)
(796;415;11411)
(796;415;11411)
(797;415;11427)
(797;415;11428)
(798;415;11444)
(799;415;11444)
(801;414;11460)
(802;414;11461)
(803;414;11477)
(804;414;11478)
(806;413;11478)
(807;413;11493)
(808;413;11494)
(809;413;11510)
(809;413;11511)
(810;412;11527)
(811;412;11527)
(812;412;11527)
(813;412;11544)
(813;411;11544)
(814;411;11560)
(815;411;11561)
(815;410;11578)
(816;410;11578)
(817;410;11594)
(817;410;11594)
(818;409;11610)
(818;409;11610)
(818;409;11628)
(819;409;11628)
(819;408;11628)
(820;408;11643)
(820;407;11644)
(821;406;11660)
(822;405;11661)
(822;404;11678)
(823;403;11678)
(823;402;11693)
(823;401;11694)
(823;400;11710)
(824;399;11710)
(824;398;11710)
(824;397;11728)
(824;397;11728)
(824;396;11744)
(825;395;11744)
(825;394;11760)
(825;394;11760)
(825;394;11778)
(825;393;11778)
(825;392;11778)
(825;391;11794)
(825;389;11794)
(826;388;11810)
(826;387;11811)
(826;385;11827)
(826;385;11827)
(826;384;11827)
(826;384;11844)
(826;384;11844)
(826;384;11860)
(826;384;11860)
(826;383;11878)
(826;383;11878)
(826;383;11894)
(826;383;11894)
(826;382;11911)
(826;382;11911)
(826;381;11911)
(827;380;11927)
(827;379;11927)
(827;377;11944)
(827;376;11944)
(827;375;11960)
(828;374;11960)
(828;373;11977)
(828;373;11977)
(828;373;11993)
(828;372;11994)
(828;372;12011)
(828;372;12011)
(828;371;12011)
(828;371;12027)
(829;370;12027)
(829;369;12061)
(829;369;12062)
(829;368;12078)
(829;368;12078)
(829;368;12078)
(829;367;12094)
(829;367;12094)
(829;367;12111)
(830;367;12111)
(830;366;12127)
(830;366;12127)
(830;365;12127)
(830;364;12144)
(831;363;12144)
(831;362;12160)
(831;361;12161)
(831;360;12177)
(832;360;12178)
(832;359;12194)
(832;359;12194)
(832;359;12195)
(832;359;12210)
(832;359;12211)
(833;358;12227)
(833;358;12228)
(833;358;12244)
(834;357;12245)
(834;357;12260)
(834;357;12260)
(835;357;12277)
(835;357;12278)
(836;357;12294)
(837;357;12294)
(838;356;12294)
(839;356;12311)
(840;355;12311)
(840;355;12327)
(841;355;12328)
(842;355;12344)
(843;354;12344)
(844;354;12361)
(845;354;12361)
(845;354;12377)
(846;353;12377)
(846;353;12378)
(847;353;12394)
(847;353;12394)
(848;353;12411)
(849;353;12411)
(849;353;12427)
(849;353;12427)
(850;353;12428)
(850;353;12444)
(850;353;12444)
(850;353;12461)
(850;353;12461)
(850;353;12477)
(851;353;12478)
(851;353;12493)
(851;352;12494)
(852;352;12510)
(852;352;12511)
(852;352;12511)
(852;352;12527)
(852;352;12527)
(852;352;12544)
(852;352;12544)
(852;352;12560)
(852;352;12561)
(852;352;12577)
(852;352;12577)
(852;352;12594)
(852;352;12594)
(852;352;12611)
(852;352;12611)
(852;352;12611)
(852;352;12627)
(852;352;12628)
(852;352;12644)
(852;352;12644)
(852;352;12660)
(852;352;12660)
(852;352;12677)
(852;352;12678)
(852;352;12694)
(852;352;12694)
(852;352;12711)
(852;352;12711)
(852;352;12727)
(852;352;12727)
(852;352;12727)
(852;352;12744)
(852;352;12744)
(852;352;12761)
(852;352;12761)
(852;352;12778)
(852;352;12778)
(852;352;12794)
(852;352;12794)
(852;352;12810)
(852;352;12810)
(852;352;12827)
(852;352;12828)
(852;352;12828)
(852;352;12844)
(852;352;12844)
(852;352;12861)
(852;352;12861)
(852;352;12878)
(852;352;12878)
(852;352;12894)
(852;352;12894)
(852;352;12910)
(852;352;12911)
(852;352;12911)
(852;352;12927)
(852;352;12928)
(852;352;12944)
(852;352;12945)
(852;352;12960)
(852;352;12978)
(852;352;12978)
(852;352;12978)
(852;352;12994)
(853;352;12994)
(853;352;13010)
(853;352;13010)
(853;352;13027)
(853;352;13028)
(854;352;13028)
(854;352;13044)
(855;352;13044)
(855;352;13060)
(856;352;13061)
(857;352;13077)
(857;352;13078)
(857;352;13094)
(858;351;13094)
(859;351;13111)
(859;351;13111)
(860;351;13128)
(861;351;13129)
(861;351;13129)
(862;351;13144)
(862;351;13145)
(863;351;13161)
(863;351;13161)
(864;351;13177)
(864;351;13178)
(865;351;13194)
(865;351;13194)
(866;351;13210)
(866;351;13211)
(867;351;13211)
(867;351;13227)
(868;351;13228)
(868;351;13244)
(869;351;13245)
(870;350;13261)
(870;350;13262)
(871;350;13277)
(871;350;13278)
(872;350;13278)
(873;350;13295)
(873;349;13295)
(874;349;13311)
(875;349;13311)
(876;348;13327)
(877;348;13328)
(878;348;13328)
(879;347;13344)
(880;347;13345)
(880;346;13361)
(881;346;13361)
(882;346;13378)
(883;345;13378)
(884;344;13393)
(884;344;13394)
(885;343;13413)
(886;343;13413)
(887;342;13427)
(888;342;13428)
(889;341;13428)
(889;341;13444)
(890;340;13444)
(891;340;13460)
(892;340;13461)
(893;339;13477)
(893;338;13477)
(894;338;13494)
(895;338;13495)
(895;338;13511)
(896;337;13511)
(897;337;13511)
(897;336;13528)
(898;336;13528)
(898;335;13546)
(899;335;13546)
(899;335;13561)
(899;335;13562)
(899;335;13578)
(899;334;13578)
(900;334;13578)
(900;334;13594)
(900;334;13594)
(901;333;13611)
(902;333;13611)
(902;332;13627)
(903;332;13628)
(903;331;13628)
(904;331;13645)
(905;331;13645)
(905;330;13661)
(906;329;13661)
(906;329;13678)
(907;328;13678)
(908;327;13694)
(908;327;13694)
(909;327;13711)
(909;326;13711)
(910;326;13727)
(910;325;13728)
(911;325;13744)
(912;324;13745)
(912;323;13745)
(913;323;13760)
(914;322;13761)
(915;322;13778)
(915;321;13778)
(916;320;13794)
(916;320;13795)
(917;319;13810)
(917;319;13810)
(918;319;13811)
(918;318;13827)
(919;318;13828)
(919;317;13845)
(920;317;13845)
(921;317;13861)
(921;316;13862)
(922;316;13877)
(922;316;13878)
(923;315;13878)
(923;315;13895)
(924;315;13895)
(924;314;13911)
(925;314;13911)
(925;314;13927)
(926;313;13928)
(926;313;13945)
(927;313;13945)
(927;313;13945)
(928;313;13961)
(929;313;13961)
(930;313;13978)
(930;312;13978)
(931;312;13994)
(933;312;13994)
(934;312;14011)
(935;312;14011)
(936;312;14027)
(937;312;14027)
(938;312;14044)
(939;312;14045)
(939;312;14045)
(940;312;14061)
(941;312;14061)
(942;312;14078)
(943;312;14078)
(943;312;14079)
(944;312;14095)
(945;312;14095)
(946;312;14110)
(947;312;14110)
(948;312;14128)
(949;312;14128)
(950;312;14145)
(951;312;14145)
(952;312;14162)
(953;312;14162)
(954;312;14177)
(955;312;14177)
(956;312;14178)
(957;312;14194)
(958;312;14194)
(959;312;14211)
(960;312;14211)
(961;312;14227)
(962;312;14228)
(963;312;14228)
(964;313;14244)
(966;313;14244)
(967;313;14261)
(968;313;14261)
(970;314;14278)
(971;314;14278)
(972;314;14294)
(974;315;14294)
(975;315;14311)
(976;315;14311)
(977;315;14311)
(979;315;14328)
(980;316;14328)
(982;316;14345)
(983;316;14345)
(984;317;14361)
(985;317;14361)
(986;317;14378)
(987;318;14378)
(989;318;14394)
(990;319;14394)
(992;319;14411)
(993;319;14411)
(994;319;14411)
(996;320;14427)
(997;320;14428)
(999;320;14444)
(1000;321;14445)
(1002;321;14460)
(1003;321;14460)
(1004;322;14478)
(1006;322;14478)
(1007;322;14478)
(1009;322;14494)
(1010;322;14494)
(1011;323;14510)
(1012;323;14510)
(1013;323;14528)
(1014;323;14528)
(1015;323;14528)
(1016;323;14544)
(1016;323;14545)
(1016;323;14560)
(1017;323;14561)
(1017;323;14578)
(1017;323;14578)
(1017;323;14593)
(1018;323;14594)
(1018;323;14611)
(1018;323;14611)
(1018;323;14611)
(1018;323;14628)
(1018;323;14629)
(1018;323;14644)
(1019;323;14644)
(1019;323;14661)
(1020;323;14661)
(1020;323;14678)
(1021;323;14678)
(1021;323;14679)
(1022;323;14693)
(1022;324;14711)
(1023;324;14712)
(1023;324;14712)
(1023;324;14728)
(1023;324;14728)
(1023;324;14744)
(1023;324;14745)
(1023;324;14761)
(1023;324;14761)
(1023;324;14778)
(1023;324;14778)
(1023;324;14778)
(1023;324;14794)
(1023;324;14794)
(1023;324;14810)
(1023;324;14810)
(1023;324;14828)
(1023;324;14828)
(1023;325;14828)
(1023;326;14844)
(1023;328;14845)
(1023;331;14861)
(1023;334;14861)
