(144;204;0)
(144;205;32)
(144;205;49)
(145;205;50)
(145;206;50)
(145;206;66)
(140;204;1033)
(140;204;1049)
(140;204;1050)
(140;204;1065)
(139;204;1066)
(139;204;1082)
(139;204;1083)
(139;204;1083)
(139;204;1099)
(139;204;1099)
(139;204;1116)
(139;204;1116)
(139;204;1133)
(139;204;1133)
(139;204;1150)
(139;204;1150)
(139;204;1166)
(139;204;1167)
(139;204;1167)
(139;204;1182)
(139;204;1198)
(140;204;1215)
(140;203;1216)
(141;203;1232)
(141;203;1233)
(142;203;1249)
(142;203;1249)
(143;203;1249)
(144;202;1265)
(145;202;1266)
(146;202;1283)
(146;202;1283)
(147;202;1299)
(147;202;1299)
(148;202;1316)
(148;202;1316)
(149;202;1316)
(150;201;1333)
(151;201;1333)
(151;201;1348)
(152;201;1348)
(153;201;1365)
(154;200;1366)
(155;200;1383)
(156;200;1383)
(156;199;1383)
(157;199;1400)
(157;199;1400)
(158;199;1416)
(158;199;1417)
(158;198;1432)
(159;198;1432)
(160;198;1448)
(161;197;1449)
(162;197;1466)
(162;197;1466)
(162;197;1482)
(163;197;1483)
(164;197;1499)
(165;196;1499)
(166;196;1500)
(166;196;1516)
(167;196;1516)
(167;196;1532)
(168;196;1533)
(168;195;1549)
(169;195;1549)
(170;195;1549)
(171;195;1565)
(172;194;1566)
(173;194;1582)
(174;194;1582)
(175;194;1598)
(176;194;1599)
(177;194;1615)
(177;193;1615)
(178;193;1615)
(179;193;1633)
(180;192;1633)
(181;192;1649)
(181;192;1649)
(182;192;1665)
(182;192;1665)
(183;191;1682)
(184;191;1682)
(185;191;1699)
(186;190;1699)
(186;190;1699)
(187;190;1716)
(188;190;1716)
(189;189;1732)
(190;189;1732)
(191;188;1749)
(192;188;1749)
(192;188;1766)
(193;188;1766)
(193;187;1782)
(194;187;1782)
(195;187;1798)
(196;186;1798)
(196;186;1799)
(197;186;1816)
(198;186;1816)
(198;185;1832)
(198;185;1832)
(199;185;1849)
(200;185;1849)
(200;184;1849)
(201;184;1865)
(201;184;1865)
(201;183;1882)
(202;183;1882)
(202;183;1899)
(203;183;1899)
(204;183;1916)
(205;182;1916)
(206;181;1916)
(208;181;1932)
(209;180;1932)
(210;180;1949)
(211;179;1949)
(212;179;1966)
(213;178;1966)
(214;178;1966)
(215;178;1983)
(216;177;1983)
(217;177;1998)
(217;177;1999)
(218;176;2015)
(219;176;2015)
(220;176;2032)
(220;175;2032)
(221;175;2048)
(222;175;2048)
(224;174;2066)
(225;174;2066)
(226;173;2082)
(227;173;2082)
(228;173;2098)
(229;173;2099)
(229;172;2099)
(230;172;2116)
(231;172;2132)
(231;172;2133)
(231;172;2133)
(232;172;2149)
(232;172;2149)
(233;172;2149)
(234;172;2166)
(235;171;2166)
(236;171;2182)
(237;171;2182)
(238;171;2199)
(238;171;2199)
(239;171;2216)
(240;171;2216)
(240;171;2216)
(241;171;2233)
(241;171;2233)
(242;171;2248)
(243;171;2248)
(243;171;2265)
(244;171;2265)
(245;171;2283)
(246;171;2283)
(247;171;2283)
(247;171;2299)
(248;171;2299)
(248;171;2315)
(249;171;2316)
(249;171;2332)
(250;171;2333)
(251;171;2348)
(251;171;2349)
(252;171;2365)
(252;171;2366)
(252;171;2382)
(252;171;2382)
(253;171;2399)
(253;171;2399)
(253;171;2399)
(253;171;2416)
(253;171;2416)
(253;171;2432)
(254;172;2433)
(254;172;2449)
(254;172;2449)
(254;172;2449)
(255;172;2465)
(255;172;2466)
(255;173;2482)
(256;173;2483)
(256;173;2499)
(257;174;2499)
(257;174;2516)
(257;175;2516)
(258;175;2516)
(258;175;2531)
(259;176;2532)
(259;176;2549)
(259;177;2549)
(259;177;2565)
(260;178;2565)
(260;178;2582)
(261;179;2582)
(261;179;2599)
(261;180;2599)
(262;180;2599)
(262;180;2616)
(262;181;2616)
(263;181;2632)
(263;182;2632)
(263;182;2649)
(264;183;2649)
(264;184;2665)
(265;185;2666)
(265;185;2683)
(266;186;2683)
(266;187;2683)
(267;188;2699)
(267;188;2699)
(267;189;2716)
(268;190;2716)
(268;190;2733)
(268;190;2733)
(268;191;2749)
(269;191;2749)
(269;191;2749)
(269;192;2765)
(269;192;2765)
(270;193;2783)
(270;193;2783)
(270;193;2799)
(271;194;2799)
(272;195;2816)
(272;196;2816)
(273;197;2833)
(273;197;2833)
(274;198;2849)
(274;199;2849)
(275;199;2865)
(275;200;2866)
(276;200;2883)
(276;200;2883)
(276;201;2883)
(276;201;2899)
(277;201;2899)
(277;202;2916)
(278;202;2916)
(279;203;2932)
(280;204;2932)
(281;205;2948)
(282;205;2949)
(282;206;2965)
(283;206;2966)
(283;206;2983)
(284;206;2983)
(284;207;2983)
(285;207;2998)
(285;207;2999)
(286;207;3015)
(286;208;3016)
(287;208;3032)
(287;208;3033)
(288;208;3049)
(288;208;3049)
(289;208;3049)
(289;208;3065)
(290;208;3065)
(291;208;3083)
(291;209;3083)
(292;209;3100)
(293;209;3100)
(295;209;3116)
(296;209;3116)
(298;209;3131)
(299;209;3132)
(300;209;3149)
(301;208;3149)
(301;208;3166)
(302;208;3166)
(302;208;3182)
(303;208;3182)
(303;208;3198)
(303;208;3199)
(304;208;3199)
(304;207;3216)
(304;207;3216)
(305;207;3232)
(305;207;3232)
(306;207;3249)
(307;207;3249)
(307;207;3265)
(308;206;3266)
(309;206;3282)
(309;206;3283)
(309;206;3299)
(310;206;3299)
(310;206;3299)
(310;206;3316)
(310;206;3317)
(310;206;3332)
(310;206;3332)
(310;206;3350)
(311;206;3350)
(311;206;3350)
(311;206;3365)
(311;206;3366)
(311;206;3382)
(311;206;3382)
(311;206;3399)
(312;206;3399)
(312;206;3416)
(312;206;3416)
(312;206;3416)
(312;206;3433)
(313;206;3433)
(313;206;3449)
(313;207;3450)
(313;207;3465)
(314;207;3466)
(314;208;3482)
(315;208;3483)
(315;209;3483)
(316;209;3499)
(316;210;3499)
(316;210;3516)
(316;210;3517)
(316;210;3534)
(316;210;3534)
(316;210;3550)
(316;210;3550)
(316;210;3566)
(316;210;3567)
(316;210;3583)
(316;211;3583)
(316;211;3599)
(316;211;3599)
(316;211;3599)
(316;211;3616)
(316;212;3616)
(315;213;3633)
(315;214;3633)
(314;215;3648)
(314;216;3649)
(313;217;3649)
(313;218;3666)
(313;218;3666)
(312;219;3682)
(312;220;3682)
(311;221;3699)
(310;221;3700)
(310;222;3715)
(309;223;3716)
(308;224;3716)
(307;225;3733)
(306;226;3733)
(306;227;3749)
(305;227;3750)
(304;228;3766)
(303;228;3766)
(303;229;3783)
(302;230;3783)
(301;230;3799)
(300;231;3799)
(299;231;3815)
(298;232;3816)
(297;232;3816)
(296;233;3833)
(295;233;3833)
(294;234;3849)
(293;234;3849)
(291;235;3866)
(290;235;3866)
(289;236;3883)
(288;236;3884)
(288;237;3899)
(286;237;3899)
(285;238;3899)
(284;238;3915)
(283;239;3916)
(282;239;3933)
(282;240;3933)
(281;240;3949)
(280;241;3949)
(279;242;3949)
(278;242;3966)
(277;243;3966)
(276;244;3983)
(275;245;3983)
(274;245;3999)
(273;246;3999)
(272;247;4016)
(272;248;4016)
(271;248;4033)
(271;248;4033)
(271;249;4033)
(270;249;4049)
(269;250;4049)
(268;251;4066)
(267;252;4066)
(267;253;4083)
(266;254;4083)
(265;255;4099)
(265;255;4099)
(265;256;4116)
(264;256;4117)
(263;257;4132)
(263;258;4132)
(263;259;4149)
(262;259;4149)
(262;260;4166)
(262;260;4167)
(261;261;4183)
(261;262;4183)
(261;262;4199)
(260;263;4199)
(260;263;4199)
(260;264;4216)
(260;264;4216)
(260;265;4232)
(259;265;4233)
(259;266;4249)
(259;266;4249)
(259;267;4249)
(259;268;4265)
(259;269;4266)
(258;270;4283)
(258;271;4283)
(258;272;4299)
(258;273;4299)
(258;274;4315)
(258;275;4315)
(257;275;4315)
(257;276;4333)
(257;277;4333)
(257;278;4349)
(257;278;4349)
(256;279;4366)
(256;280;4366)
(256;280;4383)
(256;281;4383)
(256;281;4383)
(255;282;4399)
(255;282;4400)
(255;282;4416)
(255;283;4416)
(255;283;4432)
(255;283;4433)
(254;284;4448)
(254;284;4449)
(253;285;4466)
(253;286;4466)
(252;286;4482)
(252;287;4482)
(251;288;4499)
(250;288;4500)
(250;289;4500)
(249;289;4515)
(249;290;4516)
(249;290;4533)
(248;290;4533)
(248;291;4548)
(247;291;4549)
(246;292;4549)
(246;292;4566)
(245;293;4566)
(245;293;4583)
(245;293;4583)
(245;293;4599)
(244;294;4600)
(244;294;4616)
(243;294;4616)
(243;295;4616)
(242;295;4632)
(242;295;4632)
(241;296;4649)
(241;296;4649)
(241;297;4665)
(241;297;4665)
(240;297;4683)
(240;297;4683)
(240;297;4684)
(240;297;4699)
(240;297;4699)
(240;298;4715)
(240;298;4716)
(240;298;4732)
(239;298;4733)
(239;299;4749)
(239;299;4749)
(239;299;4766)
(239;300;4767)
(238;300;4767)
(238;301;4783)
(238;301;4783)
(238;303;4798)
(238;304;4799)
(237;305;4815)
(237;306;4816)
(237;307;4832)
(237;308;4833)
(237;309;4849)
(236;309;4849)
(236;310;4849)
(236;310;4865)
(236;311;4866)
(236;311;4882)
(236;311;4882)
(236;312;4899)
(236;312;4899)
(236;313;4916)
(235;313;4916)
(235;313;4933)
(235;314;4933)
(235;314;4949)
(235;314;4949)
(235;314;4966)
(235;314;4966)
(235;314;4966)
(235;314;4983)
(235;314;4983)
(235;314;4999)
(235;314;4999)
(235;314;5016)
(235;314;5016)
(236;314;5033)
(236;314;5033)
(236;314;5048)
(237;314;5049)
(238;314;5066)
(239;314;5066)
(240;314;5083)
(241;314;5083)
(241;314;5083)
(242;313;5099)
(242;313;5100)
(242;313;5116)
(243;313;5116)
(244;313;5133)
(246;313;5133)
(247;313;5149)
(249;313;5149)
(250;313;5149)
(252;313;5166)
(253;313;5166)
(254;313;5183)
(255;313;5183)
(257;313;5200)
(258;313;5200)
(259;313;5216)
(260;313;5216)
(260;313;5216)
(261;313;5233)
(262;313;5233)
(263;313;5250)
(264;313;5250)
(265;313;5266)
(266;313;5283)
(266;313;5283)
(267;313;5300)
(267;313;5300)
(267;313;5315)
(268;313;5333)
(269;314;5333)
(270;314;5334)
(270;314;5349)
(271;314;5349)
(271;314;5366)
(272;314;5366)
(272;315;5383)
(272;315;5383)
(273;315;5383)
(273;315;5399)
(273;315;5399)
(274;316;5416)
(275;316;5416)
(276;316;5432)
(276;317;5432)
(277;317;5449)
(277;317;5449)
(278;317;5449)
(279;317;5465)
(280;318;5466)
(281;318;5483)
(282;318;5483)
(283;319;5499)
(284;319;5500)
(285;319;5516)
(286;319;5516)
(287;320;5516)
(288;320;5532)
(289;320;5532)
(290;321;5549)
(291;321;5549)
(292;321;5565)
(294;322;5565)
(295;322;5583)
(296;322;5583)
(297;322;5583)
(298;323;5599)
(299;323;5599)
(300;323;5616)
(301;323;5616)
(302;324;5633)
(303;324;5633)
(304;324;5649)
(304;324;5649)
(305;324;5666)
(307;325;5666)
(308;325;5683)
(308;325;5683)
(309;326;5683)
(310;326;5699)
(311;326;5700)
(312;327;5715)
(314;327;5715)
(315;327;5732)
(315;328;5732)
(316;328;5748)
(316;328;5749)
(317;328;5749)
(318;329;5765)
(320;330;5765)
(321;330;5783)
(322;330;5783)
(323;331;5799)
(324;332;5800)
(325;332;5815)
(326;333;5815)
(327;333;5815)
(328;333;5833)
(329;334;5833)
(330;334;5848)
(331;335;5849)
(332;335;5865)
(333;335;5865)
(334;336;5882)
(334;336;5882)
(335;336;5899)
(336;337;5899)
(337;337;5899)
(338;338;5915)
(338;338;5916)
(338;338;5932)
(339;339;5933)
(339;339;5948)
(340;339;5948)
(340;339;5965)
(341;340;5966)
(342;340;5982)
(342;340;5983)
(343;341;5983)
(344;341;5998)
(344;342;5999)
(345;342;6016)
(346;343;6016)
(347;343;6032)
(348;344;6032)
(349;345;6048)
(350;345;6049)
(351;346;6049)
(352;347;6066)
(353;348;6066)
(354;349;6082)
(355;349;6082)
(356;350;6099)
(357;351;6099)
(359;352;6115)
(360;352;6116)
(361;353;6116)
(362;354;6133)
(362;354;6133)
(363;355;6148)
(364;356;6149)
(365;356;6165)
(366;357;6165)
(367;358;6182)
(368;358;6182)
(369;359;6199)
(370;360;6200)
(370;360;6200)
(371;361;6216)
(372;362;6216)
(373;362;6232)
(374;363;6232)
(375;364;6249)
(376;365;6250)
(376;365;6265)
(377;366;6265)
(378;367;6282)
(378;367;6282)
(379;368;6298)
(380;369;6299)
(381;370;6299)
(382;372;6316)
(384;373;6316)
(385;374;6332)
(386;376;6333)
(387;377;6349)
(388;378;6349)
(389;380;6349)
(390;381;6366)
(391;382;6366)
(392;383;6382)
(393;384;6382)
(394;385;6399)
(395;386;6399)
(396;387;6416)
(397;388;6416)
(397;388;6433)
(397;389;6433)
(398;389;6448)
(398;390;6449)
(399;390;6466)
(399;391;6494)
(399;391;6494)
(400;391;6494)
(400;392;6494)
(400;392;6510)
(400;392;6511)
(401;392;6527)
(401;393;6528)
(402;393;6544)
(402;393;6545)
(402;394;6545)
(402;394;6562)
(403;394;6562)
(403;394;6578)
(403;394;6579)
(403;394;6594)
(403;394;6594)
(403;394;6612)
(403;394;6612)
(403;394;6612)
(403;394;6628)
(403;394;6628)
(403;394;6645)
(404;394;6645)
(404;394;6661)
(405;394;6661)
(406;394;6678)
(407;394;6678)
(408;394;6694)
(409;394;6695)
(411;394;6695)
(412;394;6712)
(413;394;6712)
(414;394;6729)
(415;394;6729)
(416;394;6745)
(417;394;6745)
(418;394;6761)
(418;394;6762)
(419;394;6778)
(419;394;6778)
(420;394;6778)
(420;394;6795)
(420;394;6796)
(421;394;6812)
(421;394;6812)
(422;394;6828)
(423;394;6829)
(423;394;6829)
(424;394;6845)
(424;394;6845)
(425;394;6861)
(426;394;6861)
(426;394;6879)
(427;394;6879)
(428;393;6895)
(429;393;6895)
(429;393;6896)
(430;393;6911)
(430;393;6912)
(431;393;6928)
(432;392;6928)
(434;392;6945)
(435;391;6945)
(437;391;6962)
(438;391;6962)
(440;390;6978)
(441;390;6978)
(443;390;6978)
(445;390;6995)
(446;390;6995)
(448;390;7011)
(449;390;7012)
(450;390;7028)
(452;390;7028)
(453;390;7045)
(455;390;7045)
(457;390;7062)
(458;390;7062)
(459;390;7078)
(461;390;7078)
(462;390;7079)
(463;390;7095)
(464;390;7095)
(465;390;7112)
(466;390;7112)
(467;390;7128)
(469;390;7129)
(470;390;7129)
(471;390;7145)
(472;391;7145)
(473;391;7162)
(474;391;7162)
(475;391;7179)
(476;392;7179)
(478;392;7195)
(478;392;7195)
(479;392;7195)
(480;392;7211)
(481;392;7212)
(482;393;7228)
(483;393;7229)
(484;393;7245)
(485;394;7246)
(487;394;7262)
(488;394;7262)
(489;395;7278)
(491;395;7278)
(492;396;7278)
(493;396;7295)
(495;397;7296)
(496;397;7312)
(497;398;7312)
(498;398;7329)
(499;399;7329)
(500;399;7345)
(501;399;7345)
(501;400;7361)
(502;400;7362)
(503;400;7378)
(504;400;7379)
(504;401;7379)
(505;401;7395)
(506;401;7396)
(506;402;7412)
(507;402;7412)
(508;402;7428)
(508;403;7428)
(509;403;7429)
(509;403;7445)
(510;403;7445)
(510;404;7462)
(511;404;7462)
(512;404;7478)
(513;405;7479)
(514;405;7496)
(515;405;7496)
(515;406;7496)
(516;406;7511)
(517;407;7512)
(518;407;7529)
(519;407;7529)
(519;408;7545)
(520;408;7545)
(520;408;7562)
(521;408;7562)
(521;408;7563)
(521;408;7579)
(521;408;7579)
(521;408;7594)
(522;408;7595)
(522;408;7611)
(522;408;7612)
(522;408;7629)
(522;408;7663)
(522;408;7663)
(523;408;7663)
(523;408;7663)
(523;408;7679)
(523;408;7679)
(524;408;7695)
(524;408;7695)
(525;408;7712)
(526;408;7712)
(527;409;7728)
(528;409;7729)
(528;409;7729)
(529;409;7745)
(530;409;7745)
(531;409;7762)
(532;409;7762)
(533;409;7779)
(534;409;7779)
(535;409;7795)
(536;410;7795)
(537;410;7795)
(537;410;7812)
(538;410;7813)
(538;411;7828)
(539;411;7829)
(539;411;7845)
(540;411;7846)
(540;412;7862)
(540;412;7863)
(541;412;7878)
(541;413;7878)
(542;413;7878)
(542;413;7896)
(543;413;7896)
(544;414;7913)
(545;415;7913)
(546;415;7929)
(548;416;7930)
(549;417;7946)
(550;418;7947)
(552;419;7947)
(553;420;7962)
(555;421;7963)
(556;422;7978)
(558;423;7978)
(559;424;7995)
(561;425;7996)
(562;426;8012)
(564;427;8012)
(565;427;8028)
(566;428;8029)
(566;429;8029)
(567;429;8045)
(568;430;8045)
(569;430;8062)
(569;431;8063)
(570;431;8078)
(570;431;8079)
(570;432;8096)
(571;432;8096)
(571;432;8096)
(571;432;8113)
(572;432;8113)
(572;433;8129)
(572;433;8129)
(572;433;8145)
(573;433;8146)
(573;434;8162)
(573;434;8163)
(574;435;8179)
(575;435;8180)
(575;436;8180)
(575;436;8196)
(576;437;8196)
(576;437;8212)
(577;437;8212)
(577;438;8229)
(578;438;8229)
(578;439;8246)
(579;439;8246)
(579;440;8262)
(580;441;8262)
(581;442;8279)
(582;443;8279)
(583;443;8279)
(583;444;8296)
(584;445;8296)
(585;445;8312)
(585;446;8312)
(586;446;8329)
(586;447;8329)
(586;447;8329)
(587;448;8345)
(587;448;8345)
(587;448;8363)
(588;449;8363)
(588;449;8378)
(588;449;8378)
(588;449;8396)
(588;449;8396)
(588;450;8396)
(589;450;8412)
(589;450;8412)
(589;450;8429)
(589;450;8429)
(589;450;8445)
(589;451;8446)
(590;451;8462)
(590;451;8462)
(590;451;8479)
(590;451;8479)
(590;451;8479)
(590;452;8496)
(590;452;8496)
(591;452;8511)
(591;452;8512)
(591;452;8529)
(591;452;8529)
(591;452;8545)
(591;452;8546)
(592;453;8562)
(592;453;8562)
(592;453;8562)
(592;453;8579)
(592;454;8579)
(593;454;8595)
(593;454;8596)
(593;455;8612)
(594;455;8613)
(594;455;8629)
(594;455;8629)
(594;456;8629)
(594;456;8645)
(595;456;8646)
(595;456;8662)
(595;456;8663)
(595;456;8678)
(595;456;8679)
(595;456;8696)
(595;456;8696)
(595;456;8696)
(595;456;8712)
(595;456;8713)
(595;456;8729)
(595;456;8729)
(596;457;8746)
(596;457;8746)
(596;457;8747)
(596;457;8762)
(596;457;8779)
(597;458;8779)
(597;458;8779)
(598;459;8795)
(599;460;8796)
(599;460;8812)
(599;460;8813)
(600;461;8829)
(600;461;8829)
(601;461;8845)
(601;462;8845)
(601;462;8862)
(601;462;8863)
(602;462;8863)
(602;462;8879)
(602;462;8879)
(602;462;8895)
(602;462;8896)
(602;462;8913)
(602;462;8914)
(602;462;8929)
(602;462;8929)
(602;462;8929)
(602;462;8946)
(602;462;8946)
(602;462;8962)
(602;462;8962)
(602;462;8979)
(602;462;8980)
(602;462;8996)
(602;462;8996)
(602;462;8996)
(602;462;9011)
(602;462;9012)
(602;462;9028)
(602;462;9029)
(602;462;9046)
(602;462;9046)
(602;462;9063)
(602;462;9063)
(602;462;9079)
(602;462;9080)
(602;462;9095)
(602;462;9096)
(602;462;9096)
(602;462;9113)
(602;462;9113)
(602;462;9129)
(602;462;9129)
(603;462;9145)
(603;463;9146)
(604;463;9163)
(604;463;9163)
(605;463;9179)
(605;463;9179)
(606;463;9179)
(606;463;9195)
(607;463;9195)
(607;463;9213)
(607;463;9213)
(607;463;9229)
(607;463;9229)
(607;463;9229)
(607;463;9246)
(607;463;9246)
(607;463;9263)
(607;463;9263)
(607;463;9279)
(607;463;9279)
(607;463;9295)
(607;463;9296)
(607;463;9312)
(607;463;9312)
(607;463;9312)
(607;463;9329)
(607;463;9329)
(607;463;9345)
(607;463;9345)
(607;463;9362)
(607;463;9363)
(607;463;9380)
(607;463;9380)
(607;463;9380)
(607;463;9396)
(607;463;9396)
(607;463;9412)
(607;463;9412)
(607;463;9429)
(607;463;9430)
(607;463;9445)
(607;463;9462)
(607;463;9463)
(607;463;9480)
(607;463;9480)
(607;463;9480)
(607;463;9496)
(607;463;9496)
(607;463;9513)
(607;464;9513)
(607;464;9528)
(607;464;9529)
(607;464;9529)
(607;464;9545)
(607;464;9545)
(607;464;9561)
(607;464;9562)
(607;464;9579)
(607;464;9579)
(607;464;9596)
(607;464;9596)
(607;464;9596)
(607;464;9612)
(607;464;9613)
(607;464;9629)
(607;464;9629)
(607;464;9645)
(607;464;9646)
(607;464;9663)
(607;464;9663)
(607;464;9663)
(607;464;9679)
(607;464;9679)
(607;464;9696)
(607;464;9696)
(607;464;9712)
(607;464;9713)
(607;464;9729)
(607;464;9730)
(607;464;9746)
(607;464;9746)
(607;464;9746)
(607;464;9763)
(607;464;9763)
(607;464;9779)
(607;464;9779)
(607;464;9795)
(607;464;9795)
(607;464;9812)
(607;464;9813)
(607;464;9829)
(607;464;9829)
(607;464;9829)
(607;464;9845)
(607;464;9845)
(607;464;9863)
(607;464;9863)
(607;464;9879)
(607;464;9879)
(607;464;9896)
(607;464;9896)
(607;464;9896)
(607;464;9912)
(607;464;9912)
(607;464;9928)
(607;464;9929)
(607;464;9945)
(607;464;9946)
(607;464;9962)
(607;464;9962)
(607;464;9962)
(607;464;9979)
(607;464;9980)
(607;464;9996)
(607;464;9996)
(607;464;10013)
(608;464;10013)
(608;465;10029)
(608;465;10029)
(609;466;10045)
(609;467;10046)
(610;469;10062)
(611;471;10063)
(612;474;10063)
(614;477;10079)
(615;480;10079)
(616;482;10095)
(617;485;10096)
(619;486;10112)
(619;488;10112)
(620;489;10129)
(621;490;10129)
(622;491;10129)
(622;492;10146)
(622;493;10147)
(623;493;10162)
(623;494;10162)
(623;494;10179)
(623;494;10179)
(623;494;10195)
(623;494;10195)
(623;494;10195)
(623;494;10212)
(623;494;10213)
(623;494;10229)
(623;494;10229)
(623;494;10245)
(623;495;10245)
(623;495;10286)
(623;495;10287)
(623;495;10287)
(623;495;10287)
(624;497;10336)
(625;497;10336)
(625;498;10336)
(627;500;10352)
(628;501;10369)
(629;503;10385)
(631;504;10385)
(632;505;10402)
(632;506;10402)
(633;507;10419)
(634;508;10419)
(635;509;10436)
(636;509;10436)
(636;510;10452)
(637;510;10452)
(637;511;10469)
(637;511;10469)
(638;511;10486)
(638;511;10486)
(638;511;10503)
(638;511;10503)
(638;511;10503)
(639;511;10519)
(639;511;10519)
(639;512;10535)
(640;512;10535)
(640;512;10552)
(641;513;10552)
(642;513;10569)
(643;514;10569)
(644;515;10586)
(645;515;10586)
(647;516;10603)
(648;517;10619)
(649;518;10620)
(650;518;10620)
(651;519;10636)
(652;520;10636)
(654;521;10652)
(655;522;10669)
(657;523;10670)
(657;523;10686)
(658;523;10686)
(658;524;10702)
(659;524;10703)
(659;525;10719)
(660;525;10719)
(660;526;10736)
(660;526;10736)
(661;527;10770)
(661;527;10771)
(661;527;10771)
(661;527;10788)
(662;527;10788)
(662;528;10788)
(662;528;10803)
(662;528;10804)
(662;528;10820)
(662;528;10820)
(662;528;10838)
(662;528;10838)
(662;528;10854)
(663;529;10854)
(663;530;10870)
(664;531;10870)
(665;532;10887)
(666;534;10888)
(667;536;10888)
(669;538;10904)
(670;541;10905)
(671;543;10921)
(673;546;10921)
(674;548;10937)
(675;550;10938)
(676;552;10954)
(677;553;10954)
(678;554;10971)
(678;554;10971)
(678;554;10971)
(678;554;10987)
(678;554;10988)
(678;554;11003)
(678;554;11003)
(678;554;11021)
(679;554;11021)
(679;554;11037)
(679;554;11038)
(679;555;11038)
(680;555;11054)
(680;555;11054)
(681;555;11070)
(682;555;11070)
(683;555;11087)
(683;555;11087)
(684;555;11087)
(685;555;11103)
(685;555;11104)
(686;555;11121)
(686;555;11121)
(687;555;11137)
(687;555;11137)
(688;555;11154)
(688;555;11154)
(688;554;11170)
(689;554;11171)
(689;554;11187)
(689;554;11188)
(689;554;11188)
(689;554;11203)
(689;553;11204)
(690;553;11220)
(690;553;11221)
(690;552;11237)
(690;552;11238)
(690;552;11254)
(690;552;11254)
(691;552;11270)
(691;551;11271)
(691;551;11271)
(691;551;11288)
(691;551;11288)
(691;551;11304)
(691;551;11305)
(691;551;11321)
(692;550;11321)
(692;550;11336)
(692;550;11337)
(693;549;11337)
(693;548;11354)
(694;548;11354)
(694;547;11371)
(694;547;11371)
(694;547;11387)
(694;547;11387)
(695;546;11403)
(695;546;11404)
(695;545;11404)
(696;545;11421)
(696;544;11421)
(696;544;11438)
(696;544;11438)
(696;544;11454)
(696;544;11454)
(696;544;11471)
(696;544;11471)
(696;544;11487)
(696;544;11488)
(696;544;11503)
(696;544;11504)
(696;544;11504)
(696;544;11520)
(696;544;11520)
(696;544;11537)
(696;543;11538)
(696;543;11554)
(696;543;11554)
(696;543;11570)
(696;543;11570)
(696;543;11570)
(696;542;11587)
(696;542;11588)
(696;541;11604)
(696;541;11605)
(696;541;11620)
(696;540;11621)
(696;540;11637)
(696;540;11638)
(696;540;11638)
(696;540;11654)
(696;540;11654)
(696;540;11671)
(696;540;11671)
(696;540;11687)
(696;540;11687)
(696;540;11703)
(696;539;11703)
(695;539;11720)
(695;539;11721)
(695;539;11721)
(694;539;11738)
(694;538;11738)
(693;538;11754)
(692;537;11754)
(691;537;11755)
(690;536;11770)
(689;535;11788)
(689;535;11788)
(689;535;11788)
(688;534;11804)
(688;534;11821)
(688;534;11821)
(688;534;11821)
(688;534;11837)
(688;534;11837)
(688;534;11854)
(687;534;11854)
(687;534;11854)
(687;534;11870)
(687;534;11871)
(687;534;11888)
(687;534;11888)
(687;533;11904)
(687;533;11904)
(687;533;11921)
(686;533;11921)
(686;533;11937)
(686;533;11937)
(686;533;11954)
(686;533;11954)
(686;533;11971)
(686;533;11971)
(686;533;11987)
(686;533;11988)
(685;533;11988)
(685;533;12004)
(685;532;12004)
(685;532;12021)
(684;532;12021)
(684;532;12038)
(684;532;12038)
(684;532;12054)
(684;532;12055)
(684;532;12055)
(684;532;12071)
(684;532;12071)
(684;532;12087)
(684;532;12087)
(684;532;12104)
(684;532;12104)
(684;532;12121)
(684;532;12121)
(684;532;12138)
(684;532;12138)
(684;532;12154)
(684;532;12154)
(684;532;12170)
(684;531;12170)
(684;531;12170)
(684;530;12192)
(684;529;12192)
(684;527;12192)
(683;524;12209)
(683;522;12210)
(682;520;12225)
(682;519;12226)
(682;518;12243)
(682;518;12243)
(682;518;12243)
(682;517;12259)
(682;517;12259)
(682;517;12276)
(682;517;12276)
(682;517;12293)
(682;517;12293)
(682;517;12309)
(682;517;12309)
(682;517;12325)
(682;517;12326)
(682;517;12342)
(682;517;12343)
(682;517;12343)
(682;517;12359)
(682;517;12359)
(682;517;12375)
(682;517;12375)
(682;517;12392)
(682;517;12393)
(682;517;12409)
(682;517;12409)
(682;517;12409)
(682;517;12426)
(682;517;12426)
(682;517;12443)
(682;517;12443)
(682;517;12459)
(682;517;12459)
(682;517;12475)
(682;517;12475)
(682;517;12476)
(682;517;12492)
(682;517;12492)
(682;517;12509)
(682;517;12509)
(682;517;12525)
(682;517;12525)
(682;517;12542)
(682;517;12543)
(682;517;12543)
(682;517;12559)
(682;517;12560)
(682;517;12575)
(682;517;12575)
(682;517;12592)
(682;517;12592)
(682;517;12609)
(682;517;12609)
(682;517;12626)
(682;517;12626)
(682;516;12626)
(682;515;12643)
(682;512;12643)
(681;510;12659)
(681;507;12659)
(681;504;12676)
(681;501;12676)
(680;500;12692)
(680;498;12692)
(680;496;12709)
(679;494;12709)
(679;493;12710)
(679;492;12725)
(679;492;12725)
(679;491;12742)
(679;491;12743)
(679;491;12759)
(679;490;12759)
(678;487;12776)
(678;486;12776)
(678;484;12792)
(678;483;12792)
(678;481;12809)
(677;480;12810)
(677;478;12826)
(677;477;12826)
(677;476;12826)
(677;475;12843)
(676;474;12843)
(676;473;12859)
(676;473;12859)
(676;473;12876)
(676;473;12876)
(676;473;12892)
(676;472;12893)
(676;472;12909)
(676;472;12909)
(676;472;12926)
(676;472;12926)
(676;472;12926)
(676;471;12943)
(676;471;12943)
(675;468;12962)
(675;466;12963)
(674;464;12986)
(674;463;12987)
(674;463;13004)
(674;463;13004)
(674;463;13004)
(674;462;13020)
(674;462;13021)
(674;462;13038)
(674;462;13038)
(673;462;13038)
(673;462;13054)
(673;461;13071)
(673;460;13071)
(672;459;13071)
(672;458;13087)
(671;456;13087)
(670;455;13104)
(669;454;13104)
(669;453;13121)
(668;452;13121)
(668;451;13137)
(667;451;13138)
(667;450;13138)
(666;450;13154)
(666;450;13155)
(665;449;13171)
(664;449;13171)
(664;449;13188)
(663;448;13188)
(662;448;13188)
(661;448;13213)
(660;448;13231)
(659;447;13231)
(658;447;13231)
(657;447;13247)
(655;447;13247)
(654;447;13248)
(653;446;13263)
(652;446;13263)
(651;446;13281)
(650;446;13281)
(649;446;13298)
(648;446;13298)
(648;446;13314)
(647;445;13314)
(647;445;13331)
(646;445;13331)
(646;445;13348)
(645;445;13348)
(644;445;13348)
(643;445;13363)
(642;445;13363)
(641;445;13381)
(640;444;13381)
(639;444;13397)
(638;444;13398)
(637;444;13414)
(637;444;13415)
(636;444;13415)
(635;444;13431)
(635;444;13431)
(635;444;13448)
(635;444;13448)
(634;444;13464)
(634;444;13481)
(634;444;13481)
(633;444;13497)
(633;444;13497)
(633;443;13515)
(632;443;13515)
(632;443;13531)
(631;443;13531)
(631;443;13548)
(631;443;13548)
(631;443;13548)
(630;443;13563)
(630;443;13581)
(630;443;13581)
(629;443;13581)
(629;443;13597)
(629;443;13598)
(629;443;13615)
(629;443;13615)
(629;443;13615)
(629;443;13630)
(629;443;13631)
(629;443;13647)
(629;443;13664)
(629;443;13664)
(629;443;13664)
(629;444;13680)
(629;444;13681)
(629;444;13698)
(629;444;13698)
(629;444;13698)
(629;444;13714)
(629;444;13715)
(629;444;13730)
(629;444;13730)
(629;445;13747)
(628;446;13747)
(628;448;13763)
(627;449;13763)
(627;451;13780)
(626;452;13780)
(626;454;13797)
(626;455;13798)
(626;455;13814)
(626;456;13814)
(626;456;13831)
(626;456;13832)
(626;456;13847)
(626;456;13848)
(626;456;13848)
(626;456;13863)
(626;456;13863)
(626;456;13880)
(626;456;13880)
(626;456;13897)
(626;456;13898)
(626;456;13914)
(626;456;13914)
(626;456;13931)
(626;456;13931)
(626;456;13931)
(626;456;13948)
(626;456;13948)
(626;456;13964)
(626;456;13964)
(626;456;13980)
(626;456;13981)
(626;456;13998)
(626;456;13998)
(626;456;13998)
(626;456;14014)
(626;456;14030)
(626;456;14031)
(626;456;14031)
(626;456;14048)
(626;457;14048)
(626;459;14064)
(626;462;14065)
(628;465;14082)
