(9;362;0)
(8;362;949)
(8;362;950)
(8;362;965)
(8;362;966)
(8;362;983)
(8;362;983)
(8;362;999)
(8;362;1000)
(8;362;1000)
(8;362;1016)
(8;362;1017)
(8;362;1033)
(8;362;1033)
(8;362;1050)
(8;362;1050)
(8;362;1066)
(8;362;1066)
(8;362;1083)
(8;362;1083)
(8;362;1083)
(8;362;1100)
(8;362;1100)
(8;362;1116)
(8;362;1117)
(8;362;1133)
(8;362;1133)
(8;362;1149)
(8;362;1149)
(8;362;1149)
(8;362;1166)
(8;362;1166)
(8;362;1182)
(8;362;1182)
(8;362;1199)
(8;362;1200)
(8;362;1216)
(8;362;1216)
(8;362;1216)
(8;362;1233)
(8;362;1233)
(8;362;1249)
(8;362;1250)
(8;362;1266)
(8;362;1266)
(8;362;1283)
(8;362;1283)
(8;362;1299)
(8;362;1300)
(8;362;1300)
(8;362;1316)
(8;362;1316)
(8;362;1332)
(8;362;1332)
(8;362;1349)
(8;362;1349)
(8;362;1367)
(8;362;1367)
(8;362;1383)
(8;362;1383)
(8;362;1383)
(8;362;1399)
(8;362;1399)
(8;362;1416)
(8;362;1417)
(9;362;1436)
(9;362;1436)
(9;362;1436)
(9;362;1452)
(9;362;1453)
(9;362;1470)
(10;362;1470)
(10;362;1486)
(10;362;1486)
(11;362;1503)
(11;363;1503)
(11;363;1503)
(11;363;1520)
(12;363;1520)
(12;363;1536)
(12;363;1536)
(12;363;1552)
(12;363;1553)
(12;363;1570)
(12;363;1571)
(12;363;1571)
(13;363;1587)
(13;363;1604)
(13;363;1621)
(13;363;1621)
(13;363;1621)
(13;363;1638)
(13;363;1638)
(13;363;1654)
(14;363;1654)
(14;364;1670)
(14;364;1670)
(14;364;1687)
(15;364;1687)
(15;365;1687)
(16;365;1704)
(16;365;1704)
(16;365;1720)
(16;366;1721)
(16;366;1737)
(16;366;1737)
(16;366;1753)
(17;366;1754)
(17;366;1771)
(17;366;1771)
(17;366;1771)
(17;366;1787)
(17;366;1787)
(17;366;1803)
(17;367;1804)
(17;367;1820)
(18;367;1820)
(18;367;1838)
(18;367;1838)
(18;368;1854)
(19;368;1854)
(19;368;1855)
(19;368;1870)
(20;369;1871)
(20;369;1887)
(21;370;1887)
(21;370;1904)
(21;371;1904)
(22;371;1921)
(23;372;1921)
(24;373;1921)
(24;374;1937)
(25;375;1938)
(26;376;1955)
(26;376;1971)
(27;377;1972)
(27;378;1988)
(28;379;1988)
(29;379;1988)
(29;380;2004)
(30;381;2004)
(30;382;2021)
(31;382;2022)
(31;383;2038)
(32;384;2038)
(32;384;2054)
(32;384;2054)
(32;384;2071)
(33;384;2071)
(33;384;2071)
(33;385;2088)
(34;385;2088)
(34;385;2104)
(35;386;2105)
(35;386;2121)
(36;386;2121)
(37;387;2137)
(37;388;2138)
(38;388;2154)
(39;389;2154)
(39;389;2154)
(40;390;2171)
(41;390;2172)
(42;391;2187)
(43;391;2188)
(43;392;2204)
(43;392;2205)
(44;392;2221)
(44;392;2222)
(44;392;2222)
(44;392;2238)
(44;392;2238)
(44;392;2255)
(45;392;2255)
(45;393;2271)
(45;393;2271)
(46;393;2288)
(46;393;2288)
(47;393;2288)
(47;394;2305)
(48;394;2305)
(49;394;2321)
(49;394;2321)
(50;395;2337)
(50;395;2338)
(51;395;2354)
(52;396;2354)
(53;396;2354)
(53;396;2372)
(54;396;2372)
(55;396;2388)
(55;396;2388)
(56;397;2405)
(56;397;2405)
(57;397;2421)
(57;397;2421)
(57;397;2438)
(58;398;2438)
(58;398;2458)
(60;398;2482)
(61;398;2482)
(61;398;2482)
(62;398;2500)
(62;398;2500)
(63;398;2500)
(64;398;2516)
(65;398;2516)
(65;398;2533)
(66;398;2533)
(67;398;2550)
(67;398;2550)
(68;398;2567)
(68;398;2567)
(69;397;2567)
(70;397;2583)
(71;397;2584)
(72;397;2600)
(73;397;2600)
(73;397;2617)
(74;397;2617)
(74;397;2634)
(74;397;2634)
(75;397;2651)
(76;396;2651)
(77;396;2651)
(78;396;2667)
(78;396;2667)
(79;396;2683)
(80;396;2683)
(81;396;2700)
(81;396;2700)
(82;396;2701)
(83;396;2717)
(84;396;2717)
(85;396;2733)
(86;396;2734)
(87;395;2750)
(88;395;2750)
(89;395;2767)
(89;395;2767)
(90;395;2767)
(91;394;2783)
(91;394;2784)
(92;394;2801)
(93;394;2801)
(93;394;2817)
(94;394;2818)
(95;394;2833)
(95;394;2833)
(96;394;2850)
(96;393;2851)
(97;393;2851)
(97;393;2867)
(98;393;2867)
(98;392;2884)
(99;392;2884)
(99;392;2900)
(100;391;2900)
(100;391;2917)
(100;391;2917)
(101;390;2934)
(101;390;2934)
(101;390;2951)
(102;390;2951)
(102;390;2951)
(103;389;2967)
(104;389;2967)
(104;389;2983)
(104;389;2983)
(105;389;3000)
(105;388;3000)
(106;388;3000)
(106;388;3017)
(107;387;3018)
(108;387;3034)
(109;387;3034)
(109;386;3050)
(110;386;3051)
(111;386;3067)
(111;385;3067)
(112;385;3067)
(113;385;3084)
(113;385;3084)
(114;384;3100)
(114;384;3101)
(115;384;3117)
(116;383;3117)
(117;383;3133)
(117;382;3134)
(118;382;3150)
(119;381;3150)
(119;381;3150)
(120;381;3168)
(120;381;3168)
(120;380;3183)
(121;380;3184)
(122;379;3200)
(123;378;3200)
(123;377;3217)
(124;377;3217)
(125;376;3233)
(126;375;3234)
(128;373;3251)
(129;372;3251)
(130;372;3266)
(131;371;3267)
(131;370;3284)
(132;370;3284)
(133;369;3300)
(133;369;3300)
(134;368;3300)
(135;367;3318)
(136;367;3318)
(136;366;3334)
(137;366;3334)
(138;365;3351)
(139;365;3351)
(140;363;3367)
(141;363;3368)
(142;362;3384)
(142;362;3384)
(143;362;3400)
(143;362;3400)
(143;362;3417)
(143;361;3418)
(143;361;3433)
(144;361;3434)
(144;361;3451)
(145;360;3451)
(146;359;3451)
(147;359;3467)
(148;358;3467)
(149;358;3483)
(150;357;3483)
(151;357;3500)
(151;357;3500)
(152;357;3517)
(152;357;3517)
(152;356;3533)
(153;356;3534)
(153;356;3550)
(154;355;3550)
(154;355;3550)
(155;355;3567)
(155;354;3567)
(156;354;3583)
(156;354;3583)
(157;353;3600)
(158;353;3601)
(159;353;3601)
(159;352;3616)
(160;352;3617)
(160;351;3634)
(161;351;3634)
(161;351;3651)
(161;351;3651)
(162;351;3667)
(162;350;3667)
(162;350;3683)
(163;350;3683)
(163;350;3701)
(164;350;3701)
(164;349;3718)
(165;349;3718)
(166;348;3733)
(166;348;3733)
(167;348;3750)
(167;347;3750)
(168;347;3750)
(169;347;3767)
(169;346;3767)
(170;346;3783)
(171;346;3783)
(171;346;3800)
(171;345;3801)
(172;345;3817)
(172;345;3817)
(173;345;3834)
(174;344;3834)
(174;344;3851)
(175;344;3851)
(175;343;3851)
(176;343;3868)
(177;343;3868)
(177;342;3884)
(178;342;3884)
(178;342;3900)
(179;342;3900)
(179;342;3900)
(180;341;3917)
(180;341;3917)
(180;341;3934)
(181;341;3934)
(181;341;3950)
(181;340;3950)
(182;340;3967)
(182;340;3968)
(183;339;3968)
(184;339;3984)
(184;339;3985)
(185;339;4001)
(185;339;4001)
(186;338;4017)
(186;338;4018)
(187;338;4034)
(187;337;4034)
(188;337;4035)
(188;337;4050)
(189;337;4067)
(189;337;4067)
(190;337;4067)
(190;337;4083)
(191;336;4083)
(191;336;4100)
(192;336;4101)
(193;335;4121)
(193;335;4130)
(193;335;4147)
(194;335;4147)
(194;335;4147)
(195;335;4164)
(195;334;4164)
(196;334;4181)
(196;334;4181)
(197;334;4197)
(198;333;4197)
(198;333;4214)
(198;333;4214)
(199;333;4214)
(199;332;4230)
(200;332;4231)
(200;332;4247)
(200;332;4248)
(201;331;4263)
(201;331;4264)
(202;331;4281)
(202;331;4281)
(203;330;4297)
(203;330;4297)
(204;330;4313)
(204;330;4314)
(205;329;4330)
(205;329;4331)
(206;329;4331)
(206;328;4346)
(207;328;4346)
(208;328;4364)
(208;328;4364)
(209;327;4381)
(209;327;4381)
(210;327;4381)
(210;326;4396)
(211;326;4397)
(211;326;4413)
(212;325;4413)
(213;325;4431)
(213;324;4431)
(215;323;4446)
(215;323;4446)
(216;322;4463)
(217;322;4464)
(217;322;4480)
(218;321;4480)
(219;321;4497)
(219;321;4497)
(220;320;4514)
(221;320;4514)
(221;320;4530)
(222;320;4530)
(223;319;4530)
(223;319;4547)
(224;319;4547)
(224;319;4564)
(225;319;4564)
(225;319;4581)
(226;318;4581)
(227;318;4597)
(227;318;4598)
(228;318;4613)
(229;318;4613)
(229;318;4631)
(230;317;4631)
(231;317;4631)
(231;317;4647)
(232;317;4647)
(232;317;4663)
(232;317;4663)
(233;317;4680)
(233;317;4680)
(233;317;4680)
(234;316;4697)
(234;316;4697)
(235;316;4713)
(235;316;4713)
(236;316;4730)
(236;315;4731)
(237;315;4746)
(238;315;4747)
(239;315;4764)
(240;314;4764)
(241;314;4780)
(242;314;4780)
(242;314;4797)
(243;313;4797)
(244;313;4814)
(244;313;4814)
(245;313;4830)
(246;313;4830)
(246;312;4847)
(247;312;4847)
(247;312;4847)
(248;311;4864)
(248;311;4864)
(248;311;4880)
(249;311;4881)
(249;310;4897)
(250;310;4898)
(250;309;4913)
(251;309;4914)
(251;309;4930)
(252;308;4930)
(253;308;4930)
(253;307;4947)
(254;307;4947)
(255;306;4963)
(255;305;4964)
(256;305;4980)
(257;304;4980)
(257;304;4980)
(257;303;4997)
(258;303;4997)
(258;303;5014)
(259;302;5014)
(259;302;5031)
(260;301;5031)
(261;300;5064)
(262;300;5064)
(262;299;5064)
(262;299;5081)
(263;299;5081)
(263;299;5098)
(263;298;5098)
(264;298;5114)
(264;298;5115)
(265;298;5115)
(265;297;5130)
(266;297;5146)
(266;296;5147)
(267;296;5163)
(267;296;5163)
(267;295;5163)
(268;295;5181)
(268;295;5181)
(269;294;5196)
(270;294;5197)
(270;293;5214)
(271;293;5214)
(272;292;5214)
(272;292;5230)
(273;292;5231)
(273;292;5247)
(274;292;5248)
(274;291;5263)
(275;291;5263)
(275;291;5281)
(275;291;5281)
(276;291;5281)
(276;291;5297)
(277;290;5298)
(277;290;5314)
(278;290;5314)
(278;290;5330)
(279;290;5330)
(279;290;5348)
(280;290;5348)
(281;290;5363)
(282;290;5363)
(283;290;5380)
(284;290;5381)
(285;290;5397)
(286;290;5397)
(288;291;5414)
(289;291;5414)
(290;291;5430)
(291;291;5431)
(292;292;5431)
(293;292;5446)
(294;292;5447)
(295;292;5463)
(296;292;5463)
(296;292;5481)
(297;292;5481)
(297;292;5497)
(298;292;5497)
(298;292;5514)
(298;292;5514)
(299;292;5530)
(299;292;5530)
(300;292;5530)
(300;292;5546)
(301;292;5547)
(301;292;5564)
(302;292;5564)
(302;292;5580)
(303;292;5580)
(303;292;5580)
(304;292;5598)
(304;292;5598)
(305;292;5614)
(305;292;5614)
(306;292;5631)
(307;292;5631)
(308;292;5647)
(309;292;5648)
(310;292;5648)
(311;291;5664)
(311;291;5665)
(312;291;5681)
(313;290;5681)
(314;290;5697)
(315;290;5698)
(316;289;5713)
(317;289;5714)
(318;288;5731)
(319;288;5731)
(320;287;5731)
(321;287;5747)
(322;286;5747)
(323;285;5763)
(324;285;5764)
(325;284;5781)
(326;284;5781)
(326;283;5796)
(327;283;5797)
(328;282;5814)
(329;282;5814)
(330;281;5830)
(331;281;5831)
(331;280;5831)
(332;280;5848)
(333;280;5848)
(334;279;5864)
(334;279;5865)
(335;279;5881)
(336;279;5881)
(336;279;5881)
(337;278;5897)
(338;278;5898)
(339;278;5913)
(339;278;5914)
(340;278;5930)
(341;278;5931)
(342;278;5947)
(342;278;5947)
(343;278;5948)
(344;278;5964)
(345;278;5964)
(346;278;5980)
(347;278;5981)
(348;278;5997)
(349;278;5997)
(350;278;6014)
(351;278;6014)
(351;277;6031)
(352;277;6031)
(353;277;6047)
(354;277;6048)
(354;277;6048)
(355;277;6064)
(356;277;6065)
(356;277;6080)
(357;277;6081)
(358;277;6098)
(358;277;6098)
(359;277;6114)
(360;277;6114)
(360;277;6114)
(361;277;6130)
(362;277;6130)
(363;277;6148)
(364;277;6148)
(365;277;6164)
(366;277;6164)
(369;277;6181)
(370;277;6181)
(371;277;6197)
(372;277;6198)
(373;277;6214)
(374;277;6214)
(375;277;6231)
(376;277;6231)
(377;277;6247)
(379;277;6248)
(380;277;6264)
(380;277;6264)
(381;277;6265)
(382;277;6280)
(383;277;6281)
(385;277;6298)
(386;277;6298)
(386;277;6298)
(387;277;6314)
(388;277;6330)
(388;277;6331)
(389;277;6347)
(390;277;6347)
(391;277;6364)
(392;277;6364)
(393;277;6364)
(393;277;6380)
(394;277;6381)
(395;277;6398)
(395;277;6398)
(396;277;6415)
(397;277;6415)
(397;277;6415)
(398;276;6430)
(399;276;6431)
(400;276;6448)
(400;276;6448)
(401;276;6463)
(402;276;6463)
(403;276;6480)
(403;276;6481)
(404;276;6481)
(405;276;6497)
(406;276;6497)
(406;276;6514)
(407;276;6515)
(408;276;6531)
(409;276;6531)
(410;276;6531)
(411;276;6546)
(411;276;6563)
(412;276;6564)
(412;276;6581)
(413;276;6581)
(414;276;6581)
(415;276;6598)
(416;276;6598)
(416;276;6598)
(417;276;6614)
(418;276;6615)
(418;276;6630)
(419;276;6631)
(420;276;6647)
(420;276;6664)
(421;276;6664)
(421;275;6664)
(422;275;6680)
(423;275;6681)
(424;275;6697)
(424;275;6698)
(425;275;6714)
(426;275;6714)
(427;275;6714)
(428;275;6731)
(428;275;6731)
(429;275;6747)
(430;275;6747)
(431;274;6764)
(431;274;6764)
(432;274;6781)
(433;274;6781)
(433;274;6782)
(434;274;6797)
(434;274;6797)
(435;274;6814)
(436;274;6814)
(436;274;6830)
(437;274;6831)
(438;274;6847)
(438;274;6847)
(439;274;6847)
(440;274;6863)
(441;274;6863)
(442;274;6880)
(443;274;6880)
(444;274;6897)
(445;274;6898)
(446;274;6914)
(447;274;6914)
(448;274;6915)
(449;274;6931)
(451;275;6931)
(452;275;6947)
(453;275;6947)
(455;275;6964)
(456;275;6965)
(457;276;6980)
(458;276;6981)
(460;276;6998)
(461;276;6998)
(462;276;7014)
(463;276;7014)
(464;276;7014)
(465;276;7030)
(467;276;7030)
(468;276;7048)
(469;276;7048)
(470;276;7064)
(472;276;7064)
(473;276;7081)
(474;276;7081)
(475;275;7081)
(475;275;7098)
(476;275;7098)
(476;275;7114)
(477;275;7114)
(477;275;7131)
(478;274;7131)
(479;274;7131)
(480;273;7146)
(481;273;7163)
(482;273;7163)
(483;272;7163)
(484;272;7180)
(485;271;7180)
(486;271;7198)
(487;270;7198)
(488;270;7214)
(489;269;7214)
(489;269;7230)
(490;268;7231)
(491;268;7246)
(491;268;7247)
(492;267;7247)
(492;267;7263)
(493;267;7264)
(493;266;7281)
(494;266;7281)
(495;265;7297)
(496;265;7314)
(496;264;7315)
(497;264;7315)
(497;264;7331)
(497;264;7331)
(498;263;7347)
(498;263;7347)
(498;263;7363)
(499;263;7364)
(499;262;7380)
(500;262;7381)
(500;261;7381)
(500;261;7397)
(501;261;7398)
(501;261;7414)
(501;260;7414)
(501;260;7431)
(501;260;7431)
(502;260;7448)
(502;260;7448)
(502;260;7448)
(502;260;7464)
(503;259;7464)
(503;259;7481)
(503;259;7482)
(504;258;7498)
(504;257;7514)
(504;256;7514)
(505;255;7514)
(505;254;7530)
(506;253;7531)
(506;252;7546)
(506;252;7547)
(506;251;7564)
(506;251;7565)
(507;251;7581)
(507;250;7581)
(507;250;7597)
(508;249;7598)
(508;249;7615)
(508;249;7615)
(508;248;7615)
(508;248;7631)
(508;248;7631)
(508;248;7647)
(508;247;7648)
(508;247;7663)
(508;247;7664)
(508;247;7681)
(508;247;7681)
(508;247;7681)
(508;247;7698)
(508;246;7698)
(507;246;7714)
(507;245;7715)
(506;245;7731)
(505;245;7731)
(504;245;7747)
(504;245;7747)
(503;245;7764)
(502;244;7764)
(501;244;7765)
(500;243;7781)
(500;243;7781)
(499;243;7798)
(498;243;7798)
(497;242;7814)
(497;242;7814)
(496;242;7814)
(495;242;7830)
(494;243;7831)
(493;243;7847)
(493;243;7847)
(492;243;7863)
(490;242;7864)
(489;242;7880)
(487;241;7881)
(485;240;7898)
(483;239;7898)
(482;238;7913)
(480;237;7914)
(479;236;7914)
(477;235;7930)
(476;235;7930)
(474;234;7947)
(474;233;7947)
(473;233;7965)
(472;233;7965)
(471;233;7980)
(471;232;7981)
(470;232;7981)
(469;232;7997)
(468;232;7997)
(468;232;8013)
(467;232;8014)
(465;232;8030)
(464;232;8030)
(463;232;8047)
(461;232;8047)
(460;232;8047)
(459;232;8064)
(458;232;8064)
(457;232;8081)
(456;232;8081)
(456;232;8097)
(455;232;8097)
(454;232;8114)
(454;233;8114)
(453;233;8114)
(452;233;8130)
(451;233;8130)
(450;234;8147)
(449;234;8147)
(448;234;8164)
(447;234;8164)
(446;235;8181)
(445;235;8181)
(445;235;8198)
(444;235;8198)
(443;234;8213)
(441;234;8214)
(440;234;8230)
(439;233;8231)
(438;233;8231)
(437;233;8247)
(436;232;8276)
(435;232;8277)
(434;232;8277)
(434;231;8277)
(433;231;8294)
(433;231;8294)
(432;231;8311)
(432;231;8311)
(431;230;8311)
(431;230;8326)
(430;230;8326)
(429;230;8343)
(429;229;8343)
(428;229;8360)
(427;228;8360)
(426;228;8377)
(425;227;8378)
(424;227;8394)
(423;227;8394)
(423;227;8411)
(422;226;8411)
(422;226;8426)
(422;226;8427)
(421;226;8444)
(421;226;8444)
(420;226;8460)
(420;226;8460)
(419;225;8461)
(419;225;8477)
(418;225;8477)
(417;225;8493)
(417;224;8494)
(416;224;8511)
(416;224;8511)
(415;224;8511)
(415;224;8526)
(414;223;8527)
(414;223;8543)
(413;223;8544)
(413;223;8560)
(412;223;8560)
(412;223;8577)
(411;223;8577)
(410;222;8593)
(410;222;8593)
(409;222;8610)
(408;221;8610)
(407;221;8610)
(406;221;8626)
(405;221;8626)
(405;220;8643)
(404;220;8644)
(403;220;8660)
(403;220;8661)
(402;220;8677)
(401;220;8677)
(401;220;8693)
(401;220;8694)
(400;220;8711)
(400;220;8711)
(399;219;8711)
(399;219;8726)
(399;219;8727)
(398;219;8744)
(398;219;8744)
(397;219;8760)
(397;219;8761)
(397;218;8761)
(396;218;8777)
(395;218;8778)
(394;218;8794)
(394;218;8794)
(394;218;8810)
(393;218;8810)
(393;217;8827)
(392;217;8827)
(392;217;8828)
(391;217;8843)
(391;217;8843)
(390;217;8860)
(390;217;8860)
(390;217;8876)
(389;217;8877)
(389;217;8893)
(388;217;8894)
(388;216;8910)
(387;216;8910)
(386;215;8910)
(385;215;8927)
(385;214;8927)
(384;214;8944)
(384;214;8944)
(383;214;8960)
(383;213;8960)
(382;213;8977)
(382;213;8977)
(382;213;8994)
(381;212;8994)
(381;212;8994)
(380;212;9010)
(380;211;9011)
(380;211;9027)
(379;211;9027)
(379;211;9044)
(378;210;9044)
(378;210;9060)
(378;210;9060)
(378;210;9060)
(377;210;9077)
(377;209;9078)
(376;209;9093)
(376;208;9093)
(375;208;9111)
(375;208;9111)
(374;207;9111)
(374;207;9126)
(374;206;9126)
(373;206;9143)
(373;206;9143)
(373;206;9160)
(373;206;9160)
(373;205;9177)
(372;205;9177)
(372;205;9193)
(372;205;9193)
(372;204;9211)
(371;204;9211)
(371;204;9211)
(370;203;9227)
(370;203;9227)
(370;203;9243)
(370;203;9244)
(370;203;9260)
(370;203;9261)
(370;203;9277)
(370;203;9277)
(370;202;9293)
(370;202;9294)
(370;201;9294)
(369;201;9310)
(369;200;9310)
(369;199;9327)
(369;199;9327)
(369;198;9344)
(368;198;9344)
(368;197;9360)
(368;196;9360)
(368;196;9361)
(368;195;9377)
(367;195;9377)
(367;195;9394)
(367;194;9394)
(367;194;9411)
(367;193;9411)
(366;190;9443)
(366;190;9443)
(366;189;9443)
(366;189;9460)
(366;188;9461)
(365;187;9477)
(365;187;9478)
(365;186;9493)
(364;185;9494)
(364;184;9511)
(363;183;9511)
(363;183;9511)
(362;182;9527)
(362;181;9527)
(361;181;9543)
(361;180;9543)
(360;179;9560)
(360;179;9560)
(359;178;9577)
(358;177;9577)
(358;177;9594)
(357;176;9594)
(357;176;9594)
(356;175;9610)
(355;174;9611)
(355;174;9627)
(354;174;9627)
(354;173;9643)
(353;173;9643)
(353;173;9660)
(353;172;9660)
(352;172;9660)
(352;172;9677)
(351;172;9677)
(351;172;9694)
(351;172;9694)
(350;172;9710)
(350;172;9710)
(349;172;9710)
(349;172;9726)
(348;172;9726)
(348;172;9744)
(347;173;9744)
(346;173;9760)
(346;173;9760)
(345;173;9776)
(344;173;9777)
(344;173;9794)
(343;173;9794)
(343;173;9794)
(342;173;9810)
(341;173;9826)
(341;174;9826)
(340;174;9827)
(339;174;9844)
(339;174;9844)
(338;174;9860)
(338;174;9860)
(336;173;9894)
(336;173;9895)
(335;173;9895)
(335;173;9910)
(334;173;9910)
(334;172;9927)
(334;172;9927)
(334;172;9944)
(334;172;9944)
(333;172;9960)
(333;172;9960)
(333;172;9977)
(332;171;9978)
(332;171;9994)
(331;170;9994)
(331;170;10010)
(330;169;10011)
(330;169;10011)
(329;168;10027)
(329;168;10028)
(328;167;10044)
(327;167;10044)
(327;166;10060)
(326;166;10060)
(325;165;10077)
(325;164;10078)
(324;164;10093)
(323;164;10093)
(323;163;10111)
(323;163;10111)
(322;163;10111)
(322;162;10127)
(321;162;10127)
(321;161;10143)
(321;161;10143)
(321;161;10160)
(321;161;10160)
(320;161;10177)
(320;161;10178)
(320;161;10194)
(319;160;10194)
(319;160;10194)
(319;160;10210)
(318;160;10210)
(318;160;10227)
(317;159;10227)
(317;159;10243)
(316;159;10244)
(316;158;10260)
(316;158;10260)
(315;158;10261)
(314;157;10277)
(314;157;10277)
(313;157;10294)
(313;156;10294)
(313;156;10310)
(312;156;10311)
(312;156;10311)
(312;156;10327)
(312;155;10328)
(311;155;10344)
(311;155;10344)
(310;155;10360)
(310;154;10360)
(309;154;10377)
(309;154;10377)
(308;153;10394)
(307;153;10394)
(306;152;10410)
(305;152;10410)
(304;151;10427)
(303;151;10427)
(303;150;10427)
(302;150;10444)
(301;149;10444)
(301;149;10460)
(301;149;10460)
(300;149;10477)
(300;149;10477)
(300;149;10494)
(300;149;10494)
(300;149;10495)
(300;149;10510)
(300;149;10510)
(300;149;10527)
(299;148;10527)
(299;148;10544)
(298;148;10544)
(298;148;10560)
(297;147;10560)
(296;147;10560)
(295;146;10576)
(295;146;10577)
(294;145;10593)
(293;145;10593)
(293;145;10610)
(292;144;10611)
(292;144;10611)
(292;144;10626)
(292;144;10643)
(291;144;10644)
(291;144;10644)
(291;143;10660)
(290;143;10661)
(290;143;10677)
(290;143;10678)
(290;143;10693)
(289;142;10694)
(289;142;10710)
(289;142;10711)
(289;142;10711)
(289;142;10728)
(289;142;10728)
(289;142;10744)
(288;142;10744)
(288;141;10761)
(288;141;10761)
(288;141;10777)
(287;140;10777)
(287;139;10794)
(286;139;10794)
(286;138;10794)
(285;137;10811)
(285;137;10811)
(284;136;10827)
(284;135;10827)
(284;135;10843)
(283;134;10843)
(283;134;10861)
(283;134;10861)
(282;133;10861)
(282;133;10877)
(282;133;10878)
(281;132;10894)
(281;131;10894)
(280;131;10910)
(280;130;10911)
(279;130;10911)
(279;130;10927)
(279;129;10927)
(279;129;10944)
(278;129;10944)
(278;128;10961)
(277;127;10961)
(276;126;10977)
(276;125;10978)
(275;125;10994)
(275;125;10994)
(274;125;11010)
(274;124;11011)
(273;124;11011)
(272;124;11027)
(272;123;11027)
(271;123;11044)
(270;123;11044)
(270;123;11061)
(270;123;11061)
(269;122;11077)
(269;122;11077)
(268;122;11094)
(268;122;11094)
(268;122;11094)
(267;122;11111)
(267;121;11112)
(266;121;11128)
(266;121;11128)
(265;121;11144)
(265;121;11144)
(264;121;11161)
(264;121;11161)
(263;121;11161)
(263;121;11177)
(262;121;11177)
(262;121;11194)
(261;121;11194)
(260;121;11210)
(259;121;11211)
(259;121;11211)
(258;120;11227)
(258;120;11227)
(257;120;11243)
(257;120;11243)
(256;120;11261)
(256;120;11261)
(255;120;11277)
(255;120;11277)
(254;120;11293)
(254;120;11294)
(253;120;11310)
(252;120;11311)
(252;120;11327)
(251;120;11327)
(251;120;11328)
(250;120;11343)
(250;120;11343)
(249;120;11361)
(249;119;11361)
(248;119;11377)
(248;119;11378)
(248;119;11393)
(247;119;11393)
(247;119;11393)
(247;119;11411)
(247;119;11411)
(247;119;11427)
(247;119;11428)
(247;119;11444)
(246;119;11445)
(246;119;11460)
(246;118;11460)
(246;118;11461)
(246;118;11477)
(246;118;11477)
(246;118;11494)
(246;118;11494)
(246;118;11511)
(246;117;11511)
(246;117;11527)
(245;117;11527)
(245;117;11527)
(245;116;11544)
(245;116;11544)
(244;115;11560)
(244;114;11561)
(244;114;11577)
(244;113;11577)
(243;113;11593)
(243;113;11594)
(243;113;11611)
(243;113;11612)
(243;113;11612)
(243;113;11626)
(243;113;11644)
(243;113;11645)
(243;113;11645)
(243;113;11660)
(243;113;11661)
(243;113;11678)
(243;113;11678)
(243;113;11694)
(243;113;11695)
(243;113;11695)
(243;112;11710)
(243;112;11710)
(242;112;11727)
(242;112;11727)
(241;111;11744)
(241;111;11744)
(240;110;11760)
(239;110;11761)
(239;110;11777)
(239;109;11777)
(239;109;11794)
(238;109;11794)
(238;109;11811)
(238;109;11811)
(238;109;11811)
(237;109;11826)
(237;109;11844)
(236;108;11844)
(235;108;11844)
(235;108;11861)
(234;107;11861)
(232;107;11877)
(231;106;11894)
(230;106;11894)
(230;106;11912)
(230;106;11913)
(230;106;11930)
(230;106;11930)
(230;106;11946)
(230;106;11946)
(229;106;11963)
(229;106;11963)
(229;106;11963)
(229;106;11980)
(228;106;11980)
(228;106;11997)
(228;105;11997)
(227;105;12012)
(227;105;12013)
(227;105;12030)
(227;105;12031)
(227;105;12031)
(227;105;12046)
(227;105;12062)
(226;105;12062)
(226;105;12063)
(226;105;12080)
(226;105;12080)
(226;104;12096)
(226;104;12096)
(225;104;12113)
(225;104;12113)
(225;103;12113)
(224;103;12130)
(224;103;12130)
(224;103;12146)
(224;103;12146)
(224;103;12163)
(224;103;12163)
(224;103;12180)
(224;103;12180)
(224;103;12196)
(224;103;12196)
(224;103;12212)
(224;103;12213)
(224;103;12230)
(224;103;12230)
(223;103;12231)
(223;103;12247)
(223;103;12247)
(223;103;12263)
(222;103;12263)
(222;103;12280)
(222;103;12280)
(221;104;12296)
(220;104;12313)
(220;104;12313)
(219;104;12330)
(219;104;12330)
(219;105;12346)
(218;105;12346)
(218;105;12347)
(217;105;12363)
(217;105;12363)
(217;105;12380)
(216;106;12380)
(216;106;12396)
(216;106;12396)
(215;106;12413)
(215;107;12413)
(215;107;12413)
(215;107;12430)
(214;107;12430)
(214;107;12446)
(214;107;12446)
(214;107;12463)
(214;107;12463)
(214;108;12480)
(214;108;12480)
(214;108;12480)
(214;108;12496)
(214;108;12496)
(213;108;12514)
(213;108;12514)
(213;108;12531)
(213;108;12531)
(213;108;12531)
(213;108;12546)
(213;108;12547)
(213;108;12563)
(213;108;12563)
(213;108;12580)
(213;108;12581)
(213;108;12597)
(213;108;12598)
(213;108;12613)
(213;108;12614)
(213;108;12630)
(213;108;12630)
(212;108;12631)
(212;108;12647)
(212;108;12647)
(212;108;12663)
(212;108;12663)
(212;108;12680)
(212;108;12680)
(212;108;12696)
(212;108;12696)
(212;108;12713)
(212;108;12713)
(212;108;12714)
(212;108;12729)
(212;108;12730)
(212;108;12747)
(211;109;12747)
(211;109;12763)
(211;109;12763)
(210;109;12779)
(210;109;12779)
(209;110;12780)
(209;110;12796)
(208;110;12796)
(208;111;12814)
(207;111;12814)
(207;111;12830)
(207;111;12830)
(207;111;12846)
(206;111;12846)
(206;111;12846)
(206;111;12863)
(206;111;12863)
(206;111;12879)
(206;111;12880)
(206;111;12896)
(206;111;12897)
(206;111;12913)
(206;111;12913)
(206;111;12930)
(206;111;12930)
(206;111;12946)
(206;111;12947)
(206;111;12947)
(206;111;12963)
(206;111;12964)
(206;111;12980)
(206;111;12980)
(206;111;12997)
(206;111;12997)
(206;111;13013)
(206;111;13013)
(206;111;13013)
(206;111;13029)
(206;111;13030)
(206;111;13046)
(206;111;13046)
(206;111;13064)
(206;111;13064)
(206;111;13080)
(206;111;13108)
(206;112;13109)
(206;112;13109)
(206;112;13109)
(206;112;13125)
(206;112;13126)
(206;112;13142)
(206;112;13142)
(206;112;13142)
(206;112;13159)
(206;112;13159)
(206;112;13175)
(206;112;13176)
(205;112;13193)
(205;112;13193)
(204;112;13193)
(204;112;13208)
(203;112;13209)
(203;112;13225)
(202;112;13225)
(202;113;13242)
(202;113;13242)
(202;113;13259)
(202;113;13259)
(201;113;13259)
(201;113;13276)
(201;113;13276)
(201;113;13293)
(201;113;13293)
(201;113;13309)
(201;113;13309)
(201;113;13325)
(201;113;13326)
(201;113;13342)
(201;113;13342)
(201;113;13358)
(201;113;13359)
(201;113;13359)
(201;113;13376)
(201;113;13376)
(201;113;13392)
(201;113;13392)
(201;113;13409)
(201;113;13410)
(201;113;13425)
(201;113;13425)
(201;113;13443)
(201;113;13443)
(201;113;13443)
(201;113;13459)
(201;113;13460)
(201;113;13475)
(201;113;13475)
(201;113;13493)
(201;113;13493)
(201;113;13493)
(201;113;13510)
(201;113;13510)
(201;113;13526)
(201;113;13527)
(201;113;13543)
(201;113;13543)
(201;113;13560)
(201;113;13560)
(201;113;13561)
(201;113;13576)
(201;113;13576)
(201;113;13594)
(201;113;13594)
(200;113;13610)
(200;113;13610)
(199;113;13610)
(199;113;13627)
(198;113;13627)
(197;113;13644)
(196;113;13644)
(196;113;13660)
(195;113;13660)
(194;113;13677)
(193;113;13677)
(193;113;13693)
(192;113;13693)
(191;113;13710)
(191;113;13711)
(190;113;13711)
(190;113;13727)
(189;113;13727)
(189;113;13743)
(188;113;13744)
(187;113;13760)
(187;113;13761)
(186;113;13777)
(186;113;13777)
(185;113;13793)
(185;113;13794)
(184;113;13794)
(184;113;13810)
(183;113;13810)
(183;113;13826)
(183;113;13827)
(182;113;13843)
(182;113;13843)
(182;113;13860)
(181;113;13860)
(181;113;13860)
(180;113;13876)
(180;113;13877)
(179;113;13894)
(179;113;13894)
(178;113;13909)
(178;112;13910)
(178;112;13926)
(177;112;13926)
(177;112;13926)
(177;112;13944)
(176;112;13944)
(176;112;13959)
(176;112;13960)
(176;112;13977)
(175;112;13977)
(175;112;13993)
(175;112;13993)
(174;112;14010)
(174;112;14010)
(174;112;14027)
(173;111;14027)
(172;111;14027)
(171;111;14043)
(171;111;14043)
(170;110;14060)
(169;110;14061)
(168;110;14077)
(167;109;14077)
(166;109;14093)
(165;108;14093)
(164;108;14093)
(163;108;14110)
(162;107;14110)
(161;107;14127)
(160;106;14127)
(159;106;14144)
(159;105;14144)
(158;105;14160)
(157;105;14160)
(156;105;14160)
(154;104;14176)
(153;104;14177)
(152;103;14193)
(151;103;14194)
(150;102;14210)
(148;102;14210)
(147;102;14210)
(146;101;14227)
(144;101;14243)
(142;101;14244)
(141;101;14260)
(140;100;14260)
(139;100;14276)
(138;100;14277)
(137;100;14294)
(136;100;14294)
(135;100;14310)
(133;100;14337)
(132;100;14338)
(130;99;14338)
(129;99;14338)
(128;99;14354)
(127;99;14355)
(126;99;14355)
(125;99;14371)
(124;99;14388)
(123;99;14388)
(122;99;14388)
(121;99;14405)
(120;99;14406)
(119;99;14422)
(118;99;14422)
(116;99;14438)
(115;99;14439)
(114;98;14455)
(112;98;14455)
(111;98;14455)
(110;98;14472)
(108;98;14472)
(107;98;14488)
(106;98;14488)
(105;98;14504)
(104;98;14505)
(103;98;14522)
(102;98;14523)
(101;98;14523)
(100;98;14538)
(100;97;14539)
(99;97;14555)
(98;97;14556)
(97;96;14572)
(96;96;14572)
(96;96;14573)
(95;95;14588)
(95;95;14588)
(94;94;14605)
(93;94;14605)
(92;93;14622)
(92;93;14622)
(91;92;14639)
(90;92;14639)
(90;91;14639)
(89;91;14655)
(89;91;14656)
(89;90;14672)
(88;90;14672)
(88;90;14688)
(87;89;14689)
(86;88;14705)
(86;88;14705)
(85;87;14722)
(85;87;14722)
(85;87;14738)
(85;86;14739)
(84;86;14739)
(84;86;14754)
(84;86;14755)
(83;86;14771)
(83;85;14772)
(82;85;14788)
(81;84;14788)
(80;83;14804)
(79;83;14805)
(78;82;14821)
(77;81;14821)
(76;81;14821)
(75;81;14838)
(74;80;14838)
(73;80;14855)
(72;79;14855)
(71;79;14871)
(71;79;14872)
(70;78;14872)
(70;78;14889)
(69;78;14889)
(68;78;14905)
(68;77;14905)
(67;77;14922)
(66;77;14922)
(66;76;14938)
(65;75;14938)
(64;75;14939)
(63;74;14955)
(63;73;14955)
(62;73;14972)
(62;72;14972)
(61;72;14989)
(61;71;14989)
(61;71;15006)
(61;71;15006)
(60;71;15006)
(60;71;15022)
(60;70;15039)
(59;70;15040)
(58;69;15040)
(57;68;15056)
(56;67;15056)
(55;66;15073)
(55;65;15073)
(54;65;15089)
(53;64;15089)
(52;63;15106)
(52;63;15106)
(51;63;15106)
(51;63;15122)
(51;62;15122)
(50;62;15139)
(50;62;15139)
(49;62;15155)
(49;62;15156)
(48;61;15172)
(47;61;15172)
(46;61;15172)
(45;61;15189)
(44;61;15189)
(43;60;15205)
(42;60;15205)
(41;60;15222)
(40;60;15222)
(40;60;15241)
(39;60;15241)
(38;60;15258)
(38;60;15274)
(37;60;15274)
(36;59;15291)
(36;59;15292)
(35;59;15292)
(34;59;15325)
(34;58;15325)
(33;58;15325)
(33;58;15341)
(33;58;15341)
(32;57;15358)
(31;56;15358)
(31;55;15358)
(30;55;15375)
(29;54;15375)
(28;53;15391)
(28;52;15391)
(27;51;15408)
(26;50;15408)
(26;49;15424)
(25;49;15424)
(25;48;15441)
(24;48;15442)
(24;47;15458)
(23;47;15458)
(23;47;15458)
(23;46;15474)
(22;46;15475)
(22;46;15490)
(22;46;15491)
(22;46;15507)
(21;45;15508)
(20;45;15524)
(20;45;15525)
(18;45;15541)
(18;45;15541)
(17;45;15557)
(16;45;15558)
(16;44;15574)
(15;44;15574)
(14;44;15590)
(14;44;15592)
(13;44;15607)
(12;44;15608)
(11;44;15608)
(11;45;15624)
(10;45;15624)
(9;45;15641)
(8;45;15641)
(7;46;15657)
(6;46;15658)
(5;46;15674)
(4;46;15674)
(3;46;15675)
(3;46;15690)
(2;46;15691)
(2;46;15708)
(1;47;15709)
(0;47;15723)
(0;47;15724)
(0;47;15741)
(0;47;15741)
(-1;48;15757)
(-1;48;15758)
(-1;48;15775)
(-2;48;15775)
(-2;48;15775)
(-2;48;15791)
(-2;48;15791)
(-2;48;15808)
(-2;48;15808)
(-2;48;15824)
(-2;48;15825)
(-2;48;15841)
(-3;48;15841)
(-3;48;15841)
(-3;49;15858)
(-3;49;15859)
(-4;49;15874)
(-4;49;15874)
(-4;49;15891)
(-4;49;15891)
(-4;49;15891)
(-4;49;15907)
(-4;49;15908)
(-4;49;15925)
(-4;49;15925)
(-4;49;15942)
(-4;49;15942)
(-4;49;15958)
(-4;49;15958)
(-4;49;15974)
(-4;49;15975)
(-4;49;15991)
(-4;49;15991)
(-4;50;16008)
(-4;50;16008)
(-4;51;16024)
(-3;52;16024)
(-2;54;16041)
(0;56;16042)
