(187;421;0)
(189;420;1000)
(189;420;1000)
(189;419;1016)
(189;419;1017)
(189;419;1017)
(189;419;1033)
(189;419;1033)
(189;419;1049)
(189;419;1050)
(189;419;1065)
(189;419;1066)
(189;419;1082)
(189;419;1082)
(190;419;1082)
(190;419;1099)
(190;419;1099)
(190;419;1115)
(190;419;1116)
(190;419;1132)
(191;418;1133)
(191;418;1149)
(192;418;1150)
(192;417;1168)
(193;417;1188)
(193;417;1189)
(194;416;1189)
(194;416;1206)
(195;416;1206)
(195;416;1206)
(196;415;1222)
(197;415;1223)
(197;415;1238)
(197;415;1239)
(198;414;1255)
(198;414;1256)
(198;414;1256)
(198;414;1272)
(198;414;1272)
(198;414;1289)
(198;414;1289)
(198;414;1304)
(199;414;1305)
(199;414;1322)
(199;414;1323)
(200;414;1323)
(200;414;1339)
(200;414;1339)
(201;414;1355)
(201;414;1355)
(202;414;1372)
(202;414;1373)
(202;414;1388)
(203;414;1389)
(203;414;1404)
(204;414;1405)
(204;414;1422)
(205;414;1423)
(206;414;1423)
(206;414;1439)
(207;414;1439)
(208;414;1456)
(208;414;1456)
(209;414;1472)
(210;414;1473)
(211;414;1506)
(212;413;1506)
(212;413;1506)
(213;413;1507)
(213;413;1526)
(214;413;1559)
(214;413;1560)
(215;413;1560)
(215;413;1583)
(215;413;1583)
(215;413;1584)
(215;413;1618)
(216;413;1618)
(216;413;1633)
(217;413;1650)
(217;413;1650)
(220;413;1651)
(220;413;1651)
(221;413;1666)
(221;413;1667)
(221;413;1700)
(222;413;1700)
(223;413;1700)
(223;414;1704)
(224;414;1734)
(225;414;1734)
(225;414;1734)
(226;414;1734)
(227;415;1750)
(227;415;1751)
(228;415;1767)
(228;415;1768)
(229;415;1783)
(229;415;1784)
(229;415;1800)
(230;415;1817)
(230;415;1818)
(230;415;1834)
(231;415;1834)
(231;415;1850)
(231;415;1851)
(231;415;1851)
(231;415;1866)
(232;416;1884)
(233;416;1900)
(233;416;1901)
(233;416;1917)
(234;416;1918)
(234;416;1918)
(235;416;1933)
(235;416;1934)
(235;416;1950)
(236;416;1950)
(236;416;1967)
(236;416;1968)
(237;416;1983)
(237;416;1984)
(237;416;1984)
(238;416;2000)
(238;416;2001)
(239;416;2017)
(239;416;2018)
(239;416;2033)
(240;416;2034)
(240;416;2034)
(240;416;2050)
(241;416;2051)
(241;416;2067)
(242;416;2067)
(242;416;2083)
(242;416;2084)
(242;416;2101)
(243;416;2101)
(243;416;2117)
(244;416;2117)
(244;416;2118)
(245;416;2134)
(246;416;2135)
(246;416;2150)
(246;416;2151)
(247;416;2166)
(247;416;2167)
(247;416;2184)
(248;416;2184)
(248;416;2201)
(248;416;2201)
(248;416;2201)
(248;416;2217)
(248;416;2217)
(248;416;2235)
(248;416;2236)
(248;416;2250)
(248;416;2251)
(248;416;2266)
(248;416;2267)
(249;416;2284)
(249;416;2285)
(249;416;2300)
(249;416;2301)
(249;416;2316)
(249;416;2317)
(249;416;2334)
(249;416;2334)
(249;416;2335)
(249;416;2350)
(249;416;2350)
(249;416;2367)
(249;416;2367)
(249;416;2384)
(249;416;2385)
(249;416;2401)
(249;416;2401)
(249;416;2417)
(249;416;2417)
(249;416;2417)
(249;416;2434)
(249;416;2434)
(249;416;2451)
(249;416;2451)
(249;416;2467)
(249;416;2467)
(249;416;2484)
(249;416;2485)
(249;416;2501)
(249;416;2501)
(249;416;2501)
(249;415;2518)
(249;415;2518)
(249;415;2533)
(249;414;2534)
(249;414;2551)
(248;413;2551)
(248;413;2567)
(248;412;2568)
(248;412;2583)
(248;412;2584)
(248;411;2584)
(248;411;2600)
(247;411;2601)
(247;410;2617)
(247;410;2617)
(247;410;2633)
(247;409;2633)
(246;409;2651)
(246;408;2651)
(246;408;2667)
(246;408;2668)
(245;407;2688)
(245;407;2689)
(245;406;2689)
(244;405;2722)
(243;404;2723)
(243;404;2741)
(242;402;2759)
(242;402;2778)
(241;401;2778)
(241;401;2779)
(241;400;2795)
(241;399;2795)
(241;399;2795)
(240;398;2811)
(240;397;2812)
(240;397;2828)
(240;396;2828)
(240;396;2845)
(239;396;2845)
(239;395;2862)
(239;395;2862)
(239;395;2863)
(239;394;2878)
(239;394;2879)
(238;394;2895)
(238;393;2895)
(238;393;2912)
(238;392;2912)
(238;392;2928)
(238;391;2929)
(237;390;2945)
(237;390;2946)
(237;389;2946)
(237;388;2962)
(236;388;2962)
(236;388;2979)
(236;387;2979)
(236;387;2995)
(235;386;2995)
(235;386;2995)
(235;386;3012)
(235;386;3012)
(235;385;3028)
(234;385;3029)
(234;385;3045)
(234;384;3045)
(233;384;3062)
(233;383;3062)
(233;383;3062)
(232;382;3079)
(232;382;3079)
(232;382;3095)
(232;382;3095)
(232;382;3112)
(232;381;3116)
(231;381;3116)
(231;381;3128)
(231;380;3146)
(230;380;3146)
(230;379;3146)
(229;379;3161)
(229;379;3162)
(229;378;3178)
(228;378;3179)
(228;377;3195)
(227;377;3196)
(227;377;3212)
(226;376;3212)
(226;376;3228)
(225;375;3228)
(225;375;3245)
(224;374;3245)
(224;374;3246)
(224;373;3262)
(223;373;3262)
(223;373;3278)
(222;373;3278)
(222;372;3296)
(221;372;3296)
(221;372;3296)
(220;372;3311)
(220;371;3312)
(219;371;3327)
(218;371;3328)
(218;371;3345)
(217;371;3345)
(216;370;3362)
(216;370;3363)
(215;370;3363)
(215;370;3378)
(214;369;3378)
(214;369;3395)
(213;369;3396)
(213;369;3412)
(212;369;3412)
(212;369;3428)
(211;368;3428)
(210;368;3445)
(210;368;3445)
(209;368;3461)
(208;368;3462)
(208;368;3462)
(207;368;3479)
(207;368;3479)
(207;368;3495)
(206;368;3495)
(206;368;3511)
(205;367;3512)
(205;367;3529)
(205;367;3529)
(204;367;3545)
(204;367;3546)
(203;367;3546)
(203;367;3561)
(202;367;3561)
(202;367;3579)
(202;366;3580)
(201;366;3595)
(201;366;3596)
(201;366;3596)
(200;366;3612)
(200;366;3612)
(200;366;3629)
(199;366;3646)
(199;366;3646)
(199;366;3662)
(199;366;3662)
(198;366;3678)
(198;365;3679)
(198;365;3694)
(197;365;3695)
(197;365;3695)
(197;365;3711)
(197;365;3712)
(197;365;3729)
(196;365;3729)
(196;365;3729)
(196;365;3745)
(196;365;3762)
(196;365;3763)
(196;365;3763)
(196;365;3779)
(196;364;3779)
(196;364;3795)
(195;364;3795)
(195;364;3813)
(195;364;3813)
(195;364;3813)
(195;364;3828)
(195;364;3846)
(195;364;3846)
(195;364;3846)
(195;364;3862)
(195;364;3862)
(195;364;3879)
(195;364;3879)
(195;363;3895)
(195;363;3896)
(195;363;3896)
(195;363;3912)
(195;363;3913)
(195;363;3928)
(195;363;3928)
(195;363;3946)
(195;363;3946)
(195;363;3962)
(195;363;3962)
(195;363;3978)
(195;363;3979)
(195;362;3995)
(195;362;3995)
(195;362;4012)
(195;362;4012)
(195;361;4028)
(196;361;4029)
(196;361;4046)
(196;361;4046)
(196;360;4046)
(196;360;4061)
(196;360;4062)
(196;360;4079)
(197;359;4079)
(197;359;4095)
(197;359;4096)
(197;359;4113)
(197;359;4113)
(198;358;4113)
(198;358;4128)
(198;358;4146)
(198;358;4146)
(198;358;4146)
(199;357;4162)
(199;357;4163)
(200;357;4178)
(200;356;4179)
(201;355;4195)
(202;355;4196)
(202;355;4212)
(203;354;4212)
(203;354;4229)
(204;354;4229)
(204;353;4246)
(205;353;4246)
(205;353;4262)
(206;353;4262)
(206;353;4263)
(206;353;4278)
(207;353;4279)
(207;353;4296)
(208;352;4296)
(209;352;4312)
(210;352;4313)
(211;352;4313)
(211;352;4329)
(212;352;4330)
(212;352;4346)
(213;352;4346)
(214;351;4361)
(214;351;4362)
(215;351;4378)
(216;351;4379)
(217;351;4395)
(217;350;4395)
(218;350;4412)
(219;350;4412)
(220;350;4429)
(220;349;4429)
(221;349;4446)
(222;349;4446)
(223;348;4446)
(224;348;4462)
(224;348;4463)
(225;348;4478)
(225;348;4478)
(226;348;4495)
(226;347;4496)
(227;347;4496)
(228;347;4512)
(228;347;4512)
(229;347;4528)
(230;346;4529)
(230;346;4545)
(231;346;4545)
(231;346;4562)
(232;346;4562)
(232;346;4562)
(233;346;4579)
(233;345;4580)
(234;345;4595)
(235;345;4596)
(236;345;4659)
(237;345;4660)
(238;345;4696)
(239;344;4696)
(240;344;4697)
(240;344;4697)
(242;344;4697)
(242;343;4697)
(243;343;4697)
(243;343;4697)
(244;343;4697)
(245;343;4712)
(246;342;4729)
(247;342;4729)
(248;342;4746)
(249;341;4746)
(250;341;4746)
(251;341;4763)
(252;340;4763)
(253;340;4779)
(254;340;4779)
(254;339;4796)
(255;339;4796)
(256;339;4796)
(257;339;4812)
(257;338;4813)
(258;338;4829)
(259;337;4829)
(260;337;4846)
(261;337;4846)
(261;337;4863)
(262;337;4863)
(263;336;4864)
(263;336;4880)
(264;336;4880)
(264;336;4896)
(265;336;4896)
(265;336;4912)
(265;336;4913)
(265;336;4929)
(266;336;4930)
(266;336;4945)
(267;336;4946)
(267;336;4963)
(268;336;4963)
(268;336;4964)
(268;336;4980)
(269;336;4980)
(269;336;4996)
(270;336;4996)
(270;335;5012)
(270;335;5013)
(270;335;5028)
(271;335;5029)
(271;335;5045)
(271;335;5046)
(271;335;5046)
(272;335;5062)
(272;335;5062)
(272;335;5079)
(272;335;5080)
(273;335;5095)
(273;335;5096)
(274;335;5096)
(275;335;5113)
(275;335;5113)
(276;335;5129)
(276;335;5129)
(276;335;5146)
(277;335;5146)
(277;335;5162)
(277;335;5163)
(277;335;5163)
(277;335;5178)
(278;335;5178)
(278;335;5195)
(278;335;5196)
(278;335;5212)
(278;335;5213)
(278;335;5229)
(279;335;5229)
(279;335;5246)
(279;335;5246)
(279;335;5246)
(279;335;5262)
(279;335;5262)
(280;335;5279)
(280;335;5279)
(280;335;5296)
(281;334;5296)
(281;334;5312)
(282;334;5312)
(282;334;5328)
(282;334;5328)
(283;334;5345)
(283;334;5346)
(283;333;5346)
(284;333;5362)
(284;333;5362)
(284;333;5379)
(284;333;5379)
(284;333;5396)
(284;332;5396)
(285;332;5396)
(285;332;5412)
(286;331;5412)
(286;331;5428)
(287;331;5429)
(287;330;5446)
(287;330;5446)
(287;330;5462)
(287;330;5462)
(287;330;5462)
(287;330;5478)
(287;330;5478)
(287;330;5496)
(287;329;5496)
(288;329;5512)
(288;329;5512)
(288;328;5528)
(288;328;5528)
(289;328;5545)
(289;327;5545)
(290;326;5545)
(290;326;5562)
(290;325;5562)
(290;325;5579)
(291;324;5579)
(291;324;5596)
(291;323;5596)
(291;323;5612)
(292;322;5612)
(292;322;5629)
(292;321;5629)
(292;321;5629)
(292;320;5645)
(293;320;5645)
(293;320;5662)
(293;319;5662)
(293;319;5678)
(293;319;5678)
(294;318;5696)
(294;318;5696)
(294;317;5696)
(295;317;5711)
(295;317;5712)
(295;316;5728)
(295;316;5729)
(295;316;5746)
(295;315;5746)
(296;315;5766)
(296;315;5767)
(296;315;5767)
(296;315;5783)
(296;315;5799)
(296;315;5800)
(296;315;5817)
(296;315;5817)
(296;315;5817)
(296;315;5833)
(296;315;5833)
(296;315;5851)
(296;315;5851)
(296;315;5867)
(296;315;5868)
(296;315;5884)
(296;315;5884)
(296;315;5884)
(296;315;5901)
(296;315;5901)
(296;315;5916)
(296;315;5917)
(296;315;5933)
(296;315;5933)
(296;315;5950)
(296;315;5950)
(296;315;5950)
(296;315;5967)
(296;315;5967)
(296;316;5983)
(297;316;5984)
(297;317;5999)
(298;317;6000)
(298;318;6017)
(299;318;6017)
(299;319;6018)
(300;319;6033)
(300;319;6051)
(300;320;6051)
(301;320;6051)
(301;321;6066)
(301;322;6067)
(302;323;6083)
(302;323;6083)
(302;324;6101)
(303;325;6101)
(303;325;6117)
(303;326;6118)
(304;327;6118)
(304;328;6134)
(305;329;6134)
(305;330;6150)
(306;331;6150)
(306;332;6167)
(307;333;6167)
(307;334;6184)
(308;335;6184)
(309;336;6184)
(309;337;6200)
(309;338;6200)
(310;338;6217)
(310;339;6217)
(310;340;6233)
(310;340;6234)
(310;340;6234)
(310;340;6251)
(311;341;6251)
(311;341;6270)
(311;341;6286)
(311;341;6323)
(311;342;6324)
(312;343;6324)
(313;343;6324)
(313;344;6339)
(313;344;6339)
(314;344;6356)
(314;345;6357)
(314;345;6357)
(315;345;6373)
(315;345;6374)
(315;345;6390)
(315;345;6391)
(315;346;6407)
(316;346;6407)
(316;346;6423)
(316;346;6423)
(316;346;6424)
(316;346;6439)
(316;346;6440)
(317;346;6456)
(317;346;6456)
(317;346;6473)
(317;346;6473)
(318;346;6473)
(318;347;6489)
(319;347;6506)
(319;347;6507)
(320;348;6507)
(320;348;6523)
(321;348;6540)
(321;348;6540)
(322;349;6540)
(323;349;6556)
(323;349;6557)
(323;350;6574)
(324;350;6574)
(324;350;6574)
(324;350;6590)
(325;350;6590)
(325;350;6607)
(325;350;6607)
(325;351;6623)
(325;351;6623)
(326;351;6640)
(326;351;6640)
(326;352;6657)
(327;352;6657)
(327;352;6658)
(327;353;6674)
(328;353;6674)
(328;353;6690)
(328;354;6691)
(328;354;6707)
(329;355;6708)
(329;355;6724)
(329;356;6724)
(330;356;6724)
(330;357;6740)
(330;357;6741)
(330;358;6757)
(330;358;6757)
(331;359;6774)
(331;359;6774)
(331;360;6774)
(331;361;6791)
(331;361;6791)
(332;362;6807)
(332;363;6808)
(332;363;6825)
(332;363;6825)
(332;364;6841)
(332;364;6842)
(332;364;6842)
(332;365;6857)
(332;365;6858)
(332;365;6874)
(332;366;6874)
(332;366;6890)
(332;366;6891)
(332;367;6914)
(333;368;6915)
(333;371;6953)
(334;373;6953)
(334;374;6953)
(334;375;6969)
(334;375;6969)
(334;376;6970)
(334;376;6986)
(334;376;6987)
(334;376;7002)
(334;376;7002)
(334;376;7019)
(334;376;7019)
(334;376;7036)
(334;376;7037)
(334;376;7053)
(334;377;7053)
(334;377;7070)
(334;377;7070)
(334;377;7070)
(334;377;7086)
(334;378;7086)
(335;378;7103)
(335;379;7104)
(335;380;7119)
(336;381;7119)
(336;381;7136)
(336;382;7136)
(337;382;7136)
(337;383;7153)
(337;384;7153)
(338;384;7170)
(338;385;7170)
(338;386;7186)
(339;386;7186)
(339;387;7202)
(340;388;7202)
(340;389;7203)
(341;390;7219)
(341;391;7219)
(342;391;7281)
(342;392;7282)
(342;393;7282)
(342;393;7282)
(343;394;7282)
(343;394;7282)
(343;395;7315)
(344;395;7316)
(344;396;7316)
(344;397;7316)
(344;397;7316)
(344;397;7332)
(344;397;7332)
(344;397;7349)
(344;397;7349)
(344;397;7365)
(344;398;7366)
(344;398;7383)
(345;398;7383)
(345;398;7383)
(345;399;7399)
(345;399;7399)
(345;400;7415)
(345;400;7416)
(346;402;7432)
(346;403;7432)
(346;404;7448)
(346;404;7449)
(347;405;7466)
(347;406;7466)
(347;406;7466)
(347;407;7482)
(347;407;7482)
(347;408;7498)
(347;408;7499)
(347;408;7516)
(347;408;7516)
(347;408;7532)
(347;409;7533)
(347;409;7549)
(348;409;7549)
(348;409;7549)
(348;410;7565)
(348;411;7566)
(348;411;7582)
(348;412;7583)
(348;412;7599)
(348;412;7599)
(348;412;7616)
(348;412;7617)
(348;412;7617)
(348;413;7631)
(348;413;7632)
(348;413;7649)
(349;413;7649)
(349;413;7666)
(349;413;7666)
(349;414;7682)
(349;414;7683)
(349;415;7683)
(349;416;7699)
(349;416;7699)
(350;417;7716)
(350;417;7716)
(350;418;7732)
(350;418;7732)
(350;419;7749)
(350;419;7749)
(350;419;7750)
(350;419;7765)
(350;419;7782)
(350;419;7782)
(350;419;7782)
(350;420;7798)
(350;420;7799)
(350;420;7816)
(350;420;7816)
(350;420;7832)
(350;420;7832)
(350;420;7849)
(350;420;7850)
(350;420;7850)
(350;420;7865)
(350;420;7866)
(350;420;7882)
(350;420;7882)
(350;420;7899)
(350;420;7900)
(350;420;7915)
(350;420;7915)
(350;420;7916)
(350;420;7932)
(350;420;7932)
(350;420;7948)
(350;420;7949)
(350;420;7966)
(350;420;7966)
(350;420;7982)
(350;420;7982)
(350;420;7982)
(350;420;7999)
(350;420;7999)
(350;420;8015)
(350;420;8015)
(350;420;8032)
(350;420;8033)
(350;420;8049)
(350;420;8049)
(350;420;8049)
(350;420;8066)
(350;420;8066)
(350;420;8082)
(350;420;8083)
(350;420;8098)
(350;420;8099)
(350;420;8116)
(350;420;8116)
(350;420;8132)
(350;420;8132)
(350;420;8149)
(351;420;8149)
(351;420;8149)
(351;420;8165)
(351;420;8165)
(351;420;8182)
(351;420;8182)
(351;420;8199)
(351;420;8200)
(351;420;8216)
(351;420;8216)
(351;420;8216)
(351;420;8232)
(351;420;8233)
(351;420;8249)
(351;420;8249)
(351;420;8266)
(351;420;8266)
(351;419;8282)
(351;419;8282)
(352;419;8299)
(353;419;8299)
(354;418;8316)
(355;418;8317)
(355;418;8333)
(356;417;8333)
(357;417;8349)
(358;417;8349)
(359;416;8366)
(359;416;8366)
(360;416;8367)
(360;416;8382)
(361;416;8383)
(361;416;8399)
(361;415;8399)
(362;415;8416)
(363;415;8416)
(365;414;8432)
(366;414;8432)
(367;413;8449)
(368;413;8449)
(369;413;8465)
(369;413;8466)
(370;413;8466)
(370;413;8482)
(371;413;8482)
(372;412;8499)
(373;412;8500)
(374;411;8515)
(375;411;8516)
(376;411;8516)
(376;411;8532)
(377;410;8533)
(377;410;8550)
(378;410;8550)
(378;410;8566)
(379;410;8566)
(380;410;8583)
(381;410;8583)
(382;409;8583)
(383;409;8599)
(384;409;8599)
(385;409;8616)
(386;408;8616)
(388;408;8632)
(389;408;8633)
(390;408;8648)
(391;408;8649)
(391;408;8665)
(392;407;8666)
(393;407;8683)
(393;407;8683)
(394;407;8683)
(395;407;8699)
(396;407;8700)
(397;406;8716)
(398;406;8716)
(399;406;8732)
(400;405;8733)
(401;405;8749)
(402;405;8749)
(403;405;8766)
(403;404;8766)
(405;404;8767)
(406;404;8783)
(407;403;8783)
(408;403;8799)
(409;403;8799)
(410;402;8815)
(411;402;8815)
(412;402;8832)
(413;402;8832)
(413;401;8849)
(414;401;8850)
(414;401;8866)
(415;401;8866)
(415;401;8867)
(415;401;8883)
(416;401;8883)
(416;401;8899)
(416;401;8899)
(417;400;8916)
(417;400;8916)
(417;400;8932)
(418;400;8932)
(418;400;8949)
(418;400;8949)
(418;400;8949)
(418;400;8965)
(418;400;8965)
(418;400;8982)
(418;400;8982)
(419;400;8999)
(419;400;8999)
(420;400;9016)
(421;400;9016)
(422;400;9032)
(423;400;9033)
(423;400;9033)
(424;400;9049)
(425;401;9050)
(426;401;9065)
(426;401;9065)
(427;401;9082)
(428;401;9082)
(428;402;9099)
(429;402;9099)
(430;402;9115)
(430;402;9115)
(431;403;9116)
(431;403;9132)
(432;403;9132)
(433;404;9149)
(433;404;9149)
(434;405;9165)
(435;405;9165)
(436;406;9182)
(437;406;9182)
(437;407;9182)
(438;407;9199)
(439;407;9199)
(439;408;9215)
(439;408;9215)
(440;408;9232)
(440;408;9232)
(440;408;9249)
(440;408;9249)
(440;408;9249)
(440;408;9265)
(440;408;9266)
(440;408;9282)
(440;408;9282)
(440;408;9299)
(440;408;9299)
(440;408;9315)
(440;408;9315)
(440;408;9332)
(440;408;9332)
(440;408;9349)
(440;408;9349)
(440;408;9349)
(440;408;9366)
(440;408;9366)
(440;408;9384)
(440;408;9384)
(441;408;9401)
(441;408;9401)
(441;407;9418)
(442;407;9418)
(442;406;9418)
(443;406;9434)
(444;405;9434)
(445;404;9451)
(445;404;9451)
(446;403;9467)
(447;402;9468)
(447;402;9468)
(448;401;9484)
(448;400;9484)
(449;400;9500)
(450;399;9500)
(450;399;9518)
(451;398;9518)
(452;397;9553)
(452;396;9554)
(453;396;9554)
(453;395;9570)
(454;394;9571)
(455;393;9586)
(455;392;9587)
(456;392;9587)
(456;391;9604)
(457;390;9604)
(457;389;9620)
(458;388;9621)
(458;387;9636)
(459;386;9637)
(459;385;9654)
(460;384;9654)
(460;383;9654)
(461;382;9670)
(461;380;9670)
(462;379;9687)
(462;378;9687)
(463;377;9704)
(463;376;9704)
(463;374;9721)
(464;373;9721)
(464;372;9721)
(465;370;9737)
(466;369;9753)
(466;368;9754)
(466;367;9754)
(467;365;9770)
(467;364;9770)
(468;363;9787)
(468;362;9788)
(468;361;9803)
(469;360;9804)
(469;359;9820)
(469;359;9821)
(469;359;9837)
(469;359;9837)
(469;358;9838)
(469;358;9853)
(469;358;9853)
(469;358;9870)
(469;358;9871)
(470;358;9887)
(470;357;9888)
(470;357;9903)
(470;357;9903)
(470;357;9904)
(470;357;9921)
(470;356;9921)
(470;355;9937)
(471;354;9937)
(471;354;9953)
(471;354;9954)
(471;354;9970)
(471;353;9970)
(471;353;9970)
(471;353;9987)
(471;352;9987)
(472;351;10004)
(472;351;10004)
(472;350;10020)
(472;350;10021)
(472;350;10038)
(472;349;10038)
(472;349;10038)
(472;349;10054)
(472;349;10055)
(472;349;10070)
(473;349;10070)
(473;349;10087)
(473;349;10087)
(473;348;10104)
(473;348;10104)
(473;348;10121)
(473;348;10121)
(473;348;10138)
(473;348;10138)
(474;347;10138)
(474;347;10154)
(474;346;10155)
(475;345;10170)
(475;345;10170)
(476;344;10187)
(476;344;10187)
(476;344;10187)
(476;344;10203)
(476;344;10203)
(476;343;10220)
(476;343;10220)
(477;343;10237)
(477;343;10237)
(477;343;10253)
(477;343;10254)
(477;342;10270)
(477;342;10270)
(477;342;10270)
(477;342;10287)
(477;342;10288)
(478;342;10303)
(478;342;10303)
(478;342;10320)
(478;342;10321)
(478;342;10337)
(478;342;10337)
(478;341;10337)
(479;341;10355)
(479;340;10355)
(479;340;10370)
(479;340;10371)
(480;340;10387)
(480;339;10387)
(480;339;10404)
(480;339;10404)
(480;339;10420)
(480;339;10420)
(480;339;10437)
(480;339;10437)
(480;339;10437)
(480;339;10453)
(480;339;10454)
(480;339;10471)
(480;339;10471)
(480;339;10487)
(480;339;10488)
(480;339;10488)
(480;339;10504)
(480;339;10504)
(480;339;10521)
(480;339;10521)
(480;339;10537)
(480;339;10538)
(480;339;10554)
(480;339;10554)
(480;339;10554)
(480;339;10570)
(480;339;10587)
(480;339;10587)
(480;339;10587)
(480;339;10604)
(480;339;10605)
(480;339;10620)
(480;339;10621)
(480;339;10637)
(480;339;10637)
(480;339;10637)
(481;339;10653)
(481;339;10670)
(481;338;10671)
(481;338;10671)
(481;338;10686)
(481;338;10687)
(481;338;10704)
(481;338;10704)
(482;338;10721)
(482;337;10721)
(482;337;10737)
(482;337;10738)
(482;337;10738)
(482;337;10753)
(482;337;10754)
(482;337;10770)
(483;337;10770)
(483;336;10787)
(483;336;10787)
(483;336;10804)
(483;336;10804)
(483;336;10804)
(483;336;10819)
(484;335;10820)
(484;335;10838)
(484;335;10838)
(484;335;10854)
(484;335;10854)
(485;335;10854)
(485;335;10870)
(485;335;10870)
(485;335;10887)
(485;335;10887)
(485;334;10904)
(485;334;10905)
(485;334;10921)
(485;334;10921)
(485;334;10921)
(485;334;10937)
(485;334;10938)
(486;334;10954)
(486;334;10954)
(486;334;10970)
(486;334;10970)
(486;334;10987)
(486;334;10988)
(486;334;11003)
(486;334;11004)
(486;334;11020)
(486;334;11021)
(486;334;11036)
(486;334;11037)
(486;334;11037)
(486;334;11053)
(486;334;11072)
(486;334;11106)
(486;334;11106)
(486;334;11106)
(486;334;11106)
(486;334;11121)
(486;334;11122)
(486;334;11138)
(486;334;11139)
(486;334;11155)
(486;334;11156)
(486;334;11173)
(486;334;11173)
(486;334;11189)
(486;334;11189)
(486;334;11206)
(486;334;11206)
(486;334;11206)
(486;334;11222)
(486;334;11223)
(486;334;11239)
(486;334;11239)
(486;334;11256)
(486;334;11257)
(486;334;11272)
(486;334;11272)
(486;333;11289)
(486;333;11289)
(486;333;11305)
(486;333;11305)
(486;333;11305)
(486;333;11323)
(486;333;11323)
(486;333;11339)
(486;333;11340)
(486;333;11355)
(486;333;11356)
(486;333;11373)
(486;333;11373)
(486;333;11373)
(486;333;11389)
(486;333;11389)
(486;333;11406)
(486;333;11406)
(486;333;11422)
(486;333;11422)
(486;333;11441)
(486;333;11441)
(486;333;11458)
(486;333;11459)
(487;333;11459)
(487;333;11475)
(487;333;11476)
(487;333;11491)
(487;333;11492)
(487;333;11508)
(487;333;11509)
(487;333;11509)
(487;333;11524)
(487;333;11525)
(487;333;11541)
(487;333;11541)
(487;333;11558)
(487;333;11558)
(487;333;11575)
(487;333;11575)
(487;333;11575)
(487;333;11591)
(487;333;11591)
(487;333;11608)
(487;333;11608)
(487;333;11624)
(487;333;11625)
(487;333;11625)
(487;333;11642)
(487;333;11642)
(487;333;11658)
(487;333;11658)
(487;333;11675)
(487;333;11675)
(487;333;11691)
(487;333;11692)
(487;333;11708)
(487;333;11708)
(487;333;11724)
(487;333;11724)
(487;333;11742)
(487;333;11758)
(487;333;11759)
(487;333;11759)
(487;332;11775)
(487;332;11775)
(487;332;11791)
(487;332;11791)
(487;332;11808)
(487;332;11808)
(487;332;11808)
(487;332;11824)
(487;332;11825)
(487;332;11841)
(487;332;11842)
(487;332;11858)
(487;332;11858)
(487;332;11874)
(487;332;11875)
(487;332;11891)
(487;332;11891)
(487;332;11908)
(487;332;11909)
(487;332;11925)
(487;332;11925)
(487;332;11925)
(487;332;11941)
(487;332;11941)
(487;332;11958)
(487;332;11959)
(487;332;11974)
(487;332;11975)
(487;332;11992)
(487;332;11992)
(487;332;12008)
(487;332;12009)
(487;332;12025)
(487;332;12025)
(487;332;12025)
(487;332;12041)
(487;332;12041)
(487;332;12058)
(487;332;12059)
(487;332;12075)
(488;332;12075)
(488;332;12092)
(489;332;12092)
(490;332;12108)
(490;332;12108)
(491;332;12108)
(492;332;12125)
(493;332;12125)
(494;332;12141)
(495;331;12158)
(495;331;12159)
(496;331;12175)
(497;331;12175)
(497;331;12191)
(497;331;12192)
(497;331;12207)
(497;331;12208)
(498;331;12224)
(499;331;12242)
(499;331;12242)
(500;331;12259)
(501;332;12259)
(502;332;12275)
(503;333;12275)
(503;333;12293)
(504;333;12293)
(504;333;12308)
(504;334;12309)
(504;334;12324)
(504;334;12325)
(505;334;12341)
(505;334;12342)
(505;334;12342)
(506;335;12358)
(507;335;12358)
(507;335;12374)
(507;335;12375)
(508;336;12391)
(508;336;12392)
(508;336;12408)
(508;336;12408)
(509;336;12409)
(509;337;12425)
(509;337;12441)
(510;337;12459)
(510;337;12460)
(510;338;12476)
(511;338;12476)
(511;338;12491)
(512;339;12491)
(512;339;12509)
(513;340;12509)
(514;340;12525)
(515;341;12526)
(515;341;12526)
(516;341;12542)
(516;341;12542)
(517;342;12558)
(517;342;12558)
(518;342;12575)
(518;342;12576)
(519;342;12592)
(519;343;12592)
(519;343;12609)
(520;343;12609)
(520;343;12610)
(521;344;12625)
(521;344;12642)
(522;344;12642)
(522;344;12642)
(523;345;12658)
(524;345;12658)
(525;346;12675)
(526;346;12675)
(527;346;12692)
(528;347;12692)
(529;348;12709)
(531;348;12709)
(531;349;12709)
(533;349;12725)
(533;349;12725)
(534;350;12742)
(535;350;12743)
(536;350;12758)
(536;350;12759)
(537;351;12775)
(537;351;12776)
(537;351;12776)
(538;351;12792)
(538;351;12792)
(539;352;12809)
(540;352;12809)
(541;352;12825)
(542;353;12826)
(543;353;12826)
(544;354;12842)
(545;354;12842)
(545;355;12858)
(546;355;12859)
(546;355;12875)
(547;356;12876)
(547;356;12891)
(547;356;12891)
(547;356;12909)
(548;356;12909)
(548;357;12925)
(548;357;12925)
(548;357;12925)
(549;357;12942)
(549;357;12942)
(549;358;12959)
(550;358;12960)
(550;358;12976)
(550;358;12976)
(550;359;12993)
(551;359;12993)
(551;359;13008)
(551;360;13009)
(552;360;13009)
(552;361;13026)
(552;361;13042)
(553;361;13043)
(553;362;13058)
(554;362;13058)
(554;363;13075)
(555;363;13075)
(555;364;13093)
(556;364;13093)
(556;364;13109)
(556;365;13109)
(556;365;13125)
(556;365;13125)
(556;365;13126)
(556;365;13142)
(556;365;13143)
(557;365;13159)
(557;365;13159)
(557;366;13176)
(558;366;13176)
(558;366;13192)
(559;367;13192)
(560;368;13209)
(561;369;13209)
(562;369;13225)
(562;370;13226)
(563;371;13226)
(564;371;13242)
(564;371;13242)
(565;372;13259)
(565;372;13259)
(565;372;13275)
(565;372;13275)
(566;372;13292)
(566;372;13292)
(566;373;13309)
(566;373;13310)
(567;373;13310)
(568;374;13325)
(568;375;13326)
(569;375;13343)
(570;376;13343)
(570;376;13359)
(570;376;13360)
(571;377;13375)
(571;377;13375)
(572;377;13376)
(572;377;13391)
(573;378;13392)
(574;378;13409)
(575;379;13409)
(575;380;13425)
(576;380;13426)
(577;381;13442)
(577;381;13442)
(577;381;13458)
(578;381;13458)
(578;381;13478)
(578;381;13478)
(579;382;13496)
(580;382;13496)
(580;382;13512)
(581;382;13513)
(583;383;13528)
(584;383;13529)
(585;384;13546)
(586;384;13546)
(587;384;13546)
(587;384;13562)
(587;384;13562)
(588;384;13579)
(588;384;13580)
(588;384;13596)
(588;384;13596)
(588;384;13612)
(589;384;13612)
(589;384;13629)
(589;384;13629)
(590;384;13629)
(591;384;13646)
(592;384;13646)
(593;384;13662)
(594;384;13662)
(596;384;13716)
(597;384;13749)
(598;384;13750)
(599;384;13750)
(599;384;13750)
(600;384;13766)
(600;384;13767)
(600;384;13783)
(600;384;13783)
(600;384;13783)
(601;384;13783)
(604;384;13783)
(605;384;13800)
(606;384;13801)
(607;384;13816)
(609;384;13846)
(610;384;13847)
(611;384;13847)
(612;384;13847)
(612;384;13847)
(612;384;13863)
(613;384;13863)
(614;384;13880)
(615;384;13881)
(616;385;13897)
(617;385;13897)
(619;385;13914)
(619;385;13914)
(621;385;13914)
(622;385;13931)
(623;385;13948)
(625;386;13948)
(625;386;13964)
(626;386;13965)
(626;386;13981)
(627;386;13981)
(627;386;13981)
(628;386;13998)
(628;386;13998)
(629;386;14015)
(629;386;14015)
(629;387;14032)
(630;387;14032)
(630;387;14050)
(631;387;14050)
(631;387;14067)
(632;387;14067)
(632;387;14067)
(632;387;14084)
(632;387;14084)
(632;387;14101)
(632;387;14101)
(632;387;14101)
(632;387;14117)
(632;388;14117)
(633;388;14134)
(633;388;14134)
(633;388;14151)
(633;388;14151)
(633;388;14167)
(633;388;14168)
(633;388;14184)
(634;389;14184)
(634;389;14200)
(635;389;14201)
(635;390;14217)
(635;390;14217)
(636;390;14217)
(636;391;14234)
(637;391;14234)
(637;392;14250)
(638;392;14250)
(639;393;14268)
(640;394;14268)
(641;395;14268)
(641;395;14284)
(642;396;14284)
(643;397;14301)
(644;398;14301)
(645;398;14317)
(646;399;14317)
(648;401;14334)
(649;402;14334)
(651;404;14352)
(652;404;14378)
(653;404;14378)
(657;407;14415)
(659;408;14415)
(660;409;14416)
(662;409;14451)
(663;410;14452)
(665;411;14452)
(667;413;14452)
(669;414;14467)
(671;415;14467)
(673;416;14484)
(673;416;14501)
(674;416;14501)
(674;416;14517)
(676;416;14518)
(677;417;14534)
(678;417;14535)
(679;417;14551)
(680;417;14551)
(680;417;14567)
(681;418;14568)
(682;418;14568)
(683;418;14585)
(684;418;14585)
(684;418;14601)
(685;418;14601)
(686;419;14617)
(686;419;14618)
(687;419;14634)
(688;419;14635)
(689;419;14650)
(689;419;14650)
(690;419;14668)
(691;420;14668)
(692;420;14685)
(694;420;14685)
(695;421;14685)
(696;421;14700)
(697;421;14717)
(698;421;14717)
(699;422;14735)
(700;422;14735)
(700;422;14735)
(701;422;14751)
(702;422;14751)
(703;423;14767)
(703;423;14768)
(704;423;14784)
(705;423;14785)
(705;424;14801)
(706;424;14801)
(706;424;14817)
(706;424;14818)
(707;424;14818)
(707;425;14835)
(707;425;14835)
(708;425;14851)
(708;425;14852)
(708;425;14868)
(708;425;14869)
(708;425;14869)
(708;425;14885)
(709;426;14885)
(709;426;14902)
(710;426;14902)
(710;427;14917)
(711;427;14918)
(712;428;14934)
(713;428;14934)
(714;429;14934)
(715;430;14950)
(716;431;14951)
(717;431;14967)
(718;432;14967)
(719;433;14985)
(720;434;14985)
(721;434;14985)
(722;435;15001)
(722;435;15018)
(723;436;15018)
(723;436;15018)
(724;437;15034)
(725;437;15035)
(725;438;15051)
(726;438;15051)
(726;439;15068)
(727;439;15069)
(727;439;15085)
(728;439;15085)
(728;440;15101)
(729;440;15102)
(729;440;15102)
(730;441;15117)
(731;441;15118)
(733;442;15135)
(734;443;15135)
(735;443;15152)
(736;444;15152)
(737;444;15167)
(738;445;15168)
(739;445;15168)
(740;445;15185)
(741;446;15185)
(742;446;15201)
(742;446;15202)
(743;447;15218)
(743;447;15219)
(743;447;15234)
(744;447;15235)
(744;447;15235)
(744;447;15250)
(744;447;15250)
(744;447;15267)
(744;447;15268)
(744;447;15285)
(744;447;15285)
(744;447;15301)
(744;447;15301)
(745;447;15317)
(745;447;15317)
(745;447;15318)
(745;447;15334)
(746;447;15334)
(746;447;15351)
(746;447;15351)
(747;447;15367)
(747;447;15368)
(747;447;15384)
(748;447;15384)
(748;447;15401)
(749;447;15402)
(750;446;15418)
(750;446;15418)
(751;445;15418)
(751;445;15434)
(752;445;15434)
(753;444;15450)
(753;444;15451)
(754;444;15468)
(754;443;15468)
(755;443;15468)
(756;443;15484)
(756;442;15484)
(757;442;15501)
(758;442;15501)
(758;441;15518)
(759;441;15518)
(759;440;15535)
(760;440;15535)
(760;440;15535)
(761;439;15551)
(761;439;15551)
(762;439;15568)
(762;439;15568)
(762;439;15584)
(762;439;15585)
(763;438;15601)
(763;438;15602)
(763;438;15618)
(764;438;15619)
(764;438;15619)
(765;437;15634)
(765;437;15634)
(765;437;15651)
(766;436;15651)
(766;436;15668)
(766;436;15687)
(767;436;15688)
(767;436;15688)
(767;436;15705)
(767;436;15705)
(767;436;15721)
(767;435;15721)
(767;435;15738)
(768;435;15738)
(768;434;15754)
(769;434;15755)
(769;434;15755)
(769;434;15771)
(769;434;15771)
(770;433;15787)
(770;433;15787)
(770;433;15805)
(771;432;15805)
(771;432;15805)
(771;431;15822)
(772;431;15822)
(772;431;15838)
(772;431;15839)
(772;431;15854)
(773;430;15855)
(773;430;15871)
(773;430;15871)
(773;429;15887)
(774;429;15887)
(774;429;15887)
(774;429;15905)
(774;429;15905)
(774;429;15921)
(774;429;15921)
(774;428;15938)
(774;428;15939)
(774;428;15954)
(774;428;15955)
(775;428;15955)
(775;428;15970)
(775;427;15971)
(775;427;15988)
(776;427;15988)
(776;426;16007)
(777;425;16007)
(778;424;16021)
(778;423;16021)
(779;422;16038)
(779;422;16038)
(780;421;16055)
(780;420;16055)
(781;420;16071)
(781;420;16089)
(781;420;16089)
(781;420;16089)
(781;420;16104)
(781;419;16122)
(781;419;16122)
(781;419;16123)
(781;419;16138)
(781;419;16139)
(781;419;16154)
(781;419;16155)
(781;419;16171)
(781;419;16171)
(781;419;16189)
(781;419;16189)
(781;419;16189)
(781;419;16205)
(781;419;16206)
(781;419;16222)
(781;419;16222)
(781;419;16239)
(781;419;16239)
(781;419;16255)
(781;419;16255)
(781;419;16272)
(781;419;16272)
(781;419;16288)
(781;419;16289)
(781;419;16305)
(781;419;16305)
(781;419;16305)
(781;419;16321)
(781;419;16321)
(781;419;16339)
(781;419;16339)
(781;419;16355)
(781;419;16355)
(781;419;16371)
(781;419;16371)
(781;419;16387)
(781;419;16388)
(781;419;16405)
(781;419;16405)
(781;419;16405)
(781;419;16421)
(781;419;16422)
(781;419;16438)
(781;419;16438)
(781;419;16454)
(781;419;16455)
(781;419;16471)
(781;419;16472)
(781;419;16488)
(781;419;16488)
(781;419;16489)
(781;419;16505)
(781;419;16505)
(781;419;16522)
(781;419;16523)
(781;419;16538)
(782;418;16555)
(782;418;16555)
(782;418;16555)
(782;418;16571)
(782;418;16572)
(782;418;16588)
(782;418;16588)
(782;418;16604)
(782;418;16604)
(782;417;16621)
(782;417;16621)
(782;417;16621)
(782;417;16638)
(782;417;16638)
(782;417;16655)
(783;417;16656)
(783;417;16671)
(783;417;16671)
(783;417;16688)
(783;417;16688)
(783;417;16705)
(783;417;16705)
(783;416;16705)
(783;416;16721)
(783;416;16722)
(783;416;16738)
(783;416;16738)
(783;416;16754)
(783;416;16755)
(783;416;16772)
(783;416;16772)
(783;416;16788)
(783;416;16788)
(783;416;16788)
(783;416;16805)
(783;416;16805)
(784;416;16821)
(784;416;16822)
(784;416;16838)
(784;416;16839)
(784;416;16854)
(784;416;16854)
(784;416;16854)
(784;416;16871)
(784;416;16871)
(784;416;16888)
(784;416;16888)
(784;416;16905)
(784;416;16905)
(784;416;16905)
(784;416;16921)
(784;416;16921)
(784;416;16938)
(784;416;16938)
(784;416;16955)
(784;416;16956)
(784;416;16972)
(784;416;16988)
(784;416;16988)
(784;416;17005)
(784;416;17005)
(784;416;17005)
(784;416;17022)
(784;416;17022)
(784;416;17039)
(784;416;17039)
(784;416;17055)
(784;416;17055)
(784;416;17071)
(784;416;17071)
(784;416;17088)
(784;416;17089)
(784;416;17089)
(784;416;17105)
(784;416;17105)
(784;416;17122)
(784;416;17122)
(784;416;17138)
(784;416;17139)
(784;416;17155)
(784;416;17155)
(784;416;17171)
(784;416;17171)
(784;416;17188)
(784;416;17188)
(784;416;17205)
(784;416;17205)
(784;416;17205)
(784;416;17221)
(784;416;17256)
(784;416;17256)
(784;416;17256)
(784;416;17271)
(784;416;17288)
(784;416;17289)
(784;416;17305)
(784;416;17306)
(784;416;17306)
(784;416;17322)
(784;416;17322)
(784;416;17339)
(784;416;17339)
(784;416;17355)
(784;416;17355)
(784;416;17371)
(784;416;17371)
(784;416;17388)
(784;416;17389)
(784;416;17389)
(784;416;17405)
(784;416;17406)
(784;416;17422)
(784;416;17422)
(784;416;17438)
(784;416;17438)
(785;416;17455)
(785;416;17455)
(785;416;17472)
(785;416;17472)
(786;416;17488)
(786;416;17489)
(786;415;17506)
(787;415;17506)
(787;415;17506)
(788;415;17522)
(788;415;17522)
(789;415;17539)
(789;415;17539)
(790;414;17555)
(790;414;17555)
(790;414;17572)
(791;414;17572)
(791;414;17589)
(791;414;17589)
(791;414;17589)
(792;414;17606)
(792;414;17606)
(793;414;17622)
(794;414;17622)
(794;414;17639)
(795;414;17639)
(796;414;17655)
(797;414;17655)
(798;414;17672)
(799;414;17672)
(800;415;17688)
(801;415;17688)
(802;416;17689)
(804;416;17705)
(805;417;17706)
(806;417;17722)
(808;418;17722)
(809;419;17739)
(810;419;17739)
(812;420;17755)
(813;420;17755)
(814;421;17755)
(815;421;17772)
(816;422;17772)
(817;422;17788)
(818;423;17788)
(820;424;17805)
(821;425;17805)
(822;426;17806)
(823;427;17822)
(824;428;17822)
(825;428;17839)
(826;429;17839)
(827;430;17855)
(828;431;17856)
(828;431;17872)
(829;431;17872)
(829;432;17888)
(830;432;17889)
(831;433;17905)
(831;433;17906)
(832;434;17906)
(833;434;17922)
(833;434;17922)
(834;435;17938)
(835;435;17938)
(835;435;17955)
(836;435;17955)
(837;436;17972)
(837;436;17973)
(838;436;17989)
(838;436;17989)
(839;436;17989)
(839;437;18005)
(840;437;18005)
(840;437;18022)
(840;437;18022)
(840;437;18038)
(840;437;18038)
(840;437;18055)
(840;437;18055)
(840;437;18072)
(840;437;18073)
(840;437;18088)
(840;437;18089)
(840;437;18106)
(840;437;18106)
(840;437;18106)
(840;437;18122)
(840;437;18122)
(840;437;18138)
(840;437;18139)
(840;437;18156)
(840;437;18156)
(840;437;18172)
(840;437;18172)
(840;437;18189)
(840;437;18189)
(840;437;18205)
(840;437;18206)
(840;437;18206)
(840;436;18222)
(840;436;18222)
(841;434;18238)
(842;431;18239)
(842;429;18255)
(843;428;18255)
(843;426;18272)
(843;425;18273)
(843;424;18289)
(843;423;18289)
(844;422;18289)
(844;421;18305)
(844;420;18305)
(845;418;18322)
(845;415;18322)
(846;413;18339)
(846;411;18339)
(847;410;18355)
(847;409;18356)
(847;408;18356)
(848;407;18372)
(848;406;18372)
(848;405;18388)
(848;404;18388)
(848;404;18405)
(849;403;18406)
(849;401;18406)
(849;400;18422)
(849;397;18422)
(850;396;18439)
(850;394;18439)
(850;394;18455)
(850;394;18455)
(850;393;18471)
(850;393;18472)
(850;393;18489)
(850;393;18489)
(850;393;18505)
(850;393;18505)
(850;393;18506)
(850;393;18523)
(850;393;18523)
(850;393;18539)
(850;393;18539)
(850;393;18556)
(850;393;18556)
(850;393;18572)
(850;393;18572)
(850;393;18588)
(850;393;18589)
(850;393;18589)
(850;392;18606)
(850;392;18606)
(850;391;18623)
(849;390;18623)
(849;389;18638)
(849;388;18639)
(848;385;18656)
(847;384;18656)
(847;382;18673)
(847;381;18673)
(846;379;18689)
(846;378;18690)
(845;376;18706)
(845;374;18706)
(844;373;18722)
(843;371;18722)
(842;370;18722)
(841;368;18739)
(841;367;18739)
(840;366;18755)
(838;364;18755)
(837;363;18773)
(836;362;18773)
(835;361;18789)
(833;360;18789)
(832;358;18789)
(830;357;18806)
(828;355;18806)
(826;354;18823)
(824;352;18823)
(822;350;18839)
(820;349;18854)
(817;347;18854)
(814;346;18880)
(813;346;18881)
(811;345;18881)
(810;344;18897)
(809;344;18897)
(807;343;18913)
(805;342;18913)
(804;342;18929)
(802;341;18930)
(800;340;18946)
(799;340;18947)
(797;339;18947)
(796;339;18963)
(795;338;18963)
(793;337;18980)
(792;336;18980)
(791;336;18996)
(790;335;18997)
(789;335;19013)
(788;335;19013)
(788;334;19029)
(787;334;19030)
(786;334;19047)
(785;334;19062)
(784;333;19063)
(783;333;19079)
(783;332;19080)
(782;332;19097)
(782;332;19097)
(781;332;19097)
(781;331;19113)
(780;331;19113)
(780;331;19129)
(779;331;19130)
(779;331;19146)
(779;331;19146)
(778;330;19163)
(777;330;19163)
(776;330;19179)
(776;329;19179)
(775;329;19196)
(775;329;19197)
(774;329;19197)
(774;329;19213)
(773;329;19213)
(773;328;19230)
(773;328;19230)
(772;328;19246)
(772;328;19247)
(772;328;19247)
(771;328;19263)
(771;327;19263)
(770;327;19280)
(769;326;19280)
(768;326;19296)
(767;325;19297)
(765;324;19313)
(764;323;19314)
(764;323;19329)
(764;323;19330)
(763;322;19346)
(763;322;19347)
(763;322;19363)
(763;322;19380)
(763;322;19380)
(763;322;19396)
(763;322;19396)
(763;322;19413)
(763;322;19413)
(763;322;19413)
(763;322;19429)
(762;322;19430)
(762;322;19446)
(761;321;19446)
(760;321;19463)
(759;320;19464)
(758;320;19480)
(757;320;19480)
(756;319;19496)
(756;319;19496)
(755;319;19496)
(755;318;19513)
(755;318;19514)
(754;318;19530)
(754;318;19530)
(754;318;19546)
(754;318;19547)
(754;318;19547)
(754;318;19564)
(754;318;19564)
(754;318;19579)
(754;318;19580)
(754;318;19597)
(754;318;19597)
(752;317;19613)
(751;317;19613)
(750;316;19630)
(749;316;19630)
(749;315;19647)
(748;315;19648)
(747;315;19663)
(747;314;19663)
(746;314;19680)
(746;314;19681)
(746;314;19696)
(746;314;19696)
(746;314;19713)
(746;314;19713)
(745;314;19713)
(745;313;19729)
(745;313;19730)
(744;313;19746)
(744;313;19746)
(743;312;19763)
(743;312;19763)
(743;312;19780)
(742;311;19780)
(742;311;19796)
(742;311;19796)
(742;311;19796)
(742;311;19813)
(742;311;19814)
(742;311;19830)
(742;311;19831)
(742;311;19846)
(742;311;19847)
(742;311;19847)
(742;311;19863)
(742;311;19864)
(742;311;19880)
(742;311;19880)
(741;311;19896)
(741;311;19897)
(741;311;19913)
(741;311;19913)
(740;310;19914)
(740;310;19930)
(739;310;19930)
(738;309;19947)
(738;309;19947)
(738;309;19963)
(737;309;19964)
(737;309;19980)
(737;309;19980)
(736;308;19997)
(736;308;19997)
(736;308;19997)
(735;308;20013)
(735;307;20030)
(734;307;20030)
(734;307;20030)
(733;306;20046)
(733;306;20063)
(733;306;20064)
(732;306;20080)
(732;306;20081)
(731;305;20096)
(730;305;20096)
(729;305;20096)
(727;304;20113)
(726;303;20113)
(725;302;20130)
(724;302;20130)
(723;301;20147)
(723;301;20147)
(722;301;20147)
(721;300;20163)
(720;300;20163)
(720;299;20180)
(719;299;20180)
(718;299;20197)
(717;298;20197)
(716;298;20213)
(716;297;20214)
(715;297;20230)
(715;297;20230)
(713;296;20247)
(712;295;20247)
(711;295;20263)
(711;294;20263)
(710;294;20279)
(709;293;20280)
(709;293;20297)
(708;292;20297)
(708;292;20313)
(707;292;20313)
(707;291;20313)
(706;291;20330)
(706;291;20347)
(706;291;20347)
(706;290;20364)
(705;290;20364)
(704;290;20379)
(703;289;20380)
(702;289;20396)
(702;288;20396)
(701;288;20396)
(700;287;20414)
(700;287;20414)
(699;286;20430)
(698;286;20430)
(697;285;20447)
(696;284;20447)
(694;284;20448)
(693;283;20463)
(691;282;20463)
(690;281;20479)
(689;281;20480)
(688;280;20496)
(687;279;20497)
(686;278;20513)
(685;277;20513)
(684;276;20513)
(683;276;20530)
(682;275;20530)
(681;274;20546)
(681;274;20547)
(680;273;20563)
(680;273;20563)
(680;273;20580)
(680;273;20580)
(680;273;20597)
(680;273;20597)
(680;273;20597)
(680;273;20613)
(680;273;20613)
(680;273;20630)
(680;273;20630)
(680;273;20646)
(680;273;20647)
(680;273;20673)
(680;273;20673)
(680;273;20731)
(680;273;20732)
(680;273;20750)
(679;273;20750)
(679;273;20767)
(678;272;20767)
(675;272;20803)
(673;272;20803)
(672;271;20803)
(670;270;20827)
(669;270;20828)
(666;269;20844)
(666;269;20861)
(666;269;20877)
(665;269;20917)
(664;269;20917)
(663;269;20917)
(661;268;20934)
(660;268;20934)
(658;268;20934)
(657;268;20952)
(655;267;20984)
(652;267;20984)
(651;267;20984)
(650;266;20985)
(649;266;21018)
(648;266;21018)
(647;266;21034)
(647;266;21050)
(646;265;21067)
(645;265;21068)
(644;265;21068)
(642;264;21084)
(640;264;21085)
(639;264;21085)
(638;264;21085)
(637;263;21116)
(633;262;21117)
(632;262;21117)
(630;261;21117)
(629;261;21134)
(628;261;21134)
(627;261;21151)
(626;260;21151)
(626;260;21168)
(625;260;21168)
(625;260;21183)
(624;260;21184)
(624;260;21201)
(623;260;21201)
(623;260;21217)
(623;260;21217)
(623;260;21234)
(622;260;21234)
(622;260;21234)
(622;260;21250)
(621;260;21251)
(621;260;21267)
(620;260;21267)
(619;260;21284)
(618;260;21284)
(618;260;21301)
(617;260;21301)
(617;260;21301)
(617;260;21317)
(617;260;21334)
(617;260;21334)
(617;260;21334)
(616;261;21368)
(616;261;21368)
(616;261;21368)
(615;261;21384)
(614;262;21385)
(613;263;21385)
(612;263;21400)
(611;264;21417)
(611;265;21417)
(610;265;21417)
(609;266;21433)
(608;267;21434)
(605;268;21451)
(604;269;21467)
(604;269;21467)
(603;269;21467)
(603;270;21484)
(602;270;21484)
(601;270;21501)
(601;271;21501)
(601;271;21517)
(601;271;21517)
(601;271;21533)
(601;271;21534)
(601;271;21534)
(601;271;21551)
(601;271;21551)
(601;271;21567)
(601;271;21567)
(601;271;21584)
(601;271;21585)
(601;271;21585)
(601;271;21601)
(601;271;21601)
(601;271;21617)
(601;271;21617)
(601;271;21634)
(601;271;21635)
(601;271;21650)
(601;271;21650)
(601;271;21667)
(601;271;21667)
(601;271;21683)
(601;271;21684)
(601;271;21701)
(601;271;21701)
(601;271;21701)
(601;271;21716)
(601;271;21717)
(601;271;21734)
(601;271;21735)
(601;271;21750)
(601;271;21750)
(601;271;21767)
(601;271;21767)
(601;271;21767)
(601;271;21784)
(601;271;21815)
(601;271;21815)
(601;271;21815)
(601;271;21815)
(601;271;21832)
(602;271;21832)
(603;272;21849)
