(590;258;0)
(590;257;267)
(590;257;267)
(590;257;283)
(590;256;283)
(590;256;299)
(590;256;300)
(590;255;316)
(590;255;316)
(590;253;333)
(590;252;334)
(591;251;349)
(591;251;350)
(591;250;367)
(591;250;367)
(591;249;383)
(591;249;383)
(591;249;383)
(591;248;400)
(592;248;401)
(592;248;416)
(592;247;417)
(592;247;432)
(592;247;433)
(592;246;449)
(592;246;450)
(593;245;466)
(593;244;466)
(593;243;483)
(593;242;483)
(594;241;500)
(594;241;500)
(594;240;500)
(594;240;516)
(594;239;517)
(594;239;533)
(594;239;533)
(594;239;549)
(594;238;549)
(594;238;566)
(595;237;567)
(595;236;567)
(595;235;583)
(595;234;583)
(595;234;600)
(595;234;600)
(595;234;617)
(595;234;617)
(595;233;633)
(595;233;633)
(595;233;650)
(595;232;650)
(595;232;650)
(595;232;666)
(595;232;666)
(595;231;683)
(595;231;683)
(595;231;700)
(596;230;700)
(596;230;716)
(596;229;717)
(596;228;733)
(596;227;733)
(596;226;749)
(596;226;749)
(596;225;749)
(596;225;766)
(596;225;767)
(596;224;783)
(596;224;784)
(596;223;799)
(596;223;799)
(596;222;817)
(596;222;817)
(596;221;817)
(596;220;833)
(596;220;833)
(596;219;849)
(596;219;849)
(596;219;866)
(596;218;866)
(596;218;866)
(596;218;883)
(596;218;883)
(596;218;899)
(596;218;900)
(596;218;917)
(596;218;917)
(596;218;933)
(596;218;933)
(596;218;949)
(596;218;950)
(596;218;966)
(596;218;966)
(596;218;967)
(596;218;983)
(596;218;983)
(596;218;999)
(595;217;1000)
(595;217;1016)
(595;217;1017)
(595;217;1033)
(595;216;1033)
(595;216;1050)
(595;216;1050)
(595;215;1050)
(594;215;1067)
(594;215;1067)
(594;215;1083)
(594;215;1084)
(594;215;1099)
(594;215;1100)
(594;215;1100)
(594;215;1117)
(594;214;1117)
(593;214;1133)
(593;214;1133)
(593;214;1150)
(592;214;1151)
(592;213;1166)
(591;212;1167)
(591;212;1167)
(591;212;1183)
(591;211;1183)
(590;211;1199)
(590;211;1200)
(590;211;1217)
(590;211;1217)
(590;211;1233)
(590;211;1234)
(590;211;1249)
(590;211;1249)
(589;211;1266)
(589;210;1267)
(589;210;1267)
(588;210;1282)
(588;210;1283)
(588;210;1300)
(588;210;1300)
(587;210;1317)
(587;209;1317)
(587;209;1332)
(586;209;1333)
(586;209;1349)
(586;208;1350)
(586;208;1350)
(585;208;1366)
(585;208;1367)
(585;208;1383)
(584;208;1383)
(584;207;1399)
(584;207;1399)
(583;207;1399)
(583;207;1416)
(583;207;1416)
(583;207;1434)
(583;207;1434)
(583;207;1450)
(583;207;1450)
(582;207;1466)
(582;207;1467)
(582;207;1467)
(581;207;1483)
(581;207;1500)
(580;207;1500)
(579;206;1500)
(579;206;1517)
(579;206;1517)
(578;206;1533)
(578;206;1533)
(578;206;1549)
(578;206;1549)
(578;206;1566)
(578;206;1567)
(578;206;1567)
(578;206;1583)
(578;206;1583)
(577;206;1600)
(577;206;1600)
(577;206;1617)
(577;206;1617)
(576;206;1633)
(576;206;1633)
(575;206;1650)
(575;206;1650)
(575;206;1650)
(574;206;1666)
(573;206;1666)
(573;206;1684)
(572;206;1684)
(571;205;1700)
(570;205;1700)
(569;205;1700)
(569;205;1716)
(568;205;1716)
(568;205;1733)
(568;205;1734)
(567;205;1750)
(567;205;1750)
(566;205;1766)
(566;205;1766)
(566;205;1783)
(565;205;1783)
(564;205;1783)
(564;205;1799)
(563;205;1799)
(562;205;1817)
(561;205;1817)
(560;205;1833)
(559;205;1834)
(558;205;1850)
(557;205;1850)
(557;205;1866)
(556;205;1866)
(556;205;1867)
(555;205;1883)
(555;205;1883)
(554;205;1900)
(553;205;1901)
(552;205;1916)
(551;205;1917)
(550;204;1933)
(549;204;1933)
(549;204;1949)
(548;204;1949)
(547;204;1949)
(546;204;1966)
(545;204;1967)
(544;204;1983)
(543;205;1983)
(543;205;1999)
(542;205;2000)
(542;205;2000)
(542;205;2017)
(541;205;2017)
(541;205;2034)
(540;205;2034)
(540;205;2050)
(539;205;2050)
(538;205;2066)
(537;205;2067)
(536;204;2067)
(535;204;2083)
(534;204;2083)
(533;204;2099)
(532;204;2099)
(531;204;2117)
(531;204;2117)
(530;204;2133)
(530;204;2133)
(529;204;2149)
(529;204;2149)
(529;204;2166)
(529;204;2167)
(529;204;2167)
(529;204;2183)
(528;204;2183)
(528;204;2199)
(527;204;2199)
(527;204;2216)
(526;204;2216)
(525;204;2233)
(524;204;2233)
(523;204;2249)
(522;204;2249)
(522;204;2249)
(521;204;2265)
(521;204;2266)
(520;204;2283)
(519;204;2283)
(519;204;2299)
(518;204;2299)
(518;204;2299)
(517;204;2316)
(516;204;2316)
(516;204;2333)
(515;204;2351)
(514;204;2351)
(513;204;2367)
(513;204;2367)
(512;204;2367)
(512;204;2384)
(511;204;2384)
(511;204;2401)
(510;204;2401)
(510;204;2417)
(509;204;2418)
(509;204;2434)
(508;204;2434)
(508;204;2451)
(508;204;2451)
(507;204;2451)
(507;204;2467)
(506;204;2467)
(506;204;2483)
(505;204;2484)
(505;204;2500)
(505;204;2500)
(504;204;2517)
(504;204;2517)
(503;204;2533)
(503;204;2533)
(503;204;2550)
(502;204;2550)
(502;203;2550)
(502;203;2567)
(501;203;2568)
(501;203;2584)
(500;203;2585)
(500;202;2600)
(499;202;2601)
(498;202;2601)
(498;202;2617)
(497;202;2617)
(496;201;2633)
(496;201;2634)
(495;201;2650)
(495;201;2651)
(494;201;2667)
(493;200;2668)
(493;200;2684)
(493;200;2684)
(492;200;2701)
(492;200;2701)
(491;200;2717)
(491;200;2717)
(491;200;2734)
(490;200;2734)
(490;199;2735)
(490;199;2750)
(489;199;2751)
(489;199;2767)
(489;199;2767)
(488;199;2783)
(487;198;2800)
(487;198;2800)
(486;198;2800)
(486;198;2817)
(486;197;2818)
(485;197;2834)
(484;197;2834)
(484;197;2834)
(483;197;2850)
(483;197;2850)
(482;196;2867)
(482;196;2868)
(481;196;2884)
(481;196;2884)
(481;196;2900)
(480;196;2900)
(480;196;2900)
(480;196;2917)
(480;196;2918)
(480;196;2934)
(480;196;2934)
(480;196;2950)
(479;196;2951)
(479;196;2967)
(479;196;2967)
(479;196;2984)
(478;196;2984)
(478;196;3000)
(478;196;3000)
(478;196;3017)
(478;196;3018)
(477;196;3034)
(477;196;3034)
(477;196;3034)
(477;196;3050)
(476;196;3051)
(475;196;3067)
(475;196;3067)
(474;196;3083)
(474;196;3084)
(473;196;3100)
(473;196;3101)
(473;196;3117)
(473;196;3118)
(472;196;3134)
(472;196;3134)
(472;197;3134)
(472;197;3150)
(471;197;3150)
(471;197;3167)
(471;197;3167)
(471;197;3184)
(471;197;3184)
(471;197;3200)
(471;197;3200)
(470;197;3200)
(470;197;3217)
(470;197;3217)
(470;197;3233)
(470;197;3234)
(469;198;3250)
(469;198;3250)
(469;198;3267)
(468;198;3267)
(468;198;3267)
(467;199;3283)
(466;199;3284)
(465;200;3300)
(464;200;3300)
(464;201;3317)
(463;202;3318)
(462;202;3333)
(462;203;3333)
(461;204;3350)
(460;204;3351)
(460;205;3351)
(459;205;3366)
(459;205;3367)
(459;206;3401)
(459;206;3402)
(459;206;3402)
(459;206;3420)
(459;206;3420)
(458;206;3420)
(458;206;3438)
(458;206;3438)
(457;207;3454)
(457;208;3454)
(456;208;3469)
(456;209;3470)
(455;210;3487)
(455;210;3487)
(454;210;3487)
(454;211;3504)
(454;211;3504)
(454;211;3520)
(454;211;3521)
(453;212;3538)
(453;212;3539)
(452;213;3554)
(452;213;3554)
(452;214;3570)
(451;214;3571)
(451;214;3571)
(451;215;3586)
(450;215;3587)
(450;216;3603)
(449;216;3604)
(449;217;3621)
(449;217;3621)
(448;218;3621)
(448;218;3637)
(448;218;3637)
(447;218;3654)
(447;219;3654)
(447;219;3671)
(447;219;3671)
(447;219;3687)
(447;220;3688)
(446;220;3688)
(446;220;3704)
(445;221;3704)
(445;221;3721)
(445;222;3721)
(444;222;3737)
(444;223;3737)
(443;223;3753)
(443;224;3754)
(442;224;3770)
(442;225;3771)
(442;225;3788)
(442;225;3788)
(440;227;3809)
(440;227;3809)
(440;227;3826)
(440;227;3826)
(439;228;3843)
(439;228;3843)
(439;228;3859)
(438;228;3860)
(438;229;3860)
(438;229;3875)
(437;230;3876)
(437;230;3892)
(437;230;3893)
(437;230;3909)
(437;231;3909)
(437;231;3926)
(436;231;3927)
(436;231;3927)
(436;232;3942)
(435;232;3942)
(435;233;3959)
(435;233;3959)
(435;233;3976)
(434;233;3976)
(434;234;3992)
(434;234;3993)
(434;234;4009)
(434;234;4009)
(433;234;4025)
(433;235;4026)
(433;235;4043)
(432;235;4043)
(432;236;4043)
(431;236;4059)
(431;236;4060)
(430;237;4076)
(430;237;4076)
(430;237;4092)
(429;238;4092)
(428;238;4092)
(428;239;4109)
(427;239;4109)
(426;240;4125)
(425;240;4125)
(425;241;4143)
(425;241;4143)
(424;241;4159)
(424;241;4159)
(424;241;4159)
(424;241;4176)
(423;242;4176)
(423;242;4193)
(423;242;4193)
(422;242;4209)
(422;242;4209)
(422;243;4226)
(422;243;4226)
(421;243;4242)
(421;243;4242)
(421;244;4243)
(420;244;4259)
(420;244;4259)
(420;245;4275)
(419;245;4275)
(419;245;4293)
(419;246;4293)
(419;246;4309)
(418;246;4309)
(418;247;4326)
(418;247;4326)
(418;247;4326)
(417;247;4343)
(417;248;4343)
(417;248;4359)
(417;248;4359)
(416;248;4376)
(416;249;4376)
(416;249;4392)
(415;250;4393)
(415;250;4393)
(414;251;4410)
(414;252;4410)
(413;252;4426)
(413;253;4426)
(412;254;4443)
(412;255;4443)
(412;255;4459)
(411;255;4459)
(411;255;4459)
(411;256;4475)
(411;256;4476)
(410;256;4493)
(410;256;4493)
(410;256;4509)
(409;256;4510)
(409;256;4526)
(409;256;4526)
(409;256;4526)
(409;257;4542)
(409;257;4542)
(408;257;4559)
(408;257;4560)
(407;257;4576)
(407;257;4576)
(406;257;4593)
(406;257;4593)
(405;258;4609)
(405;258;4609)
(404;258;4625)
(404;258;4626)
(403;258;4643)
(403;258;4643)
(403;258;4643)
(403;258;4659)
(403;258;4660)
(403;259;4676)
(402;259;4676)
(402;259;4692)
(401;259;4693)
(401;259;4709)
(401;259;4709)
(400;260;4709)
(400;260;4725)
(400;260;4726)
(399;260;4742)
(399;261;4743)
(399;261;4758)
(398;261;4759)
(398;261;4759)
(398;261;4775)
(398;262;4776)
(398;262;4793)
(398;262;4793)
(397;262;4809)
(397;262;4809)
(397;262;4826)
(397;263;4826)
(397;264;4826)
(396;265;4843)
(396;266;4843)
(396;266;4859)
(396;267;4875)
(396;268;4876)
(395;269;4876)
(395;270;4892)
(395;270;4909)
(395;271;4909)
(395;271;4909)
(395;272;4926)
(395;272;4926)
(395;273;4927)
(395;274;4942)
(395;274;4943)
(396;275;4959)
(396;276;4960)
(396;276;4976)
(396;277;4976)
(396;278;4992)
(396;279;4992)
(396;280;5009)
(396;281;5009)
(396;282;5026)
(396;283;5027)
(396;283;5042)
(396;284;5043)
(396;284;5060)
(396;285;5060)
(396;286;5060)
(396;286;5076)
(396;287;5076)
(396;287;5093)
(396;288;5093)
(396;289;5126)
(395;292;5126)
(395;293;5126)
(395;294;5143)
(395;295;5143)
(395;296;5159)
(395;296;5159)
(395;297;5175)
(395;298;5176)
(395;299;5193)
(394;299;5194)
(394;300;5210)
(394;301;5210)
(394;302;5226)
(393;303;5227)
(393;304;5227)
(393;304;5242)
(393;305;5242)
(393;306;5260)
(393;306;5260)
(393;307;5276)
(392;308;5276)
(392;308;5293)
(392;309;5294)
(392;310;5309)
(391;311;5309)
(391;312;5309)
(391;313;5326)
(391;313;5326)
(391;314;5343)
(391;314;5343)
(390;315;5359)
(390;316;5360)
(390;316;5360)
(390;317;5376)
(390;317;5376)
(390;317;5393)
(390;318;5393)
(389;318;5409)
(389;319;5410)
(389;320;5426)
(388;321;5426)
(388;321;5427)
(388;321;5442)
(388;322;5443)
(388;322;5459)
(388;322;5459)
(388;322;5476)
(388;323;5476)
(388;323;5493)
(387;324;5494)
(387;324;5509)
(387;325;5509)
(387;325;5526)
(387;326;5527)
(387;326;5527)
(387;326;5542)
(387;326;5543)
(387;326;5559)
(386;327;5559)
(386;327;5576)
(386;327;5576)
(386;327;5593)
(386;327;5593)
(386;327;5594)
(386;328;5609)
(386;328;5625)
(386;328;5626)
(385;328;5643)
(385;329;5643)
(385;329;5659)
(385;329;5659)
(385;330;5660)
(385;330;5676)
(384;330;5676)
(384;330;5692)
(384;330;5693)
(384;330;5709)
(384;330;5710)
(384;330;5710)
(384;330;5726)
(384;330;5726)
(384;330;5743)
(384;331;5743)
(384;331;5759)
(383;331;5759)
(383;331;5776)
(383;332;5776)
(383;332;5793)
(382;333;5793)
(382;333;5809)
(382;334;5810)
(382;334;5826)
(382;334;5826)
(382;334;5826)
(382;334;5842)
(382;334;5843)
(382;334;5859)
(381;335;5859)
(381;335;5876)
(381;335;5876)
(381;335;5892)
(380;336;5892)
(379;336;5892)
(379;337;5909)
(379;337;5909)
(378;337;5926)
(378;337;5926)
(378;337;5943)
(377;337;5943)
(377;337;5959)
(377;338;5959)
(376;338;5959)
(376;338;5976)
(376;338;5977)
(375;338;5993)
(375;338;5993)
(374;338;6009)
(374;338;6009)
(374;338;6026)
(373;338;6026)
(373;338;6026)
(373;337;6042)
(372;337;6043)
(372;337;6059)
(372;337;6060)
(371;337;6076)
(371;337;6076)
(371;337;6093)
(371;337;6093)
(371;336;6109)
(371;336;6109)
(371;336;6126)
(370;336;6126)
(370;336;6126)
(370;336;6142)
(370;336;6143)
(370;336;6159)
(370;336;6160)
(370;336;6176)
(370;336;6176)
(370;335;6192)
(370;335;6193)
(369;335;6193)
(369;335;6209)
(369;335;6210)
(369;335;6226)
(369;335;6226)
(369;335;6243)
(369;335;6243)
(369;335;6259)
(369;335;6259)
(369;335;6259)
(368;335;6276)
(368;335;6277)
(368;335;6293)
(367;335;6293)
(367;335;6309)
(367;335;6309)
(366;335;6326)
(366;335;6327)
(366;335;6327)
(365;335;6343)
(365;335;6343)
(364;335;6359)
(363;336;6359)
(363;336;6377)
(362;336;6377)
(362;336;6392)
(362;336;6393)
(361;337;6410)
(361;337;6410)
(360;337;6427)
(359;338;6427)
(358;338;6443)
(358;339;6444)
(357;339;6444)
(357;339;6459)
(357;340;6459)
(356;340;6476)
(356;340;6477)
(355;341;6493)
(355;341;6493)
(354;342;6509)
(354;342;6510)
(354;342;6510)
(353;342;6526)
(353;343;6526)
(353;343;6543)
(352;344;6543)
(352;344;6560)
(351;345;6560)
(350;346;6560)
(350;347;6576)
(349;347;6576)
(349;348;6593)
(348;349;6593)
(348;349;6609)
(347;350;6609)
(347;351;6626)
(346;352;6626)
(346;353;6643)
(345;353;6644)
(345;354;6644)
(344;355;6660)
(344;355;6660)
(344;356;6675)
(344;356;6676)
(343;357;6693)
(343;357;6693)
(343;357;6709)
(343;357;6709)
(343;358;6726)
(342;358;6726)
(342;358;6743)
(341;359;6744)
(341;360;6744)
(341;360;6759)
(340;360;6759)
(340;361;6775)
(339;361;6775)
(339;362;6793)
(339;362;6793)
(338;364;6810)
(337;364;6826)
(337;365;6826)
(336;365;6842)
(336;366;6842)
(336;366;6859)
(335;366;6859)
(335;367;6877)
(335;367;6877)
(334;367;6877)
(334;368;6893)
(333;368;6893)
(333;368;6909)
(333;368;6909)
(333;369;6926)
(333;369;6926)
(332;369;6926)
(332;369;6943)
(332;369;6960)
(331;370;6960)
(330;370;6961)
(329;370;6976)
(329;371;6976)
(328;371;6993)
(328;371;6994)
(328;371;6994)
(327;372;7009)
(327;372;7026)
(326;372;7027)
(325;372;7042)
(325;373;7043)
(324;373;7043)
(324;373;7059)
(324;373;7059)
(323;373;7075)
(323;374;7076)
(323;374;7093)
(322;374;7093)
(321;375;7093)
(320;375;7109)
(320;375;7109)
(319;375;7127)
(318;376;7128)
(318;376;7143)
(317;376;7143)
(316;377;7159)
(316;377;7159)
(315;377;7160)
(314;377;7176)
(314;377;7176)
(313;378;7193)
(312;378;7193)
(312;378;7209)
(311;379;7209)
(311;379;7226)
(310;379;7226)
(310;379;7226)
(309;380;7242)
(308;380;7243)
(307;380;7260)
(306;381;7260)
(306;381;7275)
(306;381;7276)
(305;381;7293)
(305;381;7293)
(304;382;7309)
(304;382;7309)
(303;382;7327)
(302;383;7327)
(301;383;7327)
(300;384;7343)
(299;384;7344)
(299;384;7360)
(298;385;7360)
(297;385;7375)
(297;385;7376)
(296;386;7393)
(296;386;7393)
(295;386;7393)
(294;387;7409)
(293;388;7410)
(292;388;7426)
(291;389;7426)
(290;390;7443)
(289;390;7443)
(288;391;7460)
(287;391;7460)
(286;392;7460)
(284;393;7476)
(283;394;7477)
(282;394;7493)
(280;395;7494)
(279;396;7509)
(278;396;7509)
(277;397;7526)
(276;398;7526)
(275;399;7526)
(273;399;7542)
(272;400;7543)
(271;401;7560)
(270;402;7560)
(269;402;7576)
(268;403;7576)
(267;404;7593)
(266;404;7594)
(265;405;7609)
(264;405;7610)
(264;406;7625)
(263;406;7626)
(262;407;7626)
(261;408;7643)
(261;408;7643)
(260;409;7659)
(260;409;7659)
(259;409;7676)
(259;409;7676)
(258;410;7693)
(258;410;7693)
(258;411;7693)
(257;411;7710)
(257;411;7710)
(256;412;7726)
(256;412;7726)
(255;413;7743)
(255;413;7743)
(254;414;7760)
(254;414;7760)
(253;415;7761)
(253;415;7776)
(252;416;7776)
(252;416;7793)
(251;417;7793)
(250;417;7809)
(250;418;7809)
(249;419;7827)
(248;419;7827)
(247;420;7827)
(246;421;7843)
(246;422;7844)
(245;423;7859)
(244;424;7859)
(243;425;7875)
(243;425;7876)
(242;426;7893)
(241;427;7893)
(240;428;7909)
(239;429;7909)
(239;430;7926)
(238;430;7926)
(237;431;7926)
(236;432;7943)
(235;432;7943)
(235;433;7959)
(234;434;7959)
(234;434;7976)
(233;435;7976)
(232;435;7993)
(231;436;7993)
(230;437;7993)
(230;437;8009)
(229;438;8010)
(229;438;8027)
(228;438;8027)
(227;439;8043)
(227;439;8043)
(226;440;8059)
(225;440;8059)
(225;441;8077)
(224;441;8077)
(224;442;8077)
(223;442;8093)
(222;442;8093)
(222;443;8109)
(221;443;8109)
(221;444;8126)
(220;444;8126)
(219;445;8143)
(218;446;8143)
(217;446;8143)
(216;447;8160)
(215;447;8160)
(214;448;8176)
(213;449;8176)
(213;449;8192)
(212;450;8193)
(212;450;8209)
(211;450;8209)
(211;450;8227)
(211;450;8227)
(211;450;8227)
(211;451;8243)
(210;451;8243)
(210;451;8260)
(210;451;8260)
(209;451;8276)
(209;452;8276)
(209;452;8292)
(208;452;8293)
(208;452;8293)
(207;453;8309)
(207;453;8309)
(206;453;8325)
(206;453;8325)
(206;453;8343)
(206;454;8343)
(205;454;8360)
(205;454;8360)
(205;454;8375)
(205;454;8376)
(205;454;8393)
(205;454;8393)
(205;454;8409)
(205;454;8409)
(205;454;8426)
(205;454;8426)
(205;454;8426)
(205;454;8443)
(205;454;8443)
(205;454;8460)
(204;454;8460)
(204;454;8476)
(204;455;8476)
(203;455;8492)
(203;455;8493)
(202;455;8509)
(202;456;8509)
(202;456;8527)
(202;456;8527)
(202;456;8527)
(202;456;8542)
(202;456;8542)
(202;456;8576)
(202;456;8577)
(201;456;8593)
(201;456;8594)
(201;456;8594)
(201;457;8610)
(200;457;8610)
(200;457;8627)
(200;457;8627)
(200;457;8644)
(199;457;8644)
(199;457;8660)
(199;458;8660)
(199;458;8677)
(199;458;8677)
(199;458;8694)
(199;458;8694)
(199;458;8711)
(199;458;8711)
(199;458;8711)
(199;458;8727)
(199;458;8727)
(199;458;8744)
(199;458;8744)
(199;458;8761)
(199;458;8761)
(199;458;8777)
(199;458;8777)
(199;458;8793)
(199;458;8794)
(199;458;8811)
(199;458;8811)
(199;458;8811)
(199;458;8828)
(199;458;8828)
(199;458;8844)
(199;458;8844)
(198;458;8860)
(198;459;8860)
(198;459;8877)
(198;460;8877)
(198;460;8894)
(197;461;8894)
(197;462;8894)
(197;462;8910)
(197;463;8911)
(197;463;8927)
(197;463;8927)
(197;464;8944)
(197;464;8944)
(197;465;8960)
(197;466;8960)
(197;466;8977)
(197;467;8977)
(197;468;8994)
(197;468;8994)
(197;469;9010)
(197;469;9011)
(197;470;9011)
(197;470;9027)
(197;470;9028)
(197;470;9043)
(197;470;9044)
(197;470;9061)
(197;471;9061)
(197;471;9077)
(197;472;9077)
(197;472;9094)
(197;473;9094)
(197;474;9094)
(198;474;9111)
(198;475;9111)
(198;475;9127)
(198;475;9127)
(198;476;9144)
(198;476;9144)
(198;477;9161)
(199;478;9161)
(199;478;9177)
(199;479;9177)
(199;480;9194)
(200;480;9194)
(200;480;9194)
(200;481;9211)
(200;481;9211)
(200;481;9227)
(200;482;9228)
(200;482;9243)
(201;483;9244)
(201;484;9260)
(201;485;9260)
(201;486;9278)
(202;486;9278)
(202;487;9293)
(202;488;9294)
(203;489;9310)
(203;490;9311)
(203;490;9311)
(203;491;9327)
(203;491;9327)
(203;491;9343)
(203;492;9343)
(203;492;9361)
(204;492;9361)
(204;492;9378)
(204;492;9378)
(204;493;9378)
(204;493;9393)
(204;493;9410)
(204;493;9411)
(204;494;9411)
(204;494;9427)
(205;495;9427)
(205;495;9444)
(205;495;9444)
(205;496;9460)
(205;497;9461)
(206;497;9477)
(206;498;9477)
(206;499;9494)
(206;499;9495)
(206;500;9495)
(206;500;9510)
(207;500;9510)
(207;500;9527)
(207;500;9527)
(207;500;9544)
(207;500;9544)
(207;500;9560)
(207;500;9561)
(207;501;9561)
(208;501;9577)
(208;501;9577)
(209;501;9594)
(209;501;9594)
(210;501;9610)
(210;501;9611)
(210;501;9627)
(211;502;9628)
(211;502;9644)
(211;502;9644)
(211;502;9661)
(211;502;9661)
(211;502;9677)
(211;502;9677)
(211;502;9694)
(211;502;9694)
(211;502;9694)
(211;502;9711)
(211;502;9711)
(211;502;9728)
(211;502;9728)
(211;502;9743)
(211;502;9743)
(211;502;9760)
(211;502;9761)
(211;502;9778)
(211;502;9778)
(211;502;9794)
(211;502;9794)
(211;502;9794)
(211;501;9811)
(212;500;9811)
(213;500;9827)
