(75;129;0)
(76;130;216)
(77;130;233)
(77;130;233)
(77;130;249)
(78;130;249)
(78;131;266)
(78;131;266)
(78;131;266)
(78;131;283)
(78;131;283)
(79;131;299)
(79;131;316)
(79;131;316)
(80;132;317)
(80;132;333)
(80;132;333)
(81;132;349)
(81;132;350)
(82;132;366)
(82;133;367)
(83;133;367)
(83;133;383)
(83;134;383)
(84;134;399)
(84;134;400)
(84;134;416)
(85;135;417)
(85;135;432)
(86;136;432)
(86;136;450)
(87;136;450)
(87;136;450)
(87;136;466)
(87;137;466)
(88;137;483)
(88;137;483)
(88;137;500)
(88;137;500)
(89;137;500)
(89;137;516)
(89;138;516)
(89;138;533)
(90;138;533)
(90;138;549)
(90;138;549)
(90;138;567)
(91;138;567)
(91;138;567)
(91;138;582)
(91;138;582)
(91;139;599)
(91;139;599)
(92;139;616)
(92;139;616)
(92;139;633)
(92;139;633)
(92;139;649)
(93;139;649)
(93;139;666)
(93;139;666)
(93;140;683)
(94;140;684)
(94;140;684)
(95;140;699)
(95;140;700)
(96;141;716)
(96;141;716)
(96;141;733)
(96;141;733)
(97;141;749)
(97;141;750)
(97;141;750)
(97;141;766)
(97;141;766)
(97;141;782)
(97;141;783)
(98;141;799)
(98;141;799)
(98;141;799)
(98;142;817)
(99;142;817)
(99;142;833)
(99;142;833)
(100;143;850)
(100;143;850)
(100;143;866)
(101;143;867)
(101;144;867)
(102;144;883)
(102;144;883)
(103;145;899)
(103;145;899)
(104;145;916)
(104;145;916)
(104;146;933)
(104;146;933)
(105;146;949)
(105;147;950)
(106;147;966)
(106;148;966)
(107;148;983)
(107;149;983)
(107;149;983)
(107;149;999)
(108;149;999)
(108;149;1016)
(108;149;1016)
(108;150;1033)
(109;151;1033)
(110;151;1049)
(111;153;1049)
(111;153;1049)
(112;154;1066)
(113;155;1066)
(113;156;1089)
(114;156;1091)
(114;157;1092)
(114;157;1101)
(115;157;1118)
(115;158;1119)
(115;158;1119)
(116;159;1136)
(116;160;1136)
(117;161;1153)
(117;161;1153)
(118;162;1168)
(118;162;1168)
(118;162;1185)
(118;163;1185)
(118;163;1202)
(119;163;1202)
(119;164;1218)
(120;165;1219)
(120;166;1219)
(121;168;1235)
(121;169;1235)
(122;170;1252)
(122;170;1252)
(122;171;1268)
(123;172;1269)
(123;173;1285)
(123;173;1285)
(123;174;1302)
(124;175;1302)
(124;175;1318)
(124;176;1318)
(125;177;1318)
(125;178;1335)
(125;178;1336)
(126;179;1352)
(126;180;1352)
(126;180;1368)
(127;181;1369)
(127;182;1384)
(127;182;1385)
(128;183;1402)
(128;184;1402)
(129;184;1402)
(129;185;1418)
(129;185;1418)
(129;186;1434)
(130;186;1435)
(130;187;1451)
(131;188;1451)
(131;189;1468)
(132;189;1469)
(132;190;1469)
(133;191;1485)
(133;192;1485)
(134;193;1501)
(134;193;1502)
(135;194;1519)
(135;194;1519)
(136;195;1519)
(136;196;1535)
(137;197;1551)
(137;197;1551)
(138;198;1552)
(138;198;1568)
(138;198;1568)
(138;199;1585)
(139;199;1586)
(139;199;1601)
(140;200;1601)
(140;200;1618)
(141;201;1618)
(141;201;1618)
(142;202;1635)
(142;203;1635)
(143;203;1651)
(144;204;1651)
(145;205;1668)
(146;206;1668)
(147;207;1685)
(147;208;1686)
(148;208;1702)
(148;209;1702)
(149;209;1702)
(149;210;1718)
(150;210;1718)
(150;211;1735)
(151;211;1736)
(151;212;1752)
(152;213;1752)
(153;213;1768)
(153;214;1768)
(154;215;1768)
(154;216;1785)
(155;217;1786)
(155;217;1802)
(156;218;1802)
(156;219;1818)
(157;220;1819)
(157;220;1819)
(157;220;1834)
(157;221;1835)
(158;221;1851)
(158;221;1851)
(158;222;1868)
(158;222;1868)
(159;223;1885)
(159;223;1885)
(159;224;1901)
(160;225;1901)
(160;225;1919)
(160;226;1919)
(161;226;1919)
(161;227;1935)
(161;227;1935)
(161;228;1951)
(161;228;1951)
(162;229;1968)
(162;230;1969)
(162;230;1985)
(162;231;1985)
(162;231;2002)
(163;231;2002)
(163;232;2002)
(163;232;2018)
(163;232;2018)
(163;233;2035)
(163;233;2035)
(163;233;2051)
(163;234;2051)
(163;234;2068)
(163;234;2069)
(163;235;2069)
(164;235;2086)
(164;236;2086)
(164;237;2102)
(164;237;2102)
(164;238;2118)
(164;239;2118)
(164;239;2118)
(164;240;2135)
(165;240;2135)
(165;241;2151)
(165;241;2152)
(165;242;2168)
(165;242;2169)
(165;243;2185)
(165;243;2186)
(166;244;2202)
(166;244;2202)
(166;245;2202)
(166;246;2218)
(166;246;2219)
(167;247;2235)
(167;248;2236)
(167;248;2252)
(167;249;2252)
(167;249;2268)
(167;250;2269)
(167;251;2285)
(168;251;2285)
(168;251;2302)
(168;252;2302)
(168;252;2302)
(168;252;2318)
(168;252;2319)
(168;253;2335)
(168;254;2335)
(169;254;2351)
(169;255;2351)
(169;257;2368)
(169;258;2368)
(170;259;2385)
(170;260;2385)
(170;261;2401)
(171;262;2402)
(171;263;2418)
(171;264;2418)
(171;265;2418)
(172;266;2435)
(172;267;2435)
(172;268;2451)
(172;268;2451)
(172;269;2468)
(172;270;2468)
(173;270;2485)
(173;271;2485)
(173;272;2502)
(173;273;2502)
(173;273;2502)
(173;274;2518)
(173;274;2518)
(173;275;2535)
(173;275;2535)
(173;276;2552)
(174;277;2552)
(174;278;2568)
(174;279;2568)
(174;280;2586)
(174;281;2586)
(174;282;2602)
(174;283;2602)
(174;284;2602)
(174;285;2618)
(174;286;2618)
(174;288;2634)
(174;288;2635)
(174;289;2651)
(174;290;2651)
(173;292;2669)
(173;293;2669)
(173;294;2685)
(173;294;2686)
(173;295;2702)
(173;295;2702)
(173;296;2718)
(173;296;2719)
(173;297;2719)
(173;297;2735)
(173;298;2735)
(173;298;2752)
(173;298;2752)
(173;298;2769)
(172;299;2769)
(172;299;2785)
(172;299;2785)
(172;300;2802)
(172;300;2802)
(172;301;2819)
(171;301;2819)
(171;302;2819)
(171;303;2836)
(171;304;2836)
(170;304;2852)
(170;305;2852)
(170;305;2868)
(170;305;2869)
(170;306;2885)
(169;306;2885)
(169;307;2902)
(169;307;2902)
(169;308;2902)
(168;309;2919)
(168;309;2935)
(168;310;2936)
(168;310;2951)
(168;311;2952)
(167;312;2969)
(167;312;2969)
(167;313;2985)
(167;314;2985)
(167;315;3002)
(167;315;3002)
(166;316;3018)
(166;317;3018)
(166;317;3035)
(166;318;3035)
(166;319;3035)
(165;319;3051)
(165;320;3051)
(165;321;3069)
(165;322;3069)
(165;323;3085)
(165;324;3086)
(165;325;3102)
(165;325;3102)
(165;326;3119)
(165;327;3119)
(165;328;3119)
(165;329;3135)
(165;329;3135)
(165;331;3152)
(165;332;3152)
(165;333;3169)
(165;334;3169)
(165;335;3185)
(166;335;3185)
(166;336;3201)
(166;338;3202)
(166;339;3218)
(166;340;3218)
(167;342;3235)
(167;343;3236)
(167;344;3251)
(167;345;3251)
(167;346;3251)
(168;348;3268)
(168;349;3269)
(168;351;3285)
(168;352;3285)
(169;353;3302)
(169;353;3303)
(169;354;3319)
(169;355;3319)
(169;356;3319)
(169;357;3336)
(169;358;3336)
(170;359;3352)
(170;359;3352)
(170;360;3368)
(171;361;3368)
(171;362;3402)
(171;363;3402)
(171;364;3403)
(172;364;3403)
(172;365;3418)
(172;366;3451)
(172;366;3451)
(173;370;3468)
(173;371;3486)
(173;372;3519)
(173;373;3520)
(173;373;3520)
(173;374;3520)
(173;375;3520)
(173;376;3520)
(174;377;3552)
(174;378;3552)
(174;379;3552)
(174;380;3552)
(174;381;3568)
(174;382;3568)
(174;382;3584)
(174;383;3585)
(174;383;3601)
(174;383;3602)
(174;384;3620)
(174;385;3620)
(174;385;3636)
(175;386;3637)
(175;387;3652)
(175;387;3652)
(175;388;3652)
(175;388;3668)
(175;389;3669)
(175;390;3685)
(175;390;3685)
(175;391;3701)
(175;392;3702)
(175;393;3718)
(175;393;3718)
(175;394;3719)
(175;394;3735)
(175;394;3736)
(175;395;3753)
(175;395;3753)
(175;396;3769)
(176;396;3769)
(176;397;3785)
(176;398;3786)
(176;398;3802)
(176;399;3802)
(176;399;3802)
(176;400;3818)
(177;400;3819)
(177;401;3836)
(177;401;3836)
(177;401;3859)
(177;402;3860)
(178;403;3879)
(178;403;3879)
(179;405;3896)
(179;405;3896)
(180;406;3896)
(180;406;3913)
(180;406;3913)
(180;406;3929)
(180;407;3929)
(180;407;3930)
(181;407;3946)
(181;408;3946)
(181;408;3962)
(181;408;3963)
(182;409;3979)
(182;410;3979)
(183;410;3979)
(183;411;3996)
(184;412;3997)
(184;412;4012)
(185;413;4013)
(186;414;4029)
(186;415;4029)
(186;415;4046)
(187;416;4047)
(187;416;4047)
(187;416;4063)
(187;416;4063)
(187;417;4079)
(188;417;4080)
(188;417;4096)
(188;417;4096)
(188;417;4113)
(188;418;4114)
(188;418;4129)
(188;418;4130)
(189;418;4147)
(189;419;4147)
(189;419;4147)
(190;420;4163)
(190;420;4164)
(191;421;4179)
(191;422;4179)
(192;422;4196)
(192;423;4196)
(193;423;4213)
(193;424;4214)
(193;424;4229)
(194;424;4229)
(194;425;4229)
(194;425;4247)
(194;425;4247)
(194;426;4263)
(194;426;4263)
(195;426;4279)
(195;426;4279)
(195;427;4279)
(195;427;4296)
(195;427;4297)
(195;428;4313)
(195;428;4335)
(196;428;4336)
(196;428;4336)
(196;429;4336)
(196;430;4353)
(196;431;4369)
(197;432;4369)
(197;433;4387)
(197;433;4387)
(197;434;4387)
(197;434;4403)
(197;434;4403)
(197;435;4419)
(197;435;4420)
(197;436;4436)
(198;436;4436)
(198;437;4453)
(198;438;4453)
(198;438;4469)
(198;439;4469)
(198;440;4470)
(198;440;4487)
(198;440;4487)
(198;440;4502)
(198;441;4502)
(199;441;4519)
(199;441;4520)
(199;442;4520)
(199;442;4536)
(199;442;4536)
(199;442;4552)
(199;443;4553)
(199;443;4569)
(199;443;4569)
(199;444;4586)
(200;444;4587)
(200;445;4587)
(200;445;4603)
(200;446;4603)
(201;447;4619)
(201;448;4619)
(201;449;4637)
(201;449;4637)
(201;450;4653)
(201;450;4653)
(201;451;4669)
(202;451;4669)
(202;452;4686)
(202;453;4686)
(202;454;4703)
(202;455;4703)
(202;455;4703)
(202;456;4719)
(202;456;4719)
(202;457;4737)
(202;457;4737)
(202;458;4753)
(202;459;4753)
(202;460;4753)
(202;460;4769)
(202;461;4769)
(202;461;4786)
(202;461;4787)
(202;462;4802)
(202;462;4803)
(202;462;4819)
(202;462;4819)
(202;462;4820)
(202;462;4836)
(202;463;4837)
(202;463;4853)
(202;463;4854)
(202;463;4869)
(203;463;4870)
(203;463;4886)
(203;464;4886)
(203;464;4887)
(203;464;4902)
(204;465;4903)
(204;465;4919)
(204;466;4920)
(205;466;4936)
(205;467;4936)
(205;467;4953)
(206;467;4954)
(206;468;4969)
(206;468;4969)
(207;468;4986)
(207;469;4986)
(207;469;5002)
(208;469;5003)
(208;469;5003)
(208;470;5019)
(208;470;5019)
(209;470;5036)
(209;470;5036)
(209;470;5053)
(209;470;5054)
(209;470;5054)
(209;470;5069)
(209;470;5069)
(209;470;5087)
(209;470;5087)
(209;470;5103)
(209;470;5103)
(209;470;5119)
(209;470;5119)
(209;470;5119)
(209;470;5136)
(209;470;5136)
(209;470;5153)
(209;470;5153)
(209;470;5169)
(209;470;5170)
(209;470;5186)
(209;470;5186)
(209;470;5186)
(209;470;5202)
(209;470;5202)
(209;470;5219)
(209;469;5220)
(210;468;5236)
