(507;169;0)
(507;168;14)
(507;168;32)
(507;168;32)
(507;168;48)
(507;168;48)
(507;168;65)
(507;168;82)
(507;168;83)
(507;168;83)
(507;168;98)
(507;168;99)
(507;168;115)
(507;168;115)
(507;168;131)
(507;168;131)
(507;168;132)
(507;168;148)
(507;168;148)
(507;168;165)
(507;168;165)
(507;168;182)
(507;168;182)
(507;168;198)
(507;168;199)
(507;169;214)
(508;169;215)
(508;170;215)
(508;170;231)
(508;170;232)
(508;171;248)
(508;171;248)
(508;171;265)
(508;171;265)
(508;171;281)
(508;172;281)
(508;172;298)
(509;172;298)
(509;173;315)
(509;174;315)
(509;174;315)
(509;175;331)
(509;176;331)
(509;176;348)
(509;177;348)
(509;177;364)
(509;177;365)
(509;177;382)
(509;178;382)
(509;178;382)
(509;178;397)
(509;178;398)
(509;179;415)
(509;179;415)
(510;179;431)
(510;179;431)
(510;180;448)
(510;180;448)
(510;180;448)
(510;181;465)
(510;181;465)
(510;181;481)
(510;182;481)
(510;182;498)
(510;183;499)
(510;184;514)
(510;185;515)
(511;186;531)
(511;187;532)
(511;187;532)
(511;188;548)
(511;189;548)
(511;189;565)
(511;190;565)
(511;190;582)
(512;191;582)
(512;191;598)
(512;192;598)
(512;192;618)
(512;193;645)
(512;194;645)
(512;194;645)
(512;195;646)
(512;196;646)
(512;197;661)
(513;197;662)
(513;197;678)
(513;198;679)
(513;198;695)
(513;199;695)
(513;199;695)
(513;200;711)
(513;200;712)
(513;201;729)
(513;201;729)
(514;202;745)
(514;202;745)
(514;202;762)
(514;203;763)
(514;203;779)
(514;204;779)
(514;204;779)
(514;205;796)
(515;206;796)
(515;206;812)
(515;207;812)
(515;208;829)
(515;208;830)
(516;209;845)
(516;209;846)
(516;210;862)
(516;211;863)
(516;211;879)
(516;212;879)
(517;212;896)
(517;213;897)
(517;213;912)
(517;214;912)
(517;214;912)
(517;214;930)
(518;215;930)
(518;215;946)
(518;215;946)
(518;216;963)
(518;216;963)
(518;216;979)
(518;217;980)
(519;218;980)
(519;218;996)
(519;218;996)
(519;219;1012)
(519;219;1012)
(519;219;1030)
(520;220;1030)
(520;220;1046)
(520;220;1046)
(520;221;1063)
(520;221;1063)
(520;221;1079)
(521;222;1080)
(521;222;1080)
(521;223;1096)
(521;223;1096)
(522;224;1113)
(522;224;1113)
(522;224;1129)
(522;225;1129)
(522;225;1146)
(522;225;1147)
(523;226;1162)
(523;226;1163)
(523;226;1163)
(523;227;1179)
(523;227;1180)
(523;228;1196)
(524;228;1196)
(524;228;1212)
(524;229;1213)
(524;229;1213)
(524;229;1229)
(524;230;1229)
(524;230;1246)
(524;231;1246)
(525;231;1263)
(525;232;1263)
(525;233;1279)
(525;233;1279)
(525;234;1296)
(526;234;1296)
(526;234;1313)
(526;234;1313)
(526;235;1330)
(526;235;1330)
(526;236;1347)
(526;236;1364)
(526;236;1364)
(526;237;1364)
(527;238;1380)
(527;238;1381)
(527;238;1397)
(527;239;1397)
(527;239;1413)
(527;240;1414)
(527;241;1430)
(527;241;1430)
(527;242;1447)
(527;243;1447)
(527;244;1464)
(527;244;1464)
(527;245;1465)
(527;246;1480)
(527;246;1480)
(527;246;1496)
(527;246;1497)
(527;247;1513)
(528;247;1513)
(528;247;1514)
(528;247;1530)
(528;247;1530)
(528;248;1546)
(528;248;1547)
(528;249;1563)
(528;250;1580)
(528;251;1581)
(528;251;1597)
(528;252;1597)
(528;253;1614)
(528;253;1614)
(528;254;1631)
(528;254;1631)
(528;255;1647)
(528;255;1648)
(528;256;1648)
(528;257;1664)
(528;258;1664)
(528;259;1680)
(528;259;1681)
(529;260;1697)
(529;261;1697)
(529;261;1713)
(529;262;1714)
(529;263;1730)
(529;263;1731)
(529;264;1747)
(529;266;1747)
(529;267;1767)
(529;267;1768)
(529;268;1768)
(529;270;1784)
(529;271;1784)
(529;271;1801)
(529;272;1801)
(529;272;1818)
(529;272;1818)
(529;273;1835)
(529;273;1836)
(529;273;1851)
(530;273;1851)
(530;274;1868)
(530;274;1869)
(530;275;1885)
(530;276;1885)
(530;277;1901)
(531;278;1902)
(531;279;1917)
(531;280;1918)
(531;280;1935)
(531;281;1935)
(531;282;1935)
(532;283;1951)
(532;284;1951)
(532;285;1968)
(532;286;1968)
(533;287;1984)
(533;288;1985)
(533;289;2001)
(533;289;2002)
(534;290;2002)
(534;291;2018)
(534;292;2018)
(534;293;2034)
(535;294;2034)
(535;294;2051)
(535;296;2051)
(535;297;2067)
(536;298;2068)
(536;299;2068)
(536;300;2084)
(537;301;2085)
(537;302;2101)
(537;304;2101)
(538;305;2117)
(538;306;2118)
(538;308;2134)
(538;308;2156)
(539;309;2156)
(539;309;2156)
(539;310;2173)
(539;310;2173)
(539;311;2173)
(540;312;2190)
(540;313;2191)
(540;313;2206)
(540;314;2207)
(540;315;2223)
(541;316;2223)
(541;316;2239)
(541;317;2239)
(541;317;2240)
(541;318;2256)
(541;318;2257)
(542;319;2273)
(542;319;2274)
(542;320;2290)
(542;320;2290)
(542;320;2307)
(542;320;2307)
(542;321;2322)
(542;321;2323)
(543;321;2340)
(543;322;2340)
(543;322;2341)
(543;323;2356)
(543;323;2357)
(543;324;2373)
(544;325;2373)
(544;325;2389)
(544;326;2389)
(544;327;2407)
(545;327;2407)
(545;328;2407)
(545;328;2423)
(545;329;2424)
(545;329;2439)
(545;330;2440)
(545;330;2456)
(545;331;2456)
(546;332;2473)
(546;332;2473)
(546;333;2473)
(546;334;2489)
(546;335;2490)
(546;336;2506)
(546;337;2507)
(546;337;2522)
(546;338;2523)
(546;339;2539)
(546;340;2539)
(546;341;2540)
(546;341;2556)
(546;342;2557)
(546;343;2573)
(547;344;2573)
(547;344;2589)
(547;345;2589)
(547;346;2606)
(547;346;2606)
(547;347;2623)
(547;348;2624)
(547;348;2624)
(547;349;2639)
(547;350;2639)
(547;351;2657)
(547;351;2657)
(547;352;2673)
(547;352;2673)
(547;353;2690)
(547;353;2690)
(547;353;2707)
(547;354;2707)
(547;354;2723)
(547;355;2723)
(547;355;2724)
(547;355;2739)
(547;355;2739)
(547;356;2756)
(547;356;2756)
(547;356;2773)
(547;356;2773)
(547;356;2773)
(546;357;2790)
(546;357;2790)
(546;358;2806)
(546;358;2806)
(546;359;2828)
(546;359;2828)
(546;360;2868)
(546;360;2868)
(546;361;2868)
(546;361;2885)
(546;361;2885)
(546;362;2902)
(546;363;2902)
(546;364;2919)
(546;364;2919)
(546;365;2935)
(546;365;2936)
(546;365;2952)
(546;365;2952)
(546;366;2952)
(546;366;2969)
(546;367;2984)
(546;368;2985)
(546;369;2985)
(546;369;3002)
(546;370;3002)
(546;370;3018)
(546;371;3018)
(546;371;3035)
(546;372;3035)
(546;372;3036)
(546;373;3052)
(546;374;3072)
(546;374;3072)
(546;375;3073)
(546;375;3073)
(546;376;3089)
(547;376;3090)
(547;377;3105)
(547;377;3106)
(547;378;3122)
(547;379;3123)
(547;379;3139)
(547;380;3139)
(547;380;3156)
(547;381;3156)
(547;382;3156)
(547;382;3173)
(547;382;3174)
(547;382;3190)
(547;383;3190)
(547;383;3205)
(547;383;3206)
(547;383;3222)
(547;383;3223)
(547;384;3239)
(547;384;3239)
(547;384;3240)
(547;384;3256)
(547;385;3257)
(547;385;3273)
(547;385;3273)
(547;386;3289)
(547;386;3290)
(547;386;3306)
(547;386;3307)
(547;387;3323)
(547;387;3323)
(548;387;3323)
(548;387;3339)
(548;387;3340)
(548;387;3356)
(548;387;3356)
(548;387;3372)
(548;387;3373)
(548;387;3373)
(548;387;3389)
(548;388;3390)
(548;388;3406)
(548;388;3407)
(548;388;3423)
(548;388;3423)
(548;388;3440)
(548;388;3440)
(548;388;3440)
(548;389;3456)
(548;389;3456)
(549;390;3490)
(549;390;3490)
(549;391;3507)
(549;391;3523)
(550;392;3541)
(550;392;3541)
(550;392;3558)
(550;393;3558)
(550;393;3575)
(550;393;3575)
(551;393;3591)
(551;393;3592)
(551;393;3592)
(551;394;3608)
(551;394;3608)
(551;394;3623)
(551;394;3624)
(551;394;3641)
(551;394;3641)
(551;394;3658)
(551;394;3658)
(551;394;3673)
(551;394;3674)
(551;394;3674)
(551;394;3690)
(551;395;3691)
(551;395;3708)
(551;395;3708)
(551;395;3724)
(551;395;3725)
(552;395;3740)
(552;395;3741)
(552;395;3757)
(552;395;3758)
(552;395;3774)
(552;395;3775)
(552;395;3790)
(552;395;3790)
(552;395;3808)
(552;395;3808)
(552;395;3808)
(552;395;3825)
(552;395;3825)
(552;395;3841)
(552;395;3841)
(552;395;3857)
(552;395;3857)
(552;395;3874)
(552;395;3875)
(552;395;3890)
(552;395;3891)
(552;396;3908)
(552;396;3908)
(553;396;3908)
(553;396;3924)
(553;396;3925)
(553;396;3941)
(553;396;3941)
(553;396;3957)
(553;396;3957)
(553;396;3974)
(553;396;3974)
(553;397;3975)
(553;397;3991)
(553;397;3991)
(553;398;4008)
(554;399;4008)
(554;400;4024)
