(381;290;0)
(381;291;216)
(381;292;217)
(381;292;232)
(381;292;232)
(381;293;249)
(382;293;249)
(382;294;265)
(382;294;266)
(382;295;282)
(382;295;282)
(383;296;282)
(383;296;298)
(383;297;299)
(383;297;316)
(383;297;316)
(383;297;332)
(383;297;333)
(383;297;349)
(383;298;349)
(383;298;365)
(384;298;365)
(384;299;382)
(384;299;382)
(384;299;398)
(385;300;398)
(385;300;415)
(385;301;415)
(385;301;432)
(385;301;432)
(386;302;432)
(386;302;448)
(386;303;449)
(386;303;465)
(386;303;466)
(386;303;482)
(386;304;482)
(387;305;499)
(387;305;499)
(388;306;515)
(388;307;515)
(388;308;532)
(389;308;532)
(389;308;548)
(389;308;549)
(389;309;565)
(389;309;566)
(389;309;582)
(390;310;582)
(390;311;598)
(390;311;598)
(390;312;598)
(391;312;615)
(391;312;615)
(391;312;632)
(391;313;633)
(391;313;648)
(391;313;648)
(391;313;666)
(391;313;666)
(391;313;682)
(391;314;682)
(391;314;699)
(392;314;699)
(392;314;699)
(392;315;715)
(392;315;716)
(393;316;732)
(393;317;732)
(393;318;732)
(394;318;748)
(394;318;749)
(394;318;765)
(394;319;766)
(394;319;782)
(394;319;782)
(394;319;799)
(394;319;799)
(394;320;800)
(395;320;816)
(395;321;816)
(395;322;832)
(395;322;833)
(396;322;848)
(396;323;849)
(396;323;866)
(396;323;866)
(396;324;882)
(397;325;883)
(397;326;883)
(397;326;898)
(397;327;915)
(398;328;915)
(398;328;915)
(398;329;932)
(398;330;933)
(399;330;949)
(399;331;949)
(399;331;966)
(399;331;966)
(399;332;982)
(399;332;982)
(399;332;982)
(399;332;999)
(400;333;999)
(400;333;1015)
(400;333;1016)
(400;333;1032)
(400;334;1032)
(400;334;1032)
(400;335;1048)
(401;335;1049)
(401;336;1065)
(401;337;1066)
(401;337;1082)
(401;337;1083)
(401;337;1099)
(401;337;1099)
(401;337;1099)
(401;337;1115)
(401;337;1116)
(401;337;1132)
(401;337;1132)
(401;337;1148)
(401;337;1149)
(401;338;1165)
(401;338;1166)
(401;338;1182)
(401;339;1182)
(402;339;1183)
(402;340;1199)
(402;341;1200)
(402;342;1215)
(402;343;1216)
(402;343;1232)
(402;344;1232)
(402;344;1249)
(402;344;1265)
(402;344;1266)
(403;345;1283)
(403;345;1283)
(403;345;1283)
(403;346;1299)
(403;347;1300)
(403;347;1316)
(403;348;1316)
(403;348;1332)
(403;349;1333)
(403;350;1333)
(403;350;1349)
(403;350;1349)
(403;351;1366)
(403;351;1366)
(404;352;1382)
(404;353;1382)
(404;354;1399)
(404;355;1399)
(405;356;1399)
(405;356;1415)
(405;356;1416)
(405;356;1432)
(405;357;1432)
(405;357;1448)
(405;357;1449)
(405;357;1465)
(405;357;1465)
(405;357;1482)
(405;357;1483)
(406;358;1483)
(406;359;1499)
(406;360;1500)
(407;362;1515)
(407;363;1515)
(407;363;1532)
(407;364;1532)
(408;365;1549)
(408;365;1549)
(408;366;1565)
(408;366;1566)
(408;366;1582)
(408;366;1583)
(408;366;1583)
(408;366;1599)
(408;367;1599)
(408;367;1615)
(408;367;1615)
(408;367;1632)
(408;367;1633)
(408;368;1633)
(409;368;1649)
(409;369;1649)
(409;369;1666)
(409;370;1666)
(409;371;1682)
(410;372;1682)
(410;372;1699)
(410;373;1699)
(411;374;1699)
(411;374;1715)
(411;374;1715)
(411;375;1732)
(411;375;1732)
(411;375;1749)
(411;375;1749)
(411;375;1765)
(411;375;1765)
(411;376;1783)
(412;377;1783)
(412;377;1783)
(412;378;1799)
(412;378;1799)
(412;378;1815)
(412;379;1816)
(412;379;1831)
(412;379;1832)
(413;380;1848)
(413;380;1848)
(413;381;1866)
(413;381;1866)
(413;382;1882)
(413;382;1882)
(414;382;1882)
(414;382;1899)
(414;382;1899)
(414;383;1916)
(414;383;1916)
(414;384;1933)
(414;384;1933)
(414;384;1933)
(414;385;1949)
(414;385;1950)
(414;385;1966)
(414;385;1966)
(414;385;1982)
(414;385;1983)
(414;386;1999)
(414;386;1999)
(415;386;2015)
(415;387;2015)
(415;388;2015)
(415;389;2033)
(415;389;2033)
(415;390;2056)
(415;390;2057)
(416;391;2097)
(416;392;2098)
(416;392;2115)
(416;393;2115)
(416;393;2115)
(416;393;2132)
(416;393;2132)
(416;394;2148)
(416;394;2149)
(416;394;2165)
(416;394;2165)
(416;395;2182)
(417;395;2182)
(417;395;2198)
(417;395;2198)
(417;395;2219)
(417;396;2219)
(417;396;2220)
(417;396;2236)
(417;397;2237)
(418;397;2253)
(418;397;2253)
(418;398;2269)
(418;398;2269)
(418;399;2304)
(418;399;2304)
(418;399;2304)
(418;399;2319)
(418;400;2336)
(419;400;2336)
(419;400;2353)
(419;400;2353)
(419;400;2353)
(419;400;2369)
(419;400;2370)
(419;401;2386)
(419;402;2386)
(420;403;2403)
(420;403;2403)
(420;404;2419)
(420;404;2419)
(420;405;2419)
(420;405;2435)
(420;405;2436)
(420;405;2453)
(420;405;2453)
(421;406;2469)
(421;406;2469)
(421;407;2486)
(421;407;2486)
(421;408;2486)
(422;408;2503)
(422;409;2504)
(422;410;2519)
(422;411;2520)
(423;412;2536)
(423;412;2536)
(423;413;2553)
(423;414;2554)
(424;414;2570)
(424;415;2570)
(424;415;2570)
(424;416;2586)
(424;416;2586)
(425;417;2602)
(425;417;2603)
(425;417;2620)
(425;417;2620)
(425;417;2636)
(425;417;2636)
(425;418;2653)
(425;418;2653)
(425;419;2653)
(425;419;2669)
(425;420;2670)
(426;421;2686)
(426;422;2686)
(426;423;2703)
(426;424;2703)
(427;424;2719)
(427;425;2719)
(427;425;2719)
(427;425;2735)
(427;426;2736)
(427;426;2752)
(427;426;2769)
(427;426;2769)
(427;427;2769)
(427;427;2786)
(427;428;2787)
(427;428;2787)
(427;429;2803)
(427;430;2803)
(427;430;2819)
(427;431;2819)
(427;432;2836)
(428;433;2836)
(428;435;2853)
(428;436;2853)
(428;436;2869)
(428;437;2869)
(428;437;2886)
(428;438;2886)
(428;438;2886)
(428;438;2903)
(428;438;2903)
(428;438;2919)
(428;438;2919)
(428;439;2936)
(428;439;2937)
(428;439;2952)
(428;440;2953)
(428;440;2953)
(428;441;2969)
(429;442;2970)
(429;442;2986)
(429;443;2986)
(429;444;3003)
(429;445;3003)
(429;445;3019)
(429;446;3019)
(429;447;3019)
(429;447;3036)
(429;447;3036)
(429;448;3053)
(429;448;3053)
(429;448;3069)
(429;448;3069)
(430;449;3086)
(430;449;3086)
(430;450;3087)
(430;450;3102)
(430;451;3102)
(430;451;3120)
(430;451;3120)
(430;452;3136)
(431;452;3137)
(431;452;3153)
(431;453;3153)
(431;454;3170)
(431;455;3170)
(432;456;3186)
(432;457;3186)
(432;457;3186)
(432;458;3203)
(432;458;3203)
(432;459;3219)
(432;459;3220)
(433;460;3236)
(433;460;3236)
(433;461;3252)
(433;461;3253)
(433;462;3253)
(433;462;3269)
(433;463;3269)
(433;463;3286)
(433;463;3286)
(433;463;3303)
(433;464;3303)
(434;465;3319)
(434;466;3319)
(434;467;3336)
(434;468;3336)
(435;469;3353)
(435;470;3353)
(435;470;3369)
(435;471;3369)
(436;472;3385)
(436;473;3386)
(436;474;3403)
(436;475;3403)
(437;476;3403)
(437;477;3420)
(437;478;3420)
(437;479;3436)
(437;480;3436)
(438;481;3453)
(438;482;3453)
(438;483;3469)
(438;483;3469)
(438;483;3486)
(438;483;3487)
(438;484;3487)
(438;484;3503)
(438;484;3503)
(438;484;3520)
(438;484;3520)
(438;484;3536)
(438;484;3536)
(438;484;3552)
(438;484;3552)
(438;484;3553)
(438;485;3570)
(438;485;3570)
(438;485;3585)
(439;485;3586)
(439;485;3602)
(439;485;3603)
(439;486;3619)
(439;486;3619)
(439;487;3619)
(439;487;3636)
(439;488;3636)
(439;488;3653)
(439;489;3653)
(440;489;3670)
(440;490;3670)
(440;490;3670)
(440;490;3686)
(440;491;3687)
(440;491;3703)
(440;491;3703)
(441;492;3720)
(441;492;3720)
(441;493;3736)
(441;493;3736)
(441;494;3753)
(441;494;3753)
(441;494;3769)
(441;495;3769)
(441;495;3786)
(442;496;3786)
(442;496;3802)
(442;496;3802)
(442;497;3803)
(442;497;3819)
(442;497;3820)
(442;497;3836)
(442;497;3837)
(442;497;3853)
(442;497;3853)
(442;498;3853)
(442;498;3870)
(442;498;3870)
(442;498;3886)
(443;499;3887)
(443;499;3903)
(443;500;3903)
(444;500;3920)
(444;500;3920)
(445;501;3920)
(445;502;3936)
(445;502;3936)
(446;503;3953)
(446;503;3953)
(446;503;3969)
(446;503;3969)
(446;503;3986)
(446;503;3987)
(446;503;3987)
(446;503;4002)
(446;503;4003)
(446;503;4019)
(446;503;4020)
(446;503;4036)
(446;503;4036)
(446;503;4053)
(446;503;4054)
(446;503;4069)
(446;504;4070)
(446;504;4070)
(446;505;4086)
