(390;99;0)
(391;100;282)
(391;100;298)
(391;100;299)
(391;100;316)
(391;100;316)
(391;100;332)
(392;101;333)
(392;101;348)
(392;101;349)
(392;101;349)
(392;101;365)
(393;101;365)
(393;101;382)
(393;102;382)
(393;102;399)
(394;102;400)
(394;103;400)
(395;103;415)
(395;103;415)
(395;104;432)
(395;104;432)
(396;104;449)
(396;104;449)
(396;104;465)
(396;105;465)
(397;105;482)
(397;105;483)
(397;106;483)
(397;106;498)
(398;106;498)
(398;107;515)
(399;107;516)
(399;108;532)
(399;108;532)
(399;108;549)
(400;109;549)
(400;109;565)
(400;109;566)
(400;109;582)
(400;110;582)
(400;110;582)
(400;110;598)
(400;110;599)
(401;110;615)
(401;110;616)
(401;110;632)
(401;110;633)
(401;111;648)
(402;112;649)
(402;112;649)
(403;113;665)
(403;113;666)
(403;114;682)
(403;114;682)
(403;114;699)
(403;114;699)
(404;114;699)
(404;114;715)
(404;114;716)
(404;114;732)
(404;114;732)
(404;115;748)
(404;115;749)
(404;115;766)
(405;116;766)
(405;116;782)
(406;117;783)
(406;118;799)
(407;119;799)
(407;119;799)
(408;120;816)
(408;120;816)
(408;121;832)
(409;122;832)
(409;122;849)
(410;123;849)
(410;124;866)
(411;125;866)
(411;125;883)
(411;125;883)
(411;126;883)
(412;126;899)
(412;126;899)
(412;126;914)
(412;127;915)
(412;127;932)
(412;127;932)
(412;127;949)
(412;127;949)
(413;128;949)
(413;128;966)
(413;128;966)
(413;129;982)
(414;129;982)
(414;130;999)
(414;130;999)
(415;131;1000)
(415;131;1016)
(415;131;1016)
(416;132;1032)
(416;133;1032)
(416;133;1049)
(417;134;1049)
(417;134;1065)
(417;134;1065)
(417;135;1082)
(417;135;1083)
(418;135;1083)
(418;136;1098)
(418;136;1098)
(419;137;1116)
(419;137;1116)
(420;138;1133)
(420;138;1133)
(420;138;1149)
(420;138;1149)
(420;139;1165)
(420;139;1165)
(421;139;1183)
(421;139;1183)
(421;139;1183)
(421;140;1199)
(422;140;1199)
(422;141;1215)
(423;142;1215)
(424;143;1233)
(424;143;1233)
(424;144;1248)
(425;144;1248)
(425;144;1248)
(425;145;1266)
(425;145;1266)
(426;145;1282)
(426;146;1282)
(426;146;1299)
(427;146;1299)
(427;147;1300)
(427;147;1315)
(427;147;1315)
(428;148;1332)
(428;148;1333)
(429;149;1348)
(429;149;1349)
(430;150;1365)
(430;151;1365)
(430;151;1365)
(431;152;1382)
(431;152;1382)
(432;153;1398)
(432;153;1399)
(432;154;1415)
(433;154;1416)
(433;155;1432)
(433;155;1433)
(433;156;1448)
(434;156;1449)
(434;157;1465)
(434;157;1465)
(434;157;1482)
(435;158;1482)
(435;158;1482)
(435;158;1498)
(435;159;1499)
(436;159;1516)
(436;160;1516)
(436;160;1533)
(437;161;1533)
(437;162;1548)
(437;163;1549)
(438;163;1549)
(438;164;1566)
(438;164;1566)
(438;164;1581)
(439;165;1582)
(439;165;1599)
(439;166;1600)
(439;166;1600)
(439;167;1616)
(440;167;1616)
(440;168;1632)
(441;169;1632)
(441;169;1648)
(441;170;1648)
(441;170;1665)
(441;170;1665)
(442;171;1682)
(442;172;1683)
(443;173;1683)
(443;174;1699)
(444;175;1699)
(444;175;1715)
(444;176;1716)
(445;177;1732)
(445;178;1732)
(446;178;1749)
(446;179;1749)
(447;180;1765)
(447;181;1765)
(447;181;1782)
(448;182;1783)
(448;183;1783)
(448;183;1799)
(449;184;1799)
(449;184;1815)
(449;185;1816)
(450;185;1855)
(450;185;1959)
(453;191;1959)
(454;193;1959)
(455;193;1978)
(455;194;1978)
(456;195;1978)
(457;196;2011)
(457;196;2011)
(458;197;2011)
(458;198;2029)
(459;198;2029)
(459;199;2029)
(460;200;2045)
(460;200;2046)
(461;201;2062)
(461;201;2062)
(462;202;2078)
(462;203;2079)
(463;203;2079)
(463;203;2095)
(463;204;2112)
(463;204;2112)
(463;204;2112)
(464;205;2129)
(464;205;2129)
(464;205;2144)
(465;205;2145)
(465;206;2162)
(465;206;2162)
(465;207;2162)
(466;208;2178)
(466;208;2178)
(467;209;2196)
(468;210;2196)
(469;211;2212)
(469;212;2212)
(470;213;2229)
(471;214;2229)
(471;214;2245)
(472;215;2245)
(472;216;2261)
(472;216;2262)
(473;217;2262)
(473;217;2278)
(473;218;2278)
(473;218;2295)
(474;219;2296)
(474;219;2312)
(475;220;2312)
(475;221;2329)
(475;221;2329)
(476;221;2329)
(476;222;2344)
(476;222;2344)
(476;223;2362)
(477;223;2362)
(477;224;2377)
(477;224;2378)
(478;224;2395)
(478;225;2395)
(478;225;2395)
(479;226;2412)
(479;226;2412)
(479;227;2429)
(480;228;2429)
(480;228;2444)
(480;229;2445)
(481;230;2462)
(481;230;2462)
(481;231;2462)
(482;231;2478)
(482;231;2478)
(482;231;2495)
(482;232;2496)
(482;232;2512)
(483;232;2513)
(483;233;2529)
(483;233;2529)
(483;234;2545)
(484;234;2545)
(484;234;2562)
(484;235;2563)
(484;235;2563)
(485;235;2578)
(485;236;2578)
(486;237;2595)
(486;238;2595)
(486;238;2612)
(487;239;2613)
(487;239;2628)
(487;240;2628)
(487;241;2628)
(488;241;2645)
(488;241;2645)
(488;242;2662)
(488;242;2663)
(488;242;2679)
(489;243;2679)
(489;244;2679)
(489;245;2695)
(490;246;2695)
(490;247;2712)
(491;247;2713)
(491;248;2728)
(491;248;2729)
(491;249;2745)
(491;249;2745)
(492;250;2762)
(492;250;2762)
(492;251;2762)
(493;252;2778)
(493;252;2778)
(493;253;2796)
(494;254;2796)
(494;254;2811)
(495;255;2812)
(495;256;2828)
(496;257;2829)
(496;257;2845)
(496;258;2845)
(497;259;2862)
(497;259;2862)
(497;260;2862)
(498;260;2878)
(498;261;2878)
(499;262;2895)
(499;263;2895)
(500;264;2912)
(501;265;2912)
(502;266;2928)
(502;267;2929)
(503;269;2929)
(504;270;2944)
(505;271;2945)
(506;272;2961)
(506;272;2962)
(507;273;2979)
(507;274;2979)
(507;274;2979)
(508;274;2994)
(508;275;2994)
(508;276;3013)
(509;276;3013)
(509;277;3028)
(510;277;3029)
(510;278;3045)
(510;278;3045)
(511;278;3062)
(511;279;3063)
(512;280;3079)
(512;281;3079)
(513;282;3079)
(513;282;3095)
(513;283;3095)
(514;283;3112)
(514;284;3112)
(514;284;3128)
(514;284;3129)
(514;284;3145)
(515;284;3146)
(515;285;3146)
(515;286;3162)
(516;286;3163)
(516;288;3179)
(517;289;3179)
(517;290;3195)
(518;291;3195)
(519;292;3211)
(519;293;3211)
(520;294;3229)
(520;294;3229)
(520;295;3230)
(521;295;3246)
(521;295;3246)
(521;295;3262)
(521;296;3263)
(521;296;3278)
(521;296;3279)
(521;296;3279)
(522;297;3295)
(522;298;3296)
(523;299;3312)
(523;300;3312)
(524;301;3329)
(524;302;3329)
(525;303;3345)
(526;304;3345)
(526;305;3361)
(527;305;3362)
(527;306;3362)
(527;307;3378)
(528;307;3378)
(528;308;3396)
(529;309;3396)
(529;310;3412)
(529;310;3412)
(530;311;3428)
(530;311;3428)
(530;312;3446)
(531;312;3446)
(531;312;3446)
(531;312;3462)
(531;313;3462)
(531;313;3478)
(531;313;3479)
(531;313;3495)
(531;314;3495)
(532;316;3572)
(533;317;3572)
(533;318;3572)
(534;319;3572)
(534;320;3573)
(535;322;3573)
(536;323;3573)
(536;323;3589)
(536;323;3589)
(536;323;3589)
(536;323;3605)
(537;323;3605)
(537;324;3622)
(537;324;3622)
(537;325;3638)
(537;325;3639)
(538;326;3655)
(538;327;3656)
(539;328;3656)
(540;329;3672)
(540;330;3672)
(540;331;3689)
(541;331;3689)
(541;332;3705)
(541;332;3705)
(541;333;3722)
(542;333;3723)
(542;333;3723)
(542;334;3738)
(542;334;3755)
(542;335;3756)
(542;335;3756)
(543;336;3771)
(543;337;3772)
(544;338;3789)
(544;339;3790)
(545;340;3790)
(545;341;3805)
(545;341;3821)
(546;342;3822)
(546;342;3822)
(546;343;3838)
(546;344;3839)
(547;345;3856)
(547;345;3856)
(547;346;3872)
(548;347;3872)
(548;348;3889)
(548;349;3889)
(549;350;3904)
(549;350;3905)
(550;351;3922)
(550;352;3922)
(550;353;3938)
(551;354;3939)
(551;355;3939)
(552;356;3955)
(552;357;3955)
(553;358;3972)
(554;359;3973)
(554;361;3989)
(555;362;3989)
(555;363;4004)
(556;364;4005)
(557;365;4022)
(557;366;4022)
(558;366;4022)
(559;367;4039)
(559;368;4039)
(560;369;4055)
(560;369;4055)
(560;369;4072)
(561;370;4072)
(561;370;4089)
(561;371;4089)
(561;371;4105)
(562;372;4105)
(562;372;4122)
(563;373;4122)
(563;374;4122)
(564;375;4139)
(564;376;4139)
(565;377;4154)
(565;378;4154)
(566;379;4172)
(566;380;4172)
(567;381;4188)
(567;381;4189)
(567;381;4189)
(567;381;4205)
(567;382;4205)
(567;382;4222)
(568;382;4222)
(568;382;4238)
(568;383;4238)
(569;383;4238)
(569;384;4255)
(569;385;4256)
(570;385;4272)
(570;386;4272)
(570;386;4289)
(571;387;4289)
(571;387;4305)
(571;388;4305)
(572;389;4321)
(573;390;4322)
(573;391;4322)
(574;392;4338)
(575;393;4339)
(575;393;4356)
(575;394;4356)
(576;395;4372)
(576;395;4372)
(577;396;4388)
(577;396;4388)
(578;397;4405)
(578;398;4405)
(578;399;4422)
(579;399;4422)
(579;400;4422)
(579;401;4439)
(580;401;4439)
(580;402;4456)
(580;402;4456)
(581;403;4472)
(581;404;4472)
(581;404;4488)
(582;405;4488)
(582;405;4488)
(582;406;4506)
(582;406;4506)
(582;406;4522)
(582;406;4522)
(582;407;4539)
(583;407;4539)
(583;408;4539)
(583;409;4556)
(584;411;4556)
(585;412;4571)
(585;414;4571)
(586;415;4588)
(586;416;4589)
(588;418;4605)
(588;420;4622)
(588;421;4622)
(589;421;4622)
(589;422;4639)
(589;423;4639)
(590;423;4655)
(590;424;4655)
(590;424;4672)
(590;425;4672)
(591;425;4689)
(591;426;4689)
(592;427;4705)
(592;427;4705)
(592;428;4722)
(592;429;4722)
(593;430;4722)
(593;430;4739)
(594;431;4739)
(594;432;4756)
(595;433;4756)
(595;434;4772)
(596;435;4773)
(596;435;4788)
(596;436;4788)
(597;436;4789)
(597;437;4805)
(597;438;4806)
(598;438;4822)
(598;439;4822)
(598;439;4839)
(599;440;4840)
(599;440;4840)
(599;441;4855)
(600;442;4855)
(600;442;4872)
(600;443;4872)
(601;444;4889)
(601;444;4889)
(602;445;4905)
(602;446;4906)
(603;446;4922)
(603;447;4923)
(604;448;4923)
(604;449;4938)
(605;450;4955)
(605;451;4956)
(606;451;4956)
(606;452;4972)
(607;453;4972)
(608;454;4988)
(608;456;4989)
(609;456;5005)
(609;457;5005)
(610;458;5022)
(610;459;5022)
(611;459;5022)
(611;460;5038)
(612;461;5039)
(612;461;5055)
(612;462;5055)
(613;462;5072)
(613;462;5072)
(613;463;5089)
(614;463;5089)
(614;464;5089)
(614;464;5105)
(615;465;5105)
(615;465;5122)
(616;466;5123)
(617;466;5138)
(617;467;5139)
(618;468;5139)
(618;469;5156)
(619;469;5156)
(620;470;5171)
(620;471;5171)
(621;471;5189)
(622;472;5189)
(622;473;5205)
(622;473;5205)
(623;473;5221)
(623;474;5221)
(623;474;5238)
(623;474;5238)
(624;474;5238)
(624;475;5254)
(625;475;5255)
(626;476;5272)
(626;477;5272)
(627;477;5288)
(627;478;5288)
(628;478;5305)
(628;479;5305)
(629;479;5322)
(629;480;5322)
(630;480;5322)
(630;481;5338)
(631;481;5338)
(631;482;5355)
(632;483;5355)
(632;483;5371)
(633;484;5372)
(634;485;5388)
(634;485;5388)
(634;486;5388)
(635;487;5406)
(635;487;5406)
(636;487;5423)
(636;488;5423)
(636;488;5439)
(637;489;5439)
(637;489;5439)
(638;490;5456)
(638;491;5456)
(639;492;5473)
(639;492;5473)
(640;493;5489)
(640;494;5489)
(640;494;5505)
(641;494;5506)
(641;495;5506)
(641;495;5523)
(642;496;5523)
(642;496;5539)
(642;497;5540)
(643;498;5556)
(643;498;5556)
(644;499;5573)
(644;500;5573)
(645;500;5589)
(645;500;5589)
(645;500;5606)
(645;500;5606)
(645;500;5606)
(645;500;5623)
(646;500;5623)
(646;500;5639)
(647;501;5640)
(647;502;5656)
(648;503;5656)
(649;504;5673)
(649;504;5673)
(650;505;5689)
(650;505;5689)
(650;506;5689)
(651;506;5706)
(651;507;5707)
(651;507;5722)
(652;508;5723)
(652;508;5740)
(653;509;5740)
(653;510;5740)
(653;511;5756)
(654;511;5757)
(654;512;5773)
(655;513;5773)
(655;514;5789)
(655;514;5789)
(656;515;5810)
(656;516;5833)
(657;517;5868)
(658;519;5868)
(658;519;5869)
(659;520;5869)
(659;521;5884)
(659;521;5884)
(659;521;5900)
(659;521;5901)
(660;522;5917)
(660;522;5917)
(660;522;5935)
(661;523;5935)
(661;523;5935)
(662;524;5950)
(663;525;5951)
(663;526;5967)
(664;527;5967)
(664;528;5984)
(665;529;5984)
(665;529;6000)
(666;530;6001)
(667;531;6018)
(667;532;6018)
(668;533;6018)
(668;533;6034)
(668;534;6034)
(669;534;6051)
(669;535;6052)
(669;535;6067)
(669;535;6067)
(669;535;6085)
(669;536;6085)
(669;536;6101)
(670;536;6101)
(670;536;6101)
(670;536;6118)
(670;536;6118)
(670;536;6134)
(670;536;6134)
(670;537;6150)
(670;537;6150)
(670;537;6168)
(670;537;6168)
(670;537;6168)
(670;537;6185)
(671;537;6185)
(671;537;6202)
(671;538;6202)
(671;538;6218)
(671;538;6218)
(671;539;6218)
(671;539;6235)
(672;540;6235)
(672;540;6251)
(672;541;6251)
(673;542;6268)
(673;543;6269)
(673;543;6285)
(673;544;6285)
(674;544;6301)
(674;544;6302)
(674;544;6318)
(674;545;6318)
(674;545;6318)
(675;546;6335)
(675;546;6335)
(675;547;6351)
(676;548;6352)
(676;548;6368)
(677;549;6369)
(677;550;6385)
(677;550;6385)
(678;551;6401)
(678;551;6401)
(678;552;6401)
(678;552;6418)
(678;552;6418)
(679;553;6434)
(679;553;6434)
(679;553;6451)
(679;553;6451)
(679;553;6468)
(680;554;6468)
(680;554;6468)
(680;554;6485)
(680;554;6485)
(681;554;6502)
(681;555;6502)
(681;555;6518)
(681;555;6519)
(682;555;6519)
(682;555;6535)
(682;555;6535)
(682;555;6551)
(682;555;6552)
(682;555;6568)
(682;555;6568)
(682;555;6585)
(682;555;6585)
(683;555;6601)
(683;555;6602)
(683;555;6602)
(683;555;6618)
(683;555;6618)
(683;555;6634)
(683;555;6634)
(683;556;6651)
(683;556;6651)
(683;556;6668)
(683;556;6668)
(683;556;6685)
(683;556;6685)
(683;556;6701)
(683;556;6701)
(683;556;6701)
(683;556;6718)
(683;556;6718)
(683;556;6734)
(683;556;6734)
(683;556;6752)
(683;556;6752)
(683;556;6767)
(683;556;6768)
(683;556;6785)
(683;556;6785)
(683;556;6801)
(683;556;6801)
(683;556;6818)
(683;556;6818)
(683;556;6818)
(683;556;6835)
(683;555;6835)
(683;555;6851)
(683;554;6851)
(683;553;6868)
(683;552;6869)
