(548;105;0)
(548;107;99)
(548;108;99)
(548;109;115)
(548;110;116)
(548;111;133)
(548;113;133)
(548;114;133)
(548;114;149)
(548;115;149)
(548;117;165)
(549;118;166)
(549;119;182)
(549;120;182)
(549;121;199)
(549;122;199)
(549;122;199)
(549;123;214)
(549;124;215)
(549;124;232)
(549;125;232)
(549;126;249)
(549;127;249)
(549;128;265)
(549;129;265)
(549;130;266)
(549;131;281)
(549;132;281)
(549;133;299)
(549;133;299)
(549;134;315)
(549;135;315)
(549;135;332)
(549;136;332)
(549;137;348)
(548;138;348)
(548;138;349)
(548;139;365)
(548;140;365)
(548;141;381)
(548;141;382)
(548;141;399)
(548;142;399)
(548;142;415)
(548;142;415)
(548;143;431)
(548;143;432)
(548;144;448)
(548;144;448)
(548;145;449)
(548;146;465)
(548;146;466)
(548;147;482)
(548;147;482)
(548;148;498)
(547;148;499)
(547;149;499)
(547;149;515)
(547;150;515)
(547;151;532)
(547;152;532)
(546;152;548)
(546;153;549)
(546;153;566)
(546;153;566)
(546;154;566)
(546;154;582)
(546;154;583)
(546;155;599)
(546;155;599)
(545;157;636)
(545;157;636)
(545;157;637)
(545;158;652)
(545;158;653)
(545;158;670)
(545;158;670)
(545;159;686)
(545;160;686)
(545;160;703)
(545;161;703)
(545;161;720)
(545;162;720)
(545;162;735)
(544;163;736)
(544;164;753)
(544;165;753)
(544;166;753)
(544;167;770)
(544;168;770)
(544;169;786)
(544;170;786)
(544;170;803)
(543;171;804)
(543;172;819)
(543;172;819)
(543;173;836)
(543;174;836)
(543;175;853)
(543;176;853)
(542;177;853)
(542;178;869)
(542;179;870)
(542;179;886)
(542;180;887)
(542;181;903)
(542;181;919)
(541;181;919)
(541;182;919)
(541;183;936)
(541;184;937)
(541;184;953)
(541;185;953)
(541;186;970)
(541;187;970)
(540;188;986)
(540;189;987)
(540;190;987)
(540;191;1003)
(540;191;1004)
(540;192;1019)
(540;192;1020)
(540;193;1036)
(540;194;1037)
(540;194;1053)
(539;195;1053)
(539;196;1069)
(539;197;1069)
(539;197;1069)
(539;198;1086)
(539;199;1087)
(539;199;1103)
(539;200;1104)
(539;200;1119)
(539;201;1120)
(539;202;1136)
(539;202;1137)
(539;203;1153)
(539;204;1154)
(539;205;1170)
(539;205;1170)
(539;205;1170)
(539;206;1186)
(539;206;1187)
(539;207;1202)
(539;207;1203)
(539;208;1219)
(539;208;1220)
(539;209;1220)
(539;210;1236)
(539;211;1236)
(539;212;1253)
(539;212;1253)
(539;213;1270)
(539;213;1270)
(539;214;1286)
(539;214;1286)
(539;215;1303)
(539;216;1303)
(539;216;1320)
(539;217;1320)
(539;217;1337)
(539;218;1337)
(539;218;1337)
(538;219;1353)
(538;219;1370)
(538;220;1370)
(538;220;1386)
(538;221;1387)
(538;222;1387)
(538;222;1403)
(537;223;1403)
(537;224;1419)
(537;224;1420)
(537;225;1437)
(537;225;1437)
(536;226;1453)
(536;226;1453)
(536;227;1470)
(536;227;1470)
(535;228;1470)
(535;229;1486)
(535;230;1487)
(534;230;1503)
(534;231;1504)
(534;231;1520)
(534;232;1520)
(534;232;1520)
(533;232;1536)
(533;233;1536)
(533;234;1553)
(533;235;1553)
(532;236;1569)
(532;237;1570)
(531;239;1586)
(531;240;1603)
(531;241;1603)
(530;242;1603)
(530;243;1620)
(530;243;1620)
(530;244;1636)
(530;244;1636)
(530;244;1653)
(530;245;1653)
(530;245;1670)
(529;245;1670)
(529;245;1670)
(529;246;1686)
(529;246;1687)
(529;247;1703)
(529;247;1703)
(529;248;1719)
(529;248;1719)
(529;249;1736)
(529;249;1736)
(529;250;1736)
(529;251;1753)
(529;252;1753)
(529;253;1769)
(529;254;1770)
(529;254;1786)
(529;255;1786)
(529;256;1803)
(528;257;1803)
(528;257;1819)
(528;258;1820)
(528;258;1820)
(528;259;1836)
(528;259;1836)
(528;260;1853)
(528;261;1853)
(528;262;1870)
(528;263;1870)
(528;264;1886)
(528;265;1886)
(528;266;1886)
(528;266;1902)
(528;266;1903)
(528;267;1919)
(528;267;1919)
(528;267;1936)
(527;267;1936)
(527;267;1936)
(527;268;1953)
(527;268;1953)
(527;268;1970)
(527;268;1970)
(527;269;1986)
(527;269;1986)
(527;269;2003)
(526;270;2004)
(526;270;2020)
(525;271;2020)
(525;272;2035)
(525;272;2036)
(524;273;2053)
(524;273;2053)
(524;274;2053)
(523;274;2069)
(523;274;2070)
(523;275;2086)
(522;275;2087)
(521;276;2103)
(521;276;2103)
(521;277;2120)
(520;277;2120)
(520;278;2120)
(520;278;2137)
(519;279;2137)
(519;279;2153)
(519;280;2153)
(518;280;2168)
(518;280;2169)
(518;281;2186)
(517;281;2186)
(517;282;2187)
(517;282;2203)
(517;282;2204)
(517;282;2219)
(516;283;2220)
(516;283;2236)
(516;283;2236)
(516;283;2236)
(516;284;2253)
(515;284;2253)
(515;284;2270)
(515;285;2270)
(515;285;2286)
(515;285;2286)
(514;286;2303)
(514;286;2303)
(514;286;2319)
(514;287;2320)
(513;287;2320)
(513;287;2336)
(513;288;2336)
(513;288;2353)
(513;288;2353)
(513;288;2369)
(512;289;2369)
(512;289;2386)
(512;289;2386)
(512;290;2403)
(512;290;2403)
(512;290;2419)
(511;291;2420)
(511;291;2420)
(511;291;2437)
(511;291;2437)
(511;292;2453)
(510;292;2453)
(510;293;2469)
(510;293;2470)
(510;294;2486)
(509;294;2486)
(509;294;2487)
(509;295;2503)
(509;295;2504)
(509;295;2520)
(509;295;2520)
(509;295;2536)
(508;296;2536)
(508;296;2536)
(508;296;2553)
(508;296;2553)
(508;296;2570)
(508;297;2570)
(507;298;2586)
(506;299;2586)
(506;300;2603)
(505;300;2603)
(505;301;2620)
(504;302;2620)
(504;303;2620)
(503;303;2636)
(502;304;2636)
(502;305;2653)
(502;306;2653)
(501;306;2669)
(501;306;2670)
(501;306;2686)
(500;307;2686)
(500;307;2703)
(500;307;2704)
(499;307;2720)
(499;308;2720)
(498;308;2720)
(498;309;2737)
(497;309;2737)
(497;309;2755)
(496;310;2755)
(496;310;2771)
(495;310;2772)
(495;310;2787)
(495;311;2787)
(494;311;2788)
(494;311;2805)
(493;312;2805)
(492;312;2821)
(492;313;2822)
(491;313;2838)
(490;314;2838)
(490;314;2838)
(489;315;2854)
(489;315;2854)
(488;315;2871)
(488;315;2871)
(487;316;2887)
(487;316;2887)
(487;316;2904)
(487;316;2904)
(487;316;2905)
(486;316;2921)
(486;316;2921)
(486;316;2937)
(486;316;2937)
(486;316;2954)
(486;316;2954)
(486;316;2971)
(486;316;2971)
(486;316;2987)
(486;316;2987)
(486;316;3004)
(486;316;3004)
(486;316;3004)
(486;316;3021)
(486;316;3021)
(486;316;3038)
(486;316;3038)
(486;316;3054)
(486;316;3054)
(486;316;3071)
(486;316;3072)
(486;316;3087)
(486;316;3088)
(486;316;3088)
(486;317;3104)
(486;317;3104)
(486;317;3121)
(486;317;3121)
(485;317;3137)
(485;318;3137)
(486;319;3137)
