(155;138;0)
(156;138;49)
(157;138;65)
(157;138;65)
(157;138;82)
(157;139;82)
(157;139;82)
(157;139;98)
(157;139;99)
(157;139;115)
(157;139;115)
(157;140;132)
(157;140;133)
(157;141;149)
(157;142;149)
(157;142;149)
(157;143;165)
(157;144;165)
(157;144;182)
(157;145;183)
(157;145;198)
(157;146;198)
(157;146;216)
(157;147;216)
(157;148;232)
(157;148;233)
(157;149;233)
(157;149;249)
(157;149;249)
(157;149;265)
(157;150;266)
(157;150;282)
(157;151;282)
(157;151;299)
(157;152;299)
(158;153;315)
(158;153;316)
(158;153;332)
(158;154;332)
(158;154;332)
(158;155;348)
(158;155;349)
(158;156;365)
(158;156;365)
(158;157;382)
(158;157;382)
(158;158;382)
(159;158;398)
(159;159;399)
(159;159;416)
(159;160;416)
(160;161;432)
(160;161;432)
(160;162;449)
(160;162;449)
(160;163;449)
(160;163;465)
(160;164;465)
(161;165;499)
(161;165;500)
(161;165;500)
(161;166;515)
(161;166;516)
(161;166;534)
(162;167;534)
(162;167;534)
(162;167;550)
(162;168;550)
(162;168;566)
(162;169;566)
(163;169;583)
(163;170;583)
(163;170;599)
(163;171;600)
(163;171;617)
(163;172;617)
(164;172;617)
(164;173;633)
(164;173;633)
(164;174;650)
(164;174;651)
(164;175;667)
(165;175;667)
(165;175;684)
(165;176;684)
(165;176;684)
(165;176;700)
(165;177;700)
(166;177;716)
(166;177;716)
(166;177;733)
(166;178;733)
(166;178;750)
(167;179;750)
(167;179;750)
(167;180;766)
(167;180;766)
(168;181;784)
(168;181;784)
(168;181;799)
(168;182;799)
(168;182;816)
(168;182;817)
(168;182;817)
(168;183;833)
(169;183;833)
(169;183;850)
(169;183;850)
(169;183;866)
(169;184;867)
(169;184;883)
(169;184;883)
(169;184;899)
(169;185;900)
(170;186;916)
(170;186;917)
(170;187;917)
(170;187;933)
(171;187;934)
(171;188;950)
(171;188;950)
(171;188;966)
(171;189;966)
(171;189;983)
(171;190;983)
(171;190;983)
(172;190;1000)
(172;191;1000)
(172;191;1017)
(172;191;1017)
(172;192;1033)
(172;192;1034)
(173;193;1050)
(173;193;1050)
(173;193;1050)
(173;194;1066)
(173;194;1066)
(173;194;1083)
(173;195;1083)
(173;195;1100)
(173;196;1100)
(173;196;1116)
(173;196;1116)
(173;197;1133)
(173;198;1133)
(173;198;1133)
(174;199;1150)
(174;200;1150)
(174;202;1166)
(174;202;1183)
(175;203;1184)
(175;203;1199)
(175;204;1200)
(175;204;1217)
(175;204;1217)
(175;204;1234)
(175;205;1234)
(175;205;1234)
(175;205;1250)
(175;205;1250)
(175;205;1267)
(175;206;1268)
(175;206;1283)
(176;206;1284)
(176;206;1284)
(176;207;1299)
(176;207;1299)
(176;207;1317)
(176;207;1317)
(176;208;1334)
(177;208;1334)
(177;208;1350)
(177;209;1350)
(177;209;1350)
(178;210;1367)
(178;210;1367)
(178;211;1383)
(179;211;1383)
(179;211;1400)
(179;212;1400)
(179;212;1416)
(179;212;1417)
(179;212;1433)
(180;213;1433)
(180;213;1434)
(180;213;1450)
(180;214;1451)
(181;214;1467)
(181;214;1467)
(181;215;1484)
(181;215;1484)
(181;215;1500)
(182;215;1500)
(182;216;1500)
(182;216;1517)
(182;217;1533)
(182;217;1533)
(183;217;1534)
(183;218;1550)
(183;218;1551)
(183;218;1567)
(183;219;1567)
(184;219;1583)
(184;220;1584)
(184;220;1584)
(185;221;1600)
(185;221;1601)
(185;222;1616)
(186;222;1616)
(186;223;1633)
(186;223;1633)
(186;224;1650)
(186;224;1650)
(187;224;1650)
(187;225;1666)
(187;225;1666)
(187;225;1683)
(187;226;1683)
(187;226;1700)
(188;226;1700)
(188;226;1700)
(188;227;1716)
(188;227;1734)
(188;228;1734)
(188;228;1734)
(188;229;1750)
(188;230;1750)
(188;231;1766)
(188;232;1767)
(188;232;1783)
(188;233;1784)
(188;233;1784)
(188;234;1799)
(188;234;1816)
(188;235;1816)
(188;235;1816)
(188;236;1832)
(188;236;1833)
(188;237;1850)
(188;238;1851)
(188;238;1866)
(188;238;1866)
(188;239;1883)
(188;239;1884)
(188;239;1884)
(188;240;1900)
(188;240;1900)
(188;240;1916)
(188;241;1916)
(188;241;1934)
(188;242;1934)
(188;242;1950)
(188;242;1951)
(188;243;1951)
(188;243;1967)
(188;244;1967)
(188;244;1983)
(188;245;1983)
(188;245;2000)
(188;245;2000)
(188;246;2000)
(188;246;2017)
(188;246;2017)
(188;247;2033)
(188;248;2033)
(188;248;2051)
(188;249;2051)
(188;250;2067)
(188;250;2083)
(188;250;2083)
(188;251;2100)
(188;251;2100)
(188;251;2100)
(188;252;2117)
(188;252;2117)
(189;252;2133)
(189;253;2134)
(189;253;2150)
(189;254;2150)
(189;254;2167)
(189;254;2168)
(190;255;2183)
(190;255;2183)
(190;256;2183)
(190;256;2200)
(190;256;2201)
(190;257;2216)
(190;257;2216)
(191;257;2233)
(191;258;2234)
(191;258;2250)
(191;258;2250)
(191;258;2250)
(191;258;2267)
(191;259;2267)
(191;259;2284)
(191;259;2284)
(191;260;2300)
(192;260;2300)
(192;261;2300)
(192;261;2317)
(192;261;2317)
(192;262;2333)
(192;262;2334)
(193;263;2351)
(193;263;2351)
(193;264;2366)
(193;265;2383)
(193;265;2384)
(193;266;2400)
(193;266;2400)
(193;266;2400)
(193;267;2416)
(193;267;2433)
(194;267;2433)
(194;268;2433)
(194;268;2450)
(194;268;2450)
(194;269;2467)
(194;269;2468)
(194;269;2483)
(194;269;2484)
(194;269;2484)
(194;270;2500)
(194;270;2500)
(194;271;2517)
(194;271;2517)
(194;272;2533)
(194;272;2533)
(194;272;2550)
(194;273;2550)
(194;273;2550)
(194;273;2567)
(194;274;2567)
(194;274;2583)
(194;275;2584)
(194;275;2600)
(194;275;2601)
(194;276;2601)
(194;277;2616)
(194;277;2616)
(194;278;2633)
(194;278;2633)
(194;279;2650)
(194;279;2651)
(194;279;2667)
(194;280;2683)
(194;280;2684)
(194;280;2700)
(194;281;2700)
(194;281;2701)
(194;281;2716)
(194;281;2734)
(195;282;2734)
(195;282;2734)
(195;283;2750)
(195;283;2750)
(195;283;2767)
(195;284;2767)
(195;284;2783)
(196;284;2783)
(196;285;2783)
(196;285;2800)
(196;286;2800)
(197;286;2816)
(197;286;2817)
(197;287;2833)
(197;287;2833)
(198;288;2850)
(198;288;2850)
(198;289;2866)
(198;289;2866)
(198;289;2884)
(198;289;2884)
(199;290;2900)
(199;290;2900)
(199;290;2900)
(199;290;2916)
(199;291;2917)
(200;291;2934)
(200;292;2934)
(200;292;2950)
(201;292;2950)
(201;292;2967)
(201;293;2967)
(201;293;2983)
(201;293;2983)
(201;293;3000)
(202;293;3001)
(202;294;3001)
(202;294;3016)
(202;294;3016)
(203;294;3033)
(203;295;3034)
(203;295;3050)
(204;295;3050)
(204;296;3067)
(205;296;3067)
(205;296;3083)
(205;297;3084)
(205;297;3084)
(205;297;3100)
(205;297;3100)
(205;297;3116)
(205;297;3116)
(206;297;3134)
(206;297;3134)
(206;297;3149)
(206;297;3150)
(206;298;3150)
(206;298;3174)
(206;298;3174)
(206;298;3174)
(206;298;3192)
(206;298;3207)
(207;298;3208)
(207;298;3225)
(207;299;3225)
(207;299;3225)
(207;299;3241)
(207;299;3242)
(208;300;3258)
(208;300;3258)
(209;300;3275)
(209;300;3275)
(209;301;3291)
(210;301;3291)
(210;301;3308)
(211;302;3308)
(211;302;3325)
(211;302;3325)
(212;303;3325)
(212;303;3341)
(212;303;3341)
(212;303;3358)
(212;303;3358)
(212;303;3375)
(213;303;3375)
(213;304;3391)
(213;304;3391)
(213;304;3407)
(213;304;3408)
(213;304;3424)
(213;304;3425)
(213;304;3440)
(213;304;3441)
(213;304;3441)
(213;304;3459)
(214;304;3459)
(214;304;3475)
(214;305;3475)
(214;305;3491)
(214;305;3491)
(214;305;3508)
(214;305;3508)
(213;305;3524)
(213;306;3525)
(213;306;3542)
