(753;110;0)
(753;109;50)
(753;109;50)
(753;108;65)
(753;108;82)
(753;108;82)
(753;108;99)
(753;108;99)
(753;108;99)
(753;108;116)
(753;108;116)
(753;108;133)
(753;108;134)
(753;108;150)
(753;108;150)
(753;108;166)
(753;108;166)
(753;108;166)
(753;108;182)
(753;108;183)
(753;108;199)
(753;108;200)
(753;108;216)
(753;108;216)
(753;108;233)
(753;108;233)
(753;108;250)
(753;108;250)
(753;108;266)
(753;108;267)
(753;108;282)
(753;108;299)
(753;108;300)
(753;108;300)
(753;108;316)
(753;108;333)
(753;108;333)
(753;108;333)
(753;108;349)
(753;108;350)
(753;108;366)
(753;108;366)
(753;108;382)
(753;108;383)
(753;108;400)
(753;108;400)
(753;108;400)
(753;108;417)
(753;108;417)
(753;108;432)
(753;108;433)
(753;108;449)
(753;109;450)
(753;109;465)
(753;110;466)
(753;111;466)
(753;111;483)
(753;112;483)
(753;112;500)
(753;112;500)
(753;112;516)
(753;113;516)
(753;113;533)
(753;114;533)
(753;114;550)
(753;115;550)
(753;115;567)
(753;115;567)
(753;116;583)
(753;116;584)
(753;117;584)
(753;117;599)
(753;118;599)
(753;118;616)
(753;118;616)
(753;119;632)
(753;120;633)
(753;120;649)
(753;121;650)
(753;121;666)
(753;121;666)
(753;122;666)
(753;122;682)
(753;122;683)
(753;123;700)
(753;123;700)
(753;124;716)
(753;124;716)
(753;124;733)
(753;125;734)
(753;125;749)
(753;125;749)
(753;125;766)
(753;126;767)
(753;126;767)
(753;126;782)
(753;127;782)
(753;127;800)
(752;128;800)
(752;128;816)
(752;129;816)
(752;129;833)
(752;130;833)
(752;130;833)
(752;130;850)
(752;131;850)
(752;131;866)
(752;132;866)
(752;132;883)
(752;133;883)
(752;133;883)
(752;134;899)
(752;134;900)
(752;134;916)
(752;135;917)
(752;135;933)
(752;136;934)
(751;136;949)
(751;136;950)
(751;137;965)
(751;137;965)
(751;137;982)
(751;137;983)
(751;138;983)
(751;138;999)
(751;139;999)
(751;139;1015)
(751;140;1016)
(751;140;1033)
(751;141;1033)
(751;141;1050)
(751;141;1050)
(751;142;1066)
(751;142;1066)
(750;143;1067)
(750;143;1083)
(750;143;1083)
(750;144;1099)
(750;144;1100)
(750;144;1116)
(750;145;1117)
(750;146;1133)
(750;146;1133)
(750;147;1134)
(750;147;1149)
(750;148;1149)
(750;148;1165)
(750;148;1166)
(750;148;1183)
(750;149;1184)
(750;149;1184)
(749;149;1199)
(749;150;1199)
(749;150;1216)
(749;151;1216)
(749;151;1233)
(749;152;1233)
(749;152;1248)
(749;152;1249)
(749;153;1266)
(749;153;1266)
(749;153;1282)
(749;153;1283)
(749;154;1283)
(749;154;1299)
(749;154;1299)
(749;155;1316)
(749;155;1317)
(749;156;1332)
(749;157;1333)
(749;158;1349)
(749;158;1350)
(749;159;1366)
(749;159;1366)
(749;160;1366)
(749;160;1383)
(749;161;1383)
(749;161;1400)
(749;161;1400)
(749;162;1416)
(749;162;1416)
(748;163;1433)
(748;163;1433)
(748;164;1433)
(748;165;1449)
(748;166;1450)
(748;166;1465)
(748;167;1466)
(748;168;1482)
(748;168;1482)
(748;169;1482)
(748;169;1500)
(748;170;1500)
(748;170;1516)
(748;170;1516)
(748;170;1533)
(748;171;1533)
(748;171;1549)
(748;171;1550)
(748;172;1566)
(748;172;1566)
(748;173;1566)
(748;174;1582)
(748;174;1600)
(748;175;1600)
(747;176;1600)
(747;177;1616)
(747;178;1616)
(747;178;1632)
(747;179;1632)
(746;180;1650)
(746;180;1650)
(746;181;1666)
(746;181;1666)
(746;182;1666)
(746;182;1682)
(746;183;1682)
(746;183;1699)
(746;184;1700)
(746;184;1717)
(745;185;1717)
(745;186;1732)
(745;186;1733)
(745;186;1750)
(745;187;1750)
(745;187;1766)
(745;188;1767)
(745;188;1782)
(745;189;1783)
(745;189;1783)
(745;189;1800)
(744;190;1800)
(744;190;1816)
(744;190;1816)
(744;191;1833)
(744;191;1833)
(744;191;1849)
(744;192;1850)
(744;192;1865)
(744;192;1866)
(743;193;1882)
(743;193;1882)
(743;194;1882)
(743;194;1899)
(743;195;1899)
(743;195;1916)
(743;195;1916)
(743;196;1933)
(742;196;1934)
(742;197;1949)
(742;197;1950)
(742;198;1967)
(742;198;1967)
(742;198;1967)
(742;199;1982)
(741;199;1982)
(741;200;1999)
(741;201;2000)
(741;201;2016)
(741;201;2017)
(741;202;2032)
(741;202;2033)
(741;202;2033)
(740;203;2048)
(740;203;2066)
(740;203;2066)
(740;204;2066)
(740;204;2082)
(740;204;2082)
(740;205;2099)
(740;205;2099)
(740;205;2099)
(740;206;2116)
(740;206;2116)
(739;207;2133)
(739;207;2133)
(739;208;2149)
(739;208;2165)
(739;209;2166)
(739;210;2182)
(739;211;2182)
(739;211;2200)
(738;211;2200)
(738;212;2216)
(738;212;2216)
(738;212;2232)
(738;212;2232)
(738;212;2249)
(738;213;2249)
(738;213;2265)
(738;213;2266)
(738;214;2266)
(738;214;2282)
(737;214;2283)
(737;215;2299)
(737;215;2299)
(737;216;2316)
(737;216;2316)
(737;217;2333)
(737;217;2333)
(737;217;2333)
(736;217;2348)
(736;218;2349)
(736;218;2365)
(736;218;2366)
(736;219;2383)
(736;219;2383)
(736;220;2383)
(736;220;2399)
(736;221;2399)
(735;221;2416)
(735;221;2416)
(735;222;2433)
(735;222;2433)
(735;222;2449)
(735;223;2450)
(734;223;2465)
(734;223;2466)
(734;223;2482)
(734;224;2482)
(734;224;2483)
(734;224;2499)
(734;224;2499)
(734;225;2516)
(734;225;2516)
(733;225;2532)
(733;225;2533)
(733;225;2549)
(733;226;2549)
(733;226;2566)
(733;226;2566)
(733;226;2566)
(733;226;2582)
(733;226;2583)
(732;226;2599)
(732;227;2600)
(732;227;2616)
(732;227;2616)
(732;227;2632)
(732;227;2633)
(732;228;2649)
(732;228;2649)
(732;228;2665)
(732;228;2665)
(732;229;2682)
(732;229;2683)
(731;229;2683)
(731;229;2699)
(731;230;2700)
(731;230;2716)
(731;230;2717)
(731;230;2732)
(731;230;2733)
(731;230;2749)
(731;230;2749)
(731;230;2766)
(731;231;2766)
(731;231;2783)
(730;231;2783)
(730;231;2783)
(730;232;2799)
(730;232;2799)
(730;233;2815)
(730;233;2816)
(730;233;2832)
(729;234;2832)
(729;234;2849)
(729;235;2849)
(729;235;2866)
(729;235;2866)
(729;236;2866)
(729;236;2883)
(729;236;2883)
(728;236;2899)
(728;236;2899)
(728;237;2916)
(728;237;2917)
(728;237;2932)
(728;238;2932)
(728;238;2949)
(728;238;2949)
(728;239;2966)
(727;239;2966)
(727;239;2982)
(727;240;2983)
(727;240;2983)
(727;240;2999)
(727;240;2999)
(727;240;3015)
(727;241;3016)
(727;241;3032)
(727;241;3032)
(727;241;3049)
(727;241;3049)
(727;241;3066)
(727;241;3066)
(726;241;3082)
(726;241;3082)
(726;241;3082)
(726;241;3099)
(726;242;3100)
(726;242;3116)
(726;242;3116)
(726;242;3133)
(726;242;3133)
(726;242;3149)
(726;242;3150)
(726;242;3165)
(726;243;3165)
(726;243;3165)
(726;243;3182)
(726;243;3183)
(726;244;3199)
(726;244;3200)
(726;244;3216)
(726;245;3216)
(726;245;3233)
(726;245;3233)
(726;245;3233)
(726;246;3249)
(725;246;3249)
(725;246;3266)
(725;247;3266)
(725;247;3282)
(725;247;3282)
(725;247;3299)
(725;247;3299)
(725;247;3299)
(725;247;3316)
(725;247;3316)
(725;247;3349)
(725;247;3350)
(725;247;3350)
(725;247;3366)
(725;247;3366)
(725;247;3366)
(725;247;3382)
(725;247;3383)
(725;247;3399)
(725;247;3399)
(725;247;3416)
(725;247;3416)
(725;247;3433)
(725;248;3434)
(725;248;3449)
(725;248;3449)
(725;248;3466)
(725;248;3466)
(725;248;3482)
(725;248;3483)
(725;248;3499)
(725;249;3499)
(725;249;3515)
(725;249;3516)
(725;249;3516)
(725;249;3532)
(725;249;3532)
(725;250;3549)
(725;250;3549)
(725;250;3566)
(725;250;3566)
(725;250;3583)
(725;250;3583)
(725;251;3599)
(725;251;3599)
(725;251;3599)
(725;251;3616)
(725;252;3616)
(725;252;3633)
(725;252;3633)
(725;252;3650)
(725;252;3650)
(725;252;3666)
(725;252;3666)
(725;253;3682)
(725;253;3682)
(725;253;3683)
(725;253;3699)
(725;253;3699)
(725;254;3716)
(725;254;3716)
(725;254;3733)
(725;254;3733)
(725;255;3749)
(725;255;3750)
(725;255;3766)
(726;255;3766)
(726;255;3766)
(726;255;3783)
(726;256;3783)
(726;256;3799)
(726;257;3815)
(726;257;3816)
(726;258;3832)
(727;258;3833)
(727;259;3849)
(727;259;3849)
(727;260;3865)
(728;260;3866)
(728;260;3882)
(728;261;3883)
(728;261;3883)
(728;262;3899)
(729;262;3900)
(729;263;3916)
(729;263;3917)
(729;263;3932)
(729;263;3932)
(729;264;3950)
(730;264;3950)
(730;264;3950)
(730;265;3965)
(731;266;3982)
(731;266;3982)
(731;267;3983)
(731;267;4000)
(731;267;4000)
(732;267;4016)
(732;268;4016)
(732;268;4032)
(732;268;4032)
(732;269;4049)
(732;269;4050)
(732;269;4066)
(732;270;4066)
(732;270;4066)
(733;270;4082)
(733;270;4082)
(733;271;4099)
(733;271;4099)
(733;272;4116)
(733;272;4116)
(734;273;4116)
(734;274;4132)
(734;274;4133)
(734;275;4149)
(734;275;4149)
(734;275;4166)
(734;275;4166)
(734;275;4182)
(734;276;4183)
(734;276;4183)
(734;276;4199)
(734;276;4199)
(734;276;4216)
(734;276;4217)
(734;277;4233)
(735;277;4233)
(735;277;4249)
(735;277;4250)
(735;277;4267)
(735;277;4267)
(735;277;4283)
(735;277;4284)
(735;278;4284)
(735;278;4299)
(735;278;4300)
(735;279;4315)
(735;279;4316)
(735;279;4332)
(735;280;4333)
(736;280;4349)
(736;281;4350)
(736;281;4366)
(736;281;4366)
(736;282;4366)
(736;282;4382)
(736;282;4382)
(736;282;4399)
(736;282;4399)
(736;282;4416)
(736;282;4416)
(736;282;4433)
(736;282;4433)
(736;282;4433)
(737;282;4449)
(737;282;4450)
(737;283;4467)
(737;283;4467)
(737;283;4482)
(737;283;4482)
(737;283;4500)
(737;283;4500)
(737;283;4501)
(737;284;4516)
(738;284;4516)
(738;284;4533)
(738;285;4533)
(738;285;4549)
(739;285;4550)
(739;286;4566)
(739;286;4566)
(739;286;4584)
(739;287;4584)
(739;287;4599)
(739;287;4599)
(740;287;4616)
(740;288;4616)
(740;288;4616)
(740;288;4632)
(740;288;4633)
(740;288;4650)
(740;288;4650)
(740;288;4665)
(740;288;4666)
(740;288;4666)
(740;289;4683)
(740;289;4683)
(741;289;4700)
(741;290;4700)
(741;290;4717)
(741;290;4717)
(741;290;4733)
(741;290;4733)
(741;291;4733)
(741;291;4750)
(741;291;4750)
(741;291;4766)
(741;291;4766)
(741;291;4783)
(741;291;4783)
(741;291;4799)
(741;291;4800)
(741;291;4816)
(742;291;4816)
(742;291;4816)
(742;291;4832)
(742;291;4833)
(742;292;4850)
(743;292;4850)
(743;292;4865)
(743;292;4866)
(743;293;4882)
(744;293;4883)
(744;293;4900)
(744;294;4900)
(745;294;4900)
(745;294;4917)
(745;294;4917)
(745;294;4933)
(745;294;4933)
(745;294;4949)
(745;295;4950)
(745;295;4965)
(745;295;4965)
(745;295;4965)
(745;295;4982)
(745;295;4982)
(746;295;4999)
(746;295;5000)
(746;295;5016)
(746;296;5016)
(746;296;5033)
(746;296;5033)
(747;297;5033)
(747;297;5049)
(747;297;5065)
(747;298;5066)
(747;298;5066)
(748;298;5082)
(748;298;5082)
(748;298;5082)
(748;298;5100)
(748;298;5100)
(748;298;5116)
(748;299;5116)
(748;299;5133)
(748;299;5134)
(748;300;5149)
(748;300;5150)
(749;301;5165)
(749;302;5166)
(749;302;5182)
(749;302;5183)
(749;303;5183)
(749;303;5199)
(749;303;5199)
(749;303;5216)
(749;303;5217)
(749;303;5233)
(749;303;5233)
(749;304;5249)
(749;304;5249)
(749;305;5266)
(750;305;5266)
(750;306;5266)
(750;307;5283)
(750;308;5283)
(750;308;5300)
(750;309;5300)
(750;309;5316)
(750;310;5316)
(750;310;5332)
(750;310;5333)
(750;311;5333)
(750;312;5350)
(750;312;5350)
(750;313;5366)
(750;313;5366)
(750;314;5382)
(750;314;5382)
(750;314;5382)
(750;314;5399)
(750;314;5400)
(750;314;5416)
(750;315;5416)
(750;315;5432)
(750;315;5432)
(750;316;5449)
(750;316;5449)
(750;317;5465)
(750;317;5465)
(750;317;5482)
(750;318;5483)
(750;318;5483)
(749;318;5500)
(749;318;5500)
(749;318;5516)
(749;319;5516)
(749;319;5533)
(749;320;5533)
(749;320;5550)
(749;320;5550)
(749;321;5550)
(749;321;5565)
(749;322;5566)
(749;322;5583)
(748;322;5583)
(748;323;5600)
(748;323;5600)
(748;323;5616)
(748;323;5616)
(748;324;5616)
(747;324;5633)
(747;324;5633)
(747;324;5649)
(747;325;5649)
(747;325;5665)
(746;326;5666)
(746;326;5682)
(746;327;5682)
(745;327;5682)
(745;328;5699)
(745;328;5700)
(745;329;5716)
(745;329;5716)
(745;329;5733)
(744;330;5733)
(744;330;5749)
(744;331;5749)
(743;331;5766)
(743;332;5766)
(743;333;5782)
(742;333;5782)
(742;333;5782)
(741;334;5799)
(741;334;5800)
(741;334;5816)
(741;335;5817)
(741;335;5832)
(741;335;5833)
(741;335;5849)
(741;336;5850)
(740;336;5867)
(740;336;5867)
(740;336;5867)
(740;337;5883)
(740;337;5883)
(740;337;5899)
(740;337;5899)
(739;338;5916)
(739;338;5917)
(739;338;5917)
(739;339;5933)
(739;339;5933)
(738;340;5950)
(738;341;5950)
(738;341;5967)
(738;341;5967)
(737;342;5982)
(737;342;5982)
(737;342;5983)
(737;342;5999)
(737;343;6000)
(737;343;6016)
(737;343;6017)
(737;343;6032)
(736;343;6033)
(736;343;6050)
(736;344;6050)
(736;344;6066)
(736;344;6066)
(736;344;6082)
(736;345;6083)
(736;345;6083)
(735;345;6099)
(735;345;6100)
(735;345;6116)
(735;345;6117)
(735;345;6133)
(735;345;6133)
(735;346;6149)
(735;346;6150)
(735;346;6166)
(735;346;6166)
(735;346;6166)
(735;346;6184)
(735;346;6184)
(735;346;6199)
(735;346;6200)
(734;347;6216)
(734;348;6216)
(734;349;6216)
(734;350;6233)
(734;350;6233)
