(423;27;0)
(423;28;166)
(423;28;166)
(423;28;166)
(424;29;182)
(424;29;182)
(425;30;199)
(425;31;199)
(426;32;215)
(426;32;215)
(426;33;232)
(427;34;232)
(427;34;232)
(427;35;249)
(427;35;249)
(427;36;266)
(427;36;266)
(428;37;282)
(428;38;283)
(428;38;299)
(429;39;299)
(429;40;300)
(429;40;315)
(429;41;315)
(429;42;332)
(430;42;333)
(430;43;349)
(431;44;349)
(431;45;365)
(431;46;365)
(432;46;382)
(432;47;383)
(432;48;398)
(432;48;398)
(433;49;415)
(433;50;416)
(433;50;416)
(433;51;432)
(433;51;432)
(434;52;449)
(434;53;449)
(434;53;465)
(434;54;465)
(434;54;466)
(435;55;482)
(435;55;482)
(435;56;498)
(435;56;498)
(435;57;515)
(435;58;515)
(436;59;531)
(436;60;532)
(436;60;532)
(436;61;549)
(437;61;549)
(437;62;566)
(437;63;566)
(437;64;582)
(437;65;583)
(438;65;599)
(438;66;599)
(438;66;599)
(438;67;616)
(438;67;616)
(438;67;632)
(439;68;632)
(439;69;649)
(439;69;649)
(439;70;665)
(439;71;666)
(440;72;682)
(440;72;682)
(441;73;699)
(441;73;699)
(441;74;699)
(441;75;715)
(442;75;715)
(442;76;732)
(442;77;732)
(443;77;749)
(443;78;749)
(443;79;765)
(443;79;765)
(443;80;765)
(444;80;782)
(444;81;783)
(444;81;798)
(444;82;799)
(445;83;816)
(445;83;816)
(445;84;832)
(446;84;832)
(446;85;832)
(446;85;849)
(446;86;849)
(447;87;865)
(447;88;865)
(447;89;882)
(448;90;882)
(448;90;899)
(448;91;900)
(449;92;900)
(449;93;915)
(450;94;915)
(450;95;949)
(451;97;949)
(451;98;949)
(452;99;949)
(452;100;965)
(452;101;965)
(453;102;982)
(453;103;982)
(454;104;999)
(454;105;999)
(454;106;999)
(455;107;1015)
(455;108;1015)
(456;109;1032)
(456;110;1032)
(456;111;1048)
(457;112;1049)
(457;113;1065)
(458;114;1065)
(458;115;1065)
(459;116;1082)
(460;118;1083)
(460;119;1098)
(461;120;1099)
(461;121;1115)
(461;121;1116)
(462;123;1132)
(462;123;1133)
(462;124;1148)
(462;124;1149)
(462;124;1166)
(463;125;1166)
(463;126;1183)
(463;127;1183)
(463;128;1183)
(463;128;1199)
(464;129;1199)
(464;129;1216)
(464;130;1216)
(465;131;1232)
(465;132;1233)
(465;133;1248)
(466;133;1249)
(466;134;1265)
(466;135;1265)
(466;135;1282)
(467;136;1283)
(467;136;1299)
(467;136;1299)
(467;137;1299)
(467;138;1316)
(468;138;1316)
(468;139;1332)
(468;140;1332)
(468;141;1348)
(469;142;1348)
(469;143;1365)
(469;144;1365)
(470;145;1365)
(470;146;1382)
(470;147;1382)
(471;147;1399)
(471;148;1399)
(471;149;1415)
(471;149;1415)
(471;150;1432)
(472;150;1432)
(472;151;1448)
(472;151;1448)
(472;152;1466)
(473;153;1466)
(473;154;1483)
(474;155;1483)
(474;156;1499)
(475;157;1500)
(475;157;1500)
(475;158;1515)
(476;159;1516)
(476;160;1532)
(476;161;1532)
(477;162;1549)
(477;162;1549)
(478;163;1566)
(478;164;1566)
(479;165;1582)
(479;166;1583)
(480;167;1599)
(480;168;1599)
(481;169;1615)
(481;170;1616)
(481;171;1616)
(482;172;1632)
(483;174;1633)
(483;175;1649)
(484;176;1649)
(484;177;1666)
(485;178;1666)
(485;179;1666)
(486;180;1682)
(486;181;1682)
(487;181;1699)
(487;181;1699)
(487;182;1716)
(487;182;1716)
(487;182;1732)
(487;183;1732)
(488;183;1732)
(488;183;1749)
(488;184;1750)
(488;184;1766)
(489;185;1766)
(489;186;1782)
(490;187;1783)
(490;188;1799)
(490;189;1799)
(491;190;1799)
(491;191;1815)
(492;192;1833)
(492;193;1833)
(493;194;1833)
(493;195;1849)
(494;196;1849)
(494;198;1865)
(495;199;1883)
(496;200;1883)
(496;201;1883)
(496;202;1899)
(497;203;1900)
(497;204;1915)
(498;204;1915)
(498;206;1932)
(499;207;1933)
(499;208;1949)
(500;209;1949)
(500;210;1966)
(500;211;1967)
(501;212;1967)
(501;213;1983)
(501;214;1983)
(502;215;1999)
(502;216;1999)
(502;216;2016)
(502;217;2016)
(503;218;2032)
(503;219;2033)
(503;220;2033)
(504;221;2049)
(504;222;2050)
(505;223;2066)
(505;224;2066)
(506;225;2082)
(506;226;2083)
(506;227;2099)
(507;229;2099)
(507;230;2099)
(507;231;2115)
(508;232;2115)
(508;233;2133)
(509;234;2133)
(509;235;2149)
(510;236;2150)
(510;237;2166)
(511;238;2166)
(511;239;2181)
(511;239;2182)
(512;240;2199)
(512;241;2199)
(512;241;2216)
(513;242;2216)
(513;243;2216)
(513;244;2232)
(514;245;2232)
(514;245;2249)
(514;246;2249)
(514;247;2266)
(515;247;2266)
(515;248;2266)
(515;249;2283)
(515;249;2283)
(516;250;2299)
(516;250;2299)
(516;251;2315)
(517;251;2316)
(517;252;2332)
(517;253;2333)
(518;254;2333)
(518;255;2349)
(519;256;2350)
(519;257;2366)
(519;258;2366)
(520;259;2382)
(520;260;2383)
(520;261;2399)
(521;261;2400)
(521;262;2400)
(521;262;2416)
(521;263;2416)
(521;263;2432)
(522;263;2432)
(522;264;2449)
(522;264;2449)
(522;265;2466)
(523;266;2466)
(523;267;2483)
(523;267;2483)
(523;268;2499)
(524;269;2499)
(524;269;2499)
(524;270;2516)
(524;270;2517)
(524;271;2532)
(524;272;2533)
(524;273;2549)
(525;274;2549)
(525;275;2566)
(525;277;2566)
(526;278;2566)
(526;279;2582)
(526;280;2583)
(526;281;2599)
(527;281;2599)
(527;282;2616)
(527;282;2616)
(527;283;2632)
(527;283;2632)
(527;284;2632)
(527;284;2649)
(527;285;2649)
(528;286;2666)
(528;287;2666)
(528;288;2683)
(529;288;2684)
(529;289;2699)
(529;290;2699)
(529;291;2716)
(530;292;2716)
(530;293;2716)
(531;294;2733)
(531;294;2733)
(531;295;2749)
(532;296;2750)
(532;297;2765)
(532;297;2766)
(533;298;2782)
(533;298;2783)
(533;299;2799)
(533;300;2799)
(533;300;2799)
(533;301;2815)
(534;301;2815)
(534;302;2832)
(534;302;2832)
(534;303;2850)
(534;303;2850)
(534;303;2865)
(535;304;2865)
(535;304;2866)
(535;305;2883)
(535;306;2883)
(535;306;2900)
(535;307;2900)
(535;307;2915)
(535;308;2916)
(536;309;2932)
(536;310;2933)
(536;311;2949)
(536;311;2949)
(536;312;2949)
(536;313;2966)
(536;314;2966)
(536;314;2982)
(537;314;2983)
(537;315;3000)
(537;315;3000)
(537;316;3000)
(537;316;3016)
(537;316;3049)
(537;316;3049)
(537;317;3049)
(537;317;3100)
(537;318;3100)
(537;318;3100)
(537;319;3100)
(538;320;3100)
(538;320;3100)
(538;321;3100)
(538;321;3116)
(538;321;3132)
(538;322;3132)
(538;322;3133)
(538;323;3149)
(538;323;3165)
(539;324;3166)
(539;324;3166)
(539;325;3182)
(539;325;3183)
(539;325;3199)
(539;326;3199)
(540;326;3216)
(540;327;3216)
(540;327;3233)
(540;327;3233)
(540;327;3233)
(540;327;3249)
(540;327;3249)
(540;327;3266)
(540;327;3266)
(540;327;3282)
(540;327;3282)
(540;327;3300)
(540;327;3300)
(540;327;3300)
(540;327;3315)
(540;327;3315)
(540;327;3333)
(540;327;3333)
(540;327;3349)
(540;327;3349)
(540;327;3366)
(540;327;3366)
(540;327;3382)
(540;327;3383)
(540;327;3399)
(540;327;3399)
(540;327;3399)
(540;327;3415)
(540;327;3416)
(540;327;3432)
(540;327;3433)
(540;327;3449)
(540;327;3449)
(540;327;3466)
(540;327;3466)
(540;327;3466)
(541;327;3483)
(541;327;3483)
(541;327;3499)
(541;327;3500)
(541;327;3516)
(541;327;3516)
(541;327;3533)
(541;328;3533)
(542;328;3533)
(542;328;3550)
(542;328;3550)
(542;328;3566)
(542;328;3566)
(543;328;3582)
(544;329;3582)
(546;330;3599)
(547;331;3600)
(549;332;3600)
(551;333;3616)
