(347;495;0)
(349;494;259)
(349;493;293)
(349;493;293)
(349;493;294)
(350;492;294)
(350;492;294)
(350;492;295)
(351;491;304)
(351;491;322)
(351;491;323)
(352;491;324)
(352;490;338)
(352;490;339)
(353;489;355)
(353;489;355)
(353;489;356)
(353;488;372)
(354;488;373)
(354;488;389)
(354;488;389)
(354;488;406)
(354;488;406)
(354;488;423)
(355;487;423)
(355;487;424)
(355;487;440)
(355;487;440)
(355;487;455)
(355;487;456)
(355;487;472)
(355;487;472)
(355;487;489)
(355;487;490)
(355;487;490)
(355;487;506)
(355;487;507)
(355;487;523)
(355;487;523)
(355;487;539)
(355;487;539)
(355;487;556)
(355;487;557)
(355;487;557)
(355;487;572)
(355;487;573)
(355;487;588)
(355;487;589)
(355;487;606)
(355;487;606)
(355;487;622)
(355;487;623)
(355;487;639)
(355;487;640)
(355;487;640)
(355;487;655)
(355;487;656)
(355;487;673)
(355;487;673)
(355;487;689)
(355;487;689)
(355;487;705)
(355;487;706)
(355;487;722)
(355;487;723)
(355;487;739)
(355;487;740)
(355;487;740)
(355;487;756)
(355;487;756)
(355;487;772)
(355;487;773)
(355;487;789)
(355;487;790)
(355;487;790)
(355;487;806)
(355;487;806)
(355;487;823)
(355;487;824)
(355;487;840)
(355;487;841)
(355;487;856)
(355;487;857)
(355;487;874)
(355;487;874)
(355;487;890)
(355;487;891)
(355;487;907)
(355;487;908)
(355;487;908)
(355;487;923)
(355;487;941)
(355;487;941)
(355;487;957)
(355;487;958)
(355;487;958)
(355;487;974)
(355;487;975)
(355;487;991)
(355;487;991)
(355;487;1007)
(355;487;1008)
(355;487;1008)
(355;487;1023)
(355;487;1024)
(355;487;1040)
(355;487;1041)
(355;487;1057)
(355;487;1057)
(355;487;1074)
(355;487;1091)
(355;487;1091)
(355;487;1107)
(355;487;1107)
(355;487;1146)
(355;487;1146)
(355;487;1147)
(355;487;1147)
(355;487;1161)
(355;487;1162)
(355;487;1179)
(355;487;1179)
(355;487;1195)
(355;487;1196)
(355;487;1211)
(355;487;1212)
(355;486;1212)
(355;486;1228)
(355;486;1229)
(355;486;1246)
(355;486;1246)
(355;486;1262)
(355;486;1262)
(355;486;1278)
(356;486;1279)
(356;486;1279)
(356;486;1295)
(356;486;1296)
(356;485;1312)
(356;485;1313)
(356;485;1329)
(356;484;1329)
(357;484;1330)
(357;483;1361)
(357;483;1362)
(357;483;1362)
(357;483;1379)
(357;483;1379)
(358;482;1395)
(358;482;1395)
(358;482;1411)
(358;481;1412)
(358;481;1412)
(358;481;1428)
(359;480;1429)
(359;480;1445)
(360;478;1462)
(360;478;1478)
(360;477;1479)
(360;477;1495)
(360;477;1496)
(361;477;1511)
(361;476;1512)
(361;476;1545)
(361;476;1546)
(361;476;1546)
(361;475;1578)
(361;475;1579)
(362;475;1579)
(362;474;1579)
(362;474;1580)
(362;474;1595)
(362;473;1596)
(362;473;1612)
(363;472;1612)
(363;471;1629)
(363;471;1629)
(363;470;1630)
(364;470;1644)
(364;469;1645)
(364;468;1661)
(364;468;1662)
(365;467;1679)
(365;466;1679)
(365;466;1695)
(366;466;1695)
(366;465;1712)
(366;464;1713)
(366;463;1713)
(367;463;1728)
(367;462;1728)
(368;461;1745)
(368;461;1745)
(368;460;1761)
(369;459;1762)
(369;459;1778)
(369;459;1778)
(369;458;1795)
(370;458;1795)
(370;458;1812)
(370;457;1813)
(370;457;1813)
(370;457;1829)
(370;456;1829)
(371;456;1846)
(371;455;1846)
(371;455;1861)
(372;455;1862)
(372;453;1879)
(373;453;1879)
(373;452;1895)
(374;451;1896)
(374;451;1912)
(374;451;1913)
(375;450;1928)
(375;450;1928)
(376;449;1929)
(376;448;1945)
(377;447;1946)
(377;447;1961)
(377;446;1979)
(378;446;1979)
(378;446;1979)
(378;445;1995)
(378;445;1996)
(379;445;1996)
(379;444;2012)
(379;443;2012)
(380;442;2046)
(381;442;2046)
(381;441;2046)
(381;441;2061)
(381;440;2062)
(382;440;2078)
(382;440;2079)
(382;439;2095)
(382;439;2096)
(383;439;2096)
(383;438;2112)
(383;438;2113)
(384;437;2128)
(384;437;2129)
(385;436;2145)
(385;435;2145)
(386;435;2162)
(386;434;2163)
(387;433;2178)
(387;433;2179)
(387;433;2179)
(387;432;2195)
(388;432;2196)
(388;432;2212)
(389;431;2212)
(389;431;2228)
(389;430;2228)
(390;430;2245)
(390;430;2246)
(390;429;2246)
(390;429;2261)
(390;429;2262)
(391;428;2278)
(391;428;2279)
(391;427;2295)
(392;427;2296)
(392;426;2312)
(393;426;2312)
(393;425;2328)
(394;425;2329)
(394;424;2329)
(394;424;2345)
(395;423;2345)
(395;423;2362)
(396;422;2363)
(396;422;2379)
(396;421;2379)
(397;421;2395)
(397;421;2395)
(397;420;2412)
(398;420;2412)
(398;419;2413)
(399;419;2428)
(399;418;2429)
(400;418;2445)
(400;417;2445)
(400;417;2461)
(401;416;2462)
(402;415;2478)
(402;414;2479)
(403;414;2495)
(403;413;2496)
(404;413;2512)
(404;413;2512)
(404;412;2530)
(405;412;2530)
(405;412;2530)
(405;411;2548)
(406;410;2566)
(407;410;2600)
(408;409;2618)
(409;407;2618)
(410;405;2636)
(411;405;2636)
(411;404;2637)
(412;403;2652)
(412;403;2652)
(412;402;2667)
(413;401;2668)
(413;401;2684)
(414;400;2684)
(414;399;2701)
(414;399;2701)
(415;398;2718)
(415;397;2719)
(416;396;2719)
(416;396;2734)
(416;395;2735)
(416;395;2751)
(417;394;2751)
(417;393;2767)
(418;392;2768)
(418;392;2768)
(419;391;2785)
(420;390;2785)
(420;389;2801)
(421;388;2801)
(421;388;2818)
(421;387;2818)
(422;386;2834)
(422;385;2835)
(423;384;2852)
(423;383;2853)
(424;382;2853)
(424;381;2868)
(425;381;2884)
(425;380;2885)
(425;379;2885)
(425;379;2901)
(426;378;2902)
(426;378;2918)
(426;377;2918)
(426;377;2935)
(427;377;2936)
(427;376;2951)
(427;375;2951)
(428;374;2968)
(428;373;2969)
(429;373;2969)
(429;372;2984)
(430;371;2985)
(430;370;3002)
(430;370;3002)
(431;368;3017)
(431;368;3018)
(431;367;3034)
(432;366;3034)
(432;366;3051)
(433;365;3051)
(433;364;3068)
(433;363;3068)
(434;362;3069)
(434;361;3084)
(435;360;3084)
(435;360;3101)
(436;359;3102)
(436;358;3118)
(437;357;3118)
(437;356;3134)
(437;355;3135)
(438;355;3151)
(438;354;3152)
(439;352;3168)
(439;351;3168)
(440;350;3185)
(440;350;3185)
(441;349;3185)
(441;348;3201)
(442;347;3201)
(442;347;3217)
(443;346;3218)
(443;345;3235)
(444;344;3236)
(444;344;3251)
(444;343;3251)
(445;342;3251)
(445;342;3267)
(446;341;3268)
(446;341;3285)
(446;340;3286)
(447;340;3301)
(447;339;3302)
(447;338;3318)
(448;338;3318)
(448;337;3318)
(448;337;3335)
(449;336;3335)
(449;335;3351)
(450;334;3351)
(450;334;3367)
(451;333;3368)
(451;332;3385)
(452;332;3385)
(452;332;3386)
(452;331;3401)
(453;331;3402)
(453;330;3418)
(453;330;3418)
(454;330;3435)
(454;329;3436)
(454;329;3451)
(455;329;3452)
(455;328;3467)
(455;328;3468)
(456;327;3468)
(456;327;3484)
(457;326;3485)
(457;326;3501)
(458;325;3502)
(459;325;3518)
(459;324;3519)
(460;323;3534)
(461;322;3535)
(462;322;3550)
(462;321;3551)
(463;321;3551)
(463;320;3568)
(464;320;3569)
(464;319;3584)
(465;319;3585)
(465;318;3601)
(466;318;3602)
(466;317;3618)
(467;317;3619)
(467;316;3619)
(468;316;3634)
(468;316;3635)
(468;315;3651)
(469;315;3651)
(470;314;3667)
(470;314;3668)
(471;313;3684)
(471;313;3685)
(472;313;3702)
(472;312;3702)
(473;312;3718)
(474;311;3718)
(475;310;3735)
(475;310;3736)
(476;309;3751)
(477;309;3752)
(478;308;3768)
(478;308;3768)
(479;307;3769)
(480;307;3784)
(480;306;3785)
(481;306;3801)
(482;305;3802)
(482;305;3818)
(483;305;3818)
(483;304;3834)
(484;304;3835)
(485;303;3851)
(485;303;3852)
(486;302;3852)
(486;302;3869)
(487;301;3869)
(488;301;3884)
(489;300;3884)
(489;299;3901)
(490;299;3902)
(491;298;3917)
(492;298;3918)
(492;297;3918)
(493;297;3934)
(494;296;3934)
(494;296;3951)
(495;295;3952)
(495;295;3967)
(496;294;3968)
(497;294;3968)
(497;293;3985)
(498;293;3986)
(498;293;4002)
(498;292;4003)
(499;292;4017)
(499;291;4018)
(500;291;4035)
(500;291;4035)
(500;290;4067)
(501;289;4068)
(502;289;4068)
(502;288;4068)
(502;288;4085)
(503;287;4085)
(503;287;4101)
(503;286;4102)
(504;286;4118)
(504;285;4118)
(505;284;4135)
(506;283;4135)
(507;282;4151)
(508;281;4152)
(508;281;4152)
(510;278;4167)
(511;277;4189)
(512;276;4189)
(513;275;4190)
(514;274;4206)
(515;273;4206)
(516;272;4222)
(517;272;4223)
(517;271;4239)
(517;271;4240)
(518;271;4240)
(518;271;4256)
(518;270;4257)
(518;270;4273)
(519;270;4273)
(519;270;4289)
(519;270;4289)
(519;270;4306)
(520;270;4307)
(520;269;4322)
(521;269;4322)
(522;269;4323)
(522;268;4339)
(523;268;4339)
(523;268;4356)
(524;268;4356)
(524;267;4373)
(524;267;4374)
(525;267;4389)
(526;267;4389)
(527;266;4406)
(527;266;4406)
(527;266;4422)
(528;265;4423)
(528;265;4439)
(528;265;4440)
(529;265;4456)
(529;265;4457)
(529;265;4457)
(530;265;4473)
(530;264;4474)
(531;264;4490)
(531;264;4490)
(531;263;4506)
(532;263;4507)
(532;263;4522)
(532;263;4523)
(532;263;4540)
(532;263;4540)
(533;263;4540)
(533;262;4555)
(533;262;4556)
(534;262;4573)
(534;262;4573)
(535;261;4589)
(536;261;4590)
(537;260;4623)
(537;260;4623)
(537;260;4623)
(538;259;4640)
(538;259;4641)
(539;259;4641)
(539;258;4656)
(540;258;4656)
(540;258;4673)
(540;258;4673)
(541;257;4690)
(541;257;4691)
(542;257;4691)
(542;257;4707)
(542;256;4707)
(543;256;4723)
(543;256;4724)
(543;255;4741)
(544;255;4741)
(544;255;4741)
(544;255;4756)
(545;254;4757)
(545;254;4773)
(545;254;4774)
(545;254;4789)
(546;253;4790)
(546;253;4806)
(546;253;4807)
(546;253;4823)
(546;253;4823)
(546;253;4840)
(546;253;4840)
(546;253;4840)
(546;253;4857)
(547;253;4857)
(547;253;4873)
(547;252;4873)
(548;252;4890)
(549;251;4891)
(549;251;4906)
(550;251;4906)
(550;250;4924)
(551;250;4924)
(551;250;4925)
(551;249;4940)
(552;249;4940)
(552;249;4956)
(553;249;4956)
(554;248;4973)
(554;247;4974)
(555;246;4989)
(556;246;4990)
(557;245;4990)
(558;244;5006)
(559;244;5007)
(560;243;5023)
(561;242;5023)
(562;241;5040)
(563;241;5040)
(565;240;5041)
(566;240;5056)
(567;239;5057)
(568;239;5073)
(569;239;5074)
(569;238;5089)
(570;238;5091)
(571;237;5106)
(571;237;5107)
(572;237;5123)
(572;237;5123)
(572;237;5124)
(573;236;5140)
(573;236;5140)
(573;236;5156)
(574;236;5157)
(574;236;5173)
(575;236;5174)
(575;236;5189)
(576;235;5190)
(576;235;5207)
(577;235;5207)
(577;235;5223)
(578;235;5223)
(578;234;5223)
(578;234;5240)
(579;234;5241)
(579;234;5256)
(580;233;5257)
(581;233;5273)
(582;233;5273)
(583;232;5290)
(584;232;5290)
(584;232;5290)
(585;231;5306)
(586;231;5307)
(586;231;5323)
(587;231;5324)
(588;231;5340)
(588;231;5340)
(589;230;5356)
(589;230;5357)
(590;230;5374)
(590;230;5374)
(591;230;5389)
(591;230;5390)
(591;229;5407)
(592;229;5407)
(592;229;5423)
(592;229;5423)
(592;229;5424)
(592;229;5440)
(592;229;5457)
(593;229;5458)
(593;229;5458)
(593;229;5474)
(593;229;5474)
(594;229;5490)
(594;229;5491)
(594;228;5507)
(594;228;5507)
(595;228;5508)
(595;228;5524)
(596;228;5525)
(596;227;5540)
(597;227;5541)
(598;227;5557)
(598;227;5557)
(599;226;5574)
(600;226;5574)
(600;226;5591)
(601;226;5592)
(602;226;5592)
(602;225;5608)
(603;225;5609)
(604;225;5624)
(604;225;5624)
(605;225;5641)
(605;225;5641)
(607;224;5658)
(608;224;5658)
(608;224;5674)
(608;224;5675)
(609;224;5691)
(609;224;5691)
(609;224;5708)
(609;224;5708)
(609;224;5724)
(609;224;5725)
(609;224;5741)
(609;224;5741)
(609;224;5757)
(609;224;5757)
(609;224;5774)
(609;224;5774)
(609;224;5790)
(609;224;5791)
(609;224;5807)
(609;224;5808)
(609;224;5825)
(609;224;5825)
(609;224;5825)
(609;224;5840)
(609;224;5841)
(609;224;5858)
(609;224;5859)
(609;224;5875)
(609;224;5875)
(609;224;5890)
(609;224;5891)
(609;224;5891)
(609;224;5907)
(609;224;5908)
(609;224;5925)
(609;224;5925)
(609;224;5941)
(609;224;5942)
(609;224;5942)
(609;224;5957)
(609;224;5958)
(609;224;5977)
(609;224;5977)
(609;224;5995)
(609;224;5995)
(609;224;6011)
(609;224;6011)
(609;224;6012)
(609;224;6027)
(609;224;6028)
(609;224;6044)
(609;224;6045)
(609;224;6060)
(609;224;6061)
(609;224;6061)
(609;224;6078)
(609;224;6078)
(609;224;6094)
(609;224;6095)
(609;224;6110)
(609;224;6111)
(609;224;6127)
(609;224;6128)
(609;224;6145)
(609;225;6145)
(609;226;6145)
(609;229;6161)
(609;232;6177)
