(43;2;0)
(43;3;166)
(43;3;182)
(43;4;182)
(43;4;199)
(44;5;200)
(44;5;216)
(44;6;216)
(45;6;216)
(45;7;233)
(46;8;233)
(46;8;248)
(46;8;249)
(46;8;267)
(46;8;267)
(46;9;282)
(47;9;283)
(47;10;300)
(48;11;300)
(48;11;317)
(48;12;317)
(49;12;317)
(49;12;333)
(49;12;333)
(49;12;349)
(49;12;349)
(49;12;365)
(50;13;366)
(50;13;382)
(50;13;382)
(50;13;399)
(51;14;400)
(51;14;416)
(51;14;417)
(52;14;432)
(52;14;433)
(52;14;449)
(52;14;450)
(52;15;450)
(52;15;466)
(52;15;466)
(52;15;483)
(52;15;483)
(52;15;500)
(52;15;500)
(52;15;515)
(52;15;516)
(52;15;532)
(52;15;533)
(52;15;533)
(52;15;549)
(52;15;550)
(52;15;567)
(52;15;567)
(52;15;583)
(52;15;583)
(52;15;600)
(52;15;600)
(52;15;600)
(52;15;616)
(52;15;633)
(52;15;633)
(52;15;633)
(52;15;649)
(52;15;649)
(52;15;666)
(52;15;666)
(52;15;682)
(52;15;683)
(52;15;699)
(52;15;699)
(52;15;699)
(52;15;716)
(52;15;716)
(52;15;732)
(52;15;733)
(52;15;749)
(52;15;749)
(52;15;749)
(52;15;765)
(52;15;766)
(52;15;783)
(52;15;783)
(52;15;799)
(52;15;799)
(52;15;816)
(52;15;816)
(52;15;816)
(52;15;832)
(52;15;832)
(52;15;849)
(52;15;850)
(52;15;865)
(52;15;865)
(52;15;883)
(52;15;883)
(52;15;898)
(52;15;899)
(52;15;916)
(52;15;916)
(52;15;916)
(52;15;932)
(52;15;932)
(52;15;949)
(52;15;950)
(52;15;965)
(52;15;965)
(52;15;982)
(52;15;983)
(52;15;999)
(52;15;999)
(52;15;1000)
(52;15;1016)
(52;15;1016)
(52;15;1033)
(52;15;1033)
(52;15;1066)
(52;15;1066)
(52;15;1066)
(52;15;1084)
(52;15;1100)
(52;15;1101)
(52;15;1134)
(52;15;1134)
(52;15;1134)
(52;15;1134)
(52;15;1134)
(52;15;1168)
(52;15;1168)
(52;15;1168)
(52;15;1168)
(52;15;1168)
(52;15;1183)
(52;15;1200)
(52;15;1201)
(52;15;1201)
(52;15;1216)
(52;15;1216)
(52;15;1233)
(52;15;1234)
(52;15;1250)
(53;15;1250)
(53;15;1267)
(53;15;1267)
(53;15;1283)
(53;15;1283)
(53;15;1299)
(53;15;1300)
(53;15;1300)
(53;15;1316)
(53;15;1316)
(53;15;1333)
(53;15;1334)
(53;15;1350)
(53;15;1350)
(53;15;1350)
(53;15;1366)
(53;15;1366)
(53;15;1383)
(53;15;1383)
(53;15;1400)
(53;15;1401)
(53;15;1416)
(53;15;1416)
(53;15;1432)
(53;15;1433)
(53;15;1449)
(53;15;1450)
(53;15;1466)
(53;15;1466)
(53;15;1483)
(53;15;1483)
(53;15;1500)
(52;15;1500)
(52;15;1500)
(52;15;1517)
(52;15;1517)
(52;15;1532)
(52;15;1533)
(52;15;1550)
(52;15;1550)
(52;15;1567)
(52;15;1568)
(52;15;1583)
(52;15;1584)
(52;15;1599)
(52;15;1600)
(52;15;1600)
(52;15;1616)
(52;15;1616)
(52;15;1633)
(52;15;1633)
(52;15;1650)
(52;15;1650)
(52;15;1650)
(52;15;1666)
(52;15;1667)
(52;15;1683)
(52;15;1683)
(52;15;1700)
(52;15;1700)
(52;15;1700)
(52;15;1717)
(52;15;1717)
(52;15;1733)
(52;15;1733)
(52;15;1750)
(52;15;1750)
(52;15;1766)
(52;15;1767)
(52;15;1784)
(52;15;1784)
(52;15;1785)
(52;15;1799)
(52;15;1816)
(52;15;1816)
(52;15;1816)
(53;15;1833)
(53;15;1833)
(53;15;1850)
(53;15;1851)
(53;15;1867)
(53;15;1868)
(53;15;1884)
(53;15;1884)
(53;15;1900)
(53;15;1900)
(53;16;1900)
(54;16;1917)
(54;16;1917)
(55;16;1934)
(56;17;1951)
(57;17;1952)
(58;18;1967)
(58;18;1967)
(59;18;1983)
(60;18;1984)
(60;19;2001)
(61;19;2002)
(62;19;2017)
(63;20;2017)
(63;20;2033)
(63;20;2034)
(64;20;2050)
(64;20;2050)
(64;20;2068)
(64;21;2068)
(65;21;2068)
(65;21;2084)
(65;21;2101)
(65;21;2101)
(65;21;2101)
(65;21;2117)
(66;22;2117)
(66;22;2134)
(66;22;2134)
(67;22;2150)
(67;23;2151)
(68;23;2167)
(68;23;2168)
(69;23;2184)
(69;24;2184)
(70;24;2185)
(70;24;2201)
(70;24;2202)
(70;24;2218)
(71;24;2218)
(71;25;2234)
(71;25;2234)
(71;25;2251)
(72;25;2252)
(72;25;2267)
(72;26;2267)
(73;26;2284)
(73;26;2284)
(74;27;2300)
(75;27;2301)
(76;27;2318)
(76;28;2318)
(77;28;2318)
(77;29;2334)
(78;29;2334)
(78;29;2351)
(78;29;2351)
(79;29;2367)
(79;30;2368)
(79;30;2384)
(79;30;2385)
(79;30;2385)
(79;30;2400)
(80;30;2400)
(80;30;2417)
(80;30;2417)
(81;31;2434)
(82;31;2434)
(82;32;2450)
(83;32;2451)
(84;32;2467)
(85;33;2467)
(85;33;2484)
(85;33;2484)
(86;33;2484)
(86;34;2501)
(86;34;2501)
(86;34;2517)
(87;34;2517)
(87;34;2533)
(87;34;2534)
(87;34;2551)
(87;34;2551)
(88;34;2551)
(88;35;2567)
(88;35;2567)
(89;35;2585)
(89;35;2585)
(90;35;2600)
(90;36;2600)
(91;36;2601)
(91;36;2617)
(91;36;2617)
(92;36;2634)
(92;36;2634)
(92;37;2651)
(93;37;2652)
(93;37;2668)
(93;37;2668)
(94;37;2684)
(94;37;2684)
(95;37;2701)
(95;38;2701)
(96;38;2701)
(96;38;2718)
(97;39;2718)
(97;39;2733)
(98;39;2733)
(99;40;2751)
(99;40;2752)
(100;40;2768)
(101;41;2768)
(102;41;2784)
(102;41;2785)
(103;42;2786)
(104;43;2800)
(105;43;2801)
(105;43;2817)
(106;44;2817)
(106;44;2834)
(107;44;2835)
(107;44;2850)
(107;44;2851)
(107;44;2851)
(107;45;2867)
(107;45;2868)
(108;45;2884)
(108;45;2884)
(108;45;2901)
(108;45;2902)
(108;45;2902)
(109;46;2917)
(109;46;2918)
(110;47;2934)
(111;47;2934)
(111;48;2951)
(112;49;2951)
(113;49;2967)
(114;50;2968)
(115;50;2984)
(116;51;2985)
(117;52;3001)
(118;52;3001)
(119;53;3001)
(121;54;3017)
(122;55;3018)
(123;56;3034)
(124;56;3035)
(125;57;3052)
(126;58;3052)
(127;58;3068)
(128;59;3068)
(129;59;3084)
(130;60;3084)
(130;60;3085)
(131;60;3100)
(131;61;3100)
(131;61;3117)
(131;61;3118)
(131;61;3133)
(132;61;3134)
(132;61;3150)
(132;62;3151)
(133;62;3151)
(133;62;3167)
(134;63;3167)
(135;64;3184)
(136;64;3185)
(137;65;3200)
(137;65;3201)
(138;66;3201)
(139;67;3217)
(140;67;3217)
(140;68;3234)
(140;68;3234)
(141;68;3251)
(141;69;3251)
(143;70;3267)
(144;70;3284)
(144;71;3285)
(145;71;3285)
(145;72;3300)
(145;72;3300)
(146;72;3318)
(146;72;3318)
(146;73;3333)
(147;73;3334)
(147;74;3351)
(147;74;3351)
(148;74;3367)
(148;75;3367)
(149;76;3384)
(150;76;3384)
(150;77;3401)
(151;78;3401)
(152;78;3418)
(152;79;3418)
(153;80;3433)
(153;80;3433)
(155;82;3452)
(156;83;3452)
(157;84;3468)
(157;85;3486)
(158;85;3521)
(158;85;3521)
(158;85;3521)
(158;85;3521)
(159;87;3554)
(160;88;3554)
(161;88;3570)
(161;89;3571)
(162;90;3571)
(162;90;3587)
(163;91;3587)
(163;92;3604)
(164;93;3604)
(165;94;3621)
(165;94;3621)
(165;95;3621)
(166;95;3637)
(166;95;3637)
(166;96;3654)
(166;96;3654)
(167;96;3670)
(167;97;3670)
(167;97;3687)
(168;98;3687)
(169;99;3704)
(170;100;3704)
(170;101;3704)
(171;101;3721)
(171;102;3721)
(172;103;3738)
(173;103;3738)
(173;104;3753)
(174;104;3754)
(174;105;3770)
(175;105;3770)
(175;105;3787)
(175;105;3787)
(175;105;3803)
(175;106;3803)
(175;106;3821)
(176;106;3821)
(176;107;3821)
(177;107;3837)
(178;108;3837)
(179;109;3854)
(180;110;3854)
(181;111;3870)
(182;112;3870)
(183;113;3870)
(184;114;3887)
(185;115;3887)
(186;116;3904)
(186;116;3905)
(187;117;3920)
(187;117;3921)
(188;117;3921)
(188;118;3938)
(189;118;3938)
(189;118;3953)
(190;119;3953)
(190;119;3971)
(191;120;3971)
(192;120;3987)
(192;121;3987)
(193;121;4004)
(193;122;4020)
(194;122;4020)
(195;122;4020)
(196;124;4046)
(197;124;4046)
(197;124;4046)
(198;125;4062)
(198;125;4062)
(199;126;4079)
(200;127;4079)
(201;127;4096)
(202;128;4096)
(203;129;4113)
(204;130;4113)
(205;130;4114)
(206;131;4129)
(207;132;4130)
(207;132;4146)
(208;133;4146)
(210;135;4165)
(211;135;4165)
(211;136;4198)
(212;136;4199)
(213;136;4199)
(213;137;4199)
(214;138;4215)
(215;138;4216)
(216;139;4232)
(217;140;4233)
(218;140;4233)
(219;141;4249)
(220;142;4249)
(221;143;4265)
(222;143;4265)
(222;144;4282)
(223;144;4282)
(224;145;4282)
(225;145;4298)
(225;145;4298)
(225;146;4316)
(226;146;4316)
(226;146;4332)
(226;146;4332)
(226;146;4349)
(227;147;4349)
(227;147;4349)
(227;147;4364)
(228;148;4365)
(228;148;4381)
(229;149;4382)
(230;149;4398)
(230;149;4399)
(231;150;4415)
(232;151;4415)
(233;151;4432)
(233;152;4432)
(234;153;4432)
(234;153;4449)
(235;153;4449)
(235;153;4466)
(235;153;4466)
(235;153;4482)
(235;153;4482)
(235;153;4499)
(235;154;4499)
(236;154;4515)
(236;154;4515)
(236;155;4531)
(237;155;4531)
(237;155;4532)
(237;156;4549)
(238;156;4549)
(238;156;4565)
(238;156;4566)
(238;156;4582)
(238;156;4582)
(238;156;4582)
(239;156;4598)
(239;157;4599)
(239;157;4615)
(240;157;4615)
(240;158;4631)
(241;158;4632)
(241;158;4648)
(242;158;4649)
(242;159;4649)
(243;159;4665)
(244;160;4665)
(244;160;4682)
(245;160;4682)
(245;160;4698)
(246;161;4699)
(246;161;4715)
(246;161;4715)
(246;161;4731)
(247;161;4731)
(247;161;4749)
(247;161;4749)
(248;161;4749)
(248;161;4766)
(248;161;4766)
(248;161;4782)
(249;161;4782)
(249;161;4799)
(250;161;4799)
(250;161;4815)
(251;161;4815)
(251;161;4832)
(252;160;4832)
(252;160;4832)
(252;160;4848)
(253;160;4848)
(253;160;4865)
(254;160;4865)
(254;160;4882)
(254;159;4882)
(254;159;4883)
(255;159;4898)
(255;159;4899)
(255;159;4915)
(255;159;4915)
(256;159;4932)
(256;158;4932)
(256;158;4949)
(256;158;4949)
(257;158;4949)
(257;158;4965)
(257;157;4966)
(258;157;4982)
(258;156;4982)
(259;156;4999)
(259;156;4999)
(259;155;5015)
(259;155;5015)
(260;155;5032)
(260;154;5032)
(261;154;5033)
(261;153;5048)
(262;153;5065)
(262;152;5065)
(262;152;5065)
(262;152;5082)
(263;151;5082)
(263;151;5099)
(264;150;5100)
(264;150;5115)
(265;149;5115)
(265;148;5132)
(265;148;5132)
(266;148;5133)
(266;147;5149)
(267;146;5149)
(267;146;5165)
(268;145;5166)
(268;144;5182)
(268;144;5183)
(269;144;5183)
(269;143;5199)
(269;143;5230)
(270;143;5231)
(270;142;5231)
(270;142;5231)
(271;141;5247)
(271;141;5247)
(271;140;5264)
(271;140;5265)
(271;140;5265)
(272;139;5281)
(272;139;5281)
(272;138;5298)
(272;138;5298)
(273;137;5315)
(273;137;5332)
(273;136;5332)
(274;136;5332)
(274;135;5349)
(274;135;5349)
(274;134;5365)
(275;134;5365)
(275;133;5382)
(276;132;5383)
(276;131;5399)
(276;131;5399)
(277;130;5415)
(277;130;5415)
(277;130;5432)
(277;130;5432)
(277;129;5432)
(277;129;5449)
(278;128;5449)
(279;127;5465)
(279;127;5465)
(280;126;5482)
(280;125;5482)
(280;125;5482)
(281;125;5499)
(281;125;5499)
(281;124;5515)
(281;124;5515)
(282;124;5532)
(282;123;5533)
(282;123;5549)
(282;123;5549)
(282;123;5549)
(282;122;5565)
(283;122;5566)
(283;121;5582)
(284;120;5582)
(285;120;5598)
(286;119;5598)
(287;118;5615)
(287;117;5616)
(288;117;5632)
(289;116;5632)
(289;116;5632)
(289;116;5648)
(289;115;5648)
(289;115;5665)
(290;115;5666)
(290;115;5682)
(290;114;5683)
(291;114;5699)
(291;114;5699)
(292;113;5716)
(293;112;5716)
(294;112;5732)
(294;112;5733)
(295;111;5733)
(295;111;5749)
(295;111;5749)
(296;110;5765)
(297;110;5765)
(297;109;5782)
(298;109;5782)
(299;108;5782)
(299;108;5799)
(300;108;5799)
(300;107;5816)
(301;107;5816)
(301;106;5832)
(301;106;5833)
(302;106;5849)
(302;105;5849)
(302;105;5849)
(303;105;5865)
(303;104;5866)
(304;104;5882)
(304;103;5882)
(305;103;5899)
(306;102;5900)
(307;101;5915)
(308;100;5916)
(308;100;5932)
(309;99;5932)
(309;99;5932)
(310;98;5949)
(310;98;5949)
(310;97;5966)
(311;97;5966)
(311;96;5982)
(311;96;5982)
(312;96;5998)
(312;95;5999)
(312;95;6016)
(313;94;6016)
(313;93;6016)
(313;93;6032)
(314;92;6032)
(314;91;6048)
(314;91;6049)
(315;91;6065)
(315;90;6065)
(316;90;6082)
(316;89;6082)
(316;88;6082)
(317;87;6099)
(317;87;6099)
(318;86;6116)
(318;85;6116)
(319;84;6133)
(320;83;6133)
(321;82;6149)
(321;81;6149)
(322;81;6166)
(322;80;6166)
(322;80;6182)
(323;79;6182)
(323;79;6198)
(323;79;6199)
(323;79;6215)
(323;79;6216)
(324;78;6216)
(324;78;6232)
(324;78;6232)
(324;78;6249)
(324;77;6249)
(325;77;6265)
(325;77;6265)
(325;76;6283)
(325;76;6283)
(325;76;6299)
(325;76;6300)
(325;75;6300)
(325;75;6315)
(325;75;6332)
(325;75;6333)
(325;74;6333)
(325;74;6350)
(325;74;6350)
(325;74;6366)
(325;74;6366)
(325;74;6382)
(325;74;6383)
(325;73;6383)
(325;73;6398)
(325;73;6399)
(325;73;6416)
(325;73;6416)
(325;73;6432)
(325;73;6432)
(324;72;6449)
(323;71;6449)
(322;71;6465)
(321;70;6465)
(320;69;6482)
(319;68;6482)
(318;67;6499)
(317;67;6499)
(317;66;6516)
(317;66;6516)
(317;66;6516)
(317;66;6532)
(317;66;6532)
(317;66;6549)
(317;66;6550)
(317;66;6566)
(317;66;6566)
(317;66;6582)
(316;66;6583)
(316;67;6599)
(316;67;6599)
(316;67;6615)
(315;67;6616)
(315;67;6633)
(314;68;6633)
(313;68;6633)
(312;68;6649)
(311;68;6650)
(311;68;6665)
(310;68;6666)
(309;68;6682)
(309;68;6682)
(309;68;6682)
(309;68;6699)
(308;68;6699)
(308;68;6715)
(308;69;6715)
(307;69;6732)
(307;69;6732)
(305;69;6749)
(305;70;6749)
(304;70;6766)
(304;70;6766)
(303;70;6783)
(302;70;6783)
(302;70;6799)
(301;71;6799)
(301;71;6816)
(300;71;6816)
(299;71;6816)
(298;71;6832)
(298;71;6832)
(297;71;6849)
(296;71;6850)
(296;71;6866)
(295;71;6866)
(295;72;6882)
(295;72;6883)
(294;72;6898)
(294;72;6899)
(294;72;6916)
(294;72;6916)
(293;72;6916)
(293;72;6932)
(292;72;6932)
(291;72;6949)
(290;72;6950)
(289;72;6965)
(288;72;6966)
(287;72;6982)
(287;72;6983)
(286;72;6983)
(286;72;6999)
(286;72;6999)
(286;72;7015)
(285;72;7016)
(285;72;7033)
(285;72;7033)
(284;72;7049)
(283;72;7050)
(282;72;7050)
(281;71;7066)
(280;71;7066)
(279;71;7082)
(278;70;7082)
(277;70;7099)
(277;70;7099)
(276;70;7116)
(275;70;7116)
(275;69;7116)
(274;69;7132)
(274;69;7150)
(273;69;7150)
(273;69;7150)
(272;69;7166)
(272;69;7182)
(271;68;7182)
(271;68;7199)
(270;68;7200)
(270;68;7215)
(270;67;7216)
(269;67;7232)
(269;67;7233)
(269;66;7233)
(268;65;7249)
(267;64;7250)
(267;62;7266)
(266;61;7266)
(266;60;7283)
(266;60;7283)
(266;60;7283)
(266;60;7299)
(266;60;7299)
(266;60;7316)
(266;60;7316)
(266;60;7332)
(266;60;7333)
(266;60;7349)
(266;60;7349)
(266;60;7349)
(266;59;7366)
(267;58;7366)
(268;58;7383)
(269;57;7383)
(270;56;7399)
(270;56;7400)
(271;55;7416)
(272;54;7416)
(273;54;7416)
(274;54;7433)
(274;53;7434)
(274;53;7449)
(275;53;7449)
(275;53;7465)
(275;53;7466)
(275;53;7483)
(276;52;7484)
(276;52;7499)
(277;52;7500)
(278;52;7515)
(278;51;7515)
(279;51;7532)
(280;51;7533)
(281;50;7533)
(282;50;7549)
(283;49;7549)
(284;49;7566)
(285;48;7567)
(286;48;7582)
(286;47;7583)
(287;47;7583)
(287;47;7599)
(287;47;7600)
(288;47;7616)
(288;46;7616)
(289;46;7633)
(289;46;7633)
(290;45;7649)
(291;45;7649)
(291;44;7649)
(292;44;7666)
(294;43;7666)
(295;42;7683)
(297;41;7684)
(298;41;7699)
(299;40;7699)
(300;40;7716)
(301;39;7716)
(302;38;7732)
(303;38;7733)
(304;37;7733)
(304;37;7749)
(305;36;7749)
(305;36;7766)
(305;36;7766)
(306;36;7783)
(307;35;7783)
(307;35;7799)
(308;34;7800)
(309;34;7817)
(310;33;7817)
(311;33;7833)
(312;32;7833)
(312;32;7833)
(313;31;7849)
(314;31;7850)
(314;30;7866)
(315;30;7866)
(315;30;7883)
(316;29;7883)
(316;29;7883)
(316;29;7900)
(316;29;7900)
(316;29;7916)
(317;28;7916)
(317;28;7950)
(317;28;7967)
(319;27;8008)
(322;24;8030)
(323;24;8030)
(323;23;8030)
(325;22;8031)
(325;22;8031)
(325;21;8031)
(326;21;8079)
(326;21;8080)
(326;21;8080)
(326;21;8080)
(327;20;8080)
(328;20;8095)
(328;19;8096)
(329;19;8113)
(329;19;8114)
(330;18;8146)
(330;18;8146)
(330;17;8162)
(331;17;8162)
(331;17;8178)
(332;16;8179)
(332;16;8195)
(332;16;8195)
(332;16;8212)
(333;15;8213)
(333;15;8213)
(333;15;8229)
(333;15;8229)
(333;15;8245)
(333;15;8246)
(334;14;8262)
(334;14;8262)
(334;14;8278)
(335;13;8279)
(336;12;8295)
(337;12;8296)
(337;11;8312)
(337;11;8313)
(338;11;8313)
(338;10;8329)
(339;10;8329)
(339;10;8345)
(339;9;8345)
(340;9;8362)
(340;9;8362)
(341;9;8363)
(341;8;8379)
(341;8;8379)
(341;8;8395)
(341;8;8396)
(341;8;8413)
(341;8;8415)
(342;8;8429)
(342;8;8429)
(342;8;8429)
(342;8;8446)
(342;8;8446)
(342;8;8462)
(342;8;8462)
(342;8;8478)
(342;8;8478)
(342;8;8496)
(342;8;8496)
(343;8;8512)
(343;8;8513)
(343;8;8513)
(343;8;8529)
(344;8;8529)
(344;8;8546)
(344;8;8547)
(344;7;8562)
(345;7;8563)
(345;7;8579)
(346;7;8580)
(346;7;8595)
(347;7;8595)
(347;7;8612)
(348;7;8613)
(348;7;8613)
(348;7;8629)
(349;7;8630)
(349;7;8647)
(349;7;8647)
(349;7;8662)
(350;7;8662)
(350;7;8662)
(350;7;8679)
(350;7;8679)
(350;7;8696)
(350;7;8696)
(351;7;8713)
(351;7;8713)
(351;7;8729)
(351;7;8729)
(351;7;8729)
(351;7;8746)
(351;7;8746)
(351;7;8763)
(352;7;8763)
(352;7;8779)
(352;7;8779)
(352;7;8796)
(352;7;8796)
(353;7;8812)
(353;7;8812)
(353;7;8829)
(354;7;8829)
(355;8;8829)
(356;8;8846)
(357;9;8846)
(358;9;8862)
(359;10;8862)
(360;11;8879)
(361;12;8879)
(362;12;8896)
(362;12;8896)
(362;13;8912)
(362;13;8913)
(362;13;8913)
(362;13;8929)
(363;13;8929)
(363;13;8946)
(363;13;8947)
(363;13;8962)
(363;13;8962)
(363;13;8962)
(363;13;8979)
(363;13;8980)
(363;14;8995)
(364;14;8995)
(364;14;9013)
(364;15;9013)
(365;15;9029)
(366;16;9029)
(366;16;9030)
(366;16;9045)
(367;17;9061)
(367;17;9078)
(367;17;9079)
(367;17;9095)
(367;17;9095)
(367;17;9112)
(367;17;9113)
(367;17;9128)
(367;17;9129)
(367;17;9145)
(367;17;9145)
(367;17;9145)
(367;17;9162)
(367;17;9163)
(367;17;9179)
(367;17;9179)
(367;17;9195)
(367;17;9195)
(367;17;9212)
(368;18;9212)
(369;19;9212)
(370;20;9229)
(372;20;9229)
(372;20;9245)
