(346;251;0)
(345;251;17)
(345;250;17)
(345;250;34)
(345;250;34)
(345;250;34)
(345;250;50)
(345;250;50)
(345;250;68)
(345;250;68)
(345;250;84)
(345;250;84)
(345;250;100)
(345;250;101)
(345;250;117)
(345;250;117)
(345;250;134)
(345;250;134)
(345;250;151)
(345;251;151)
(346;251;151)
(346;251;168)
(347;251;168)
(347;252;183)
(347;252;183)
(348;252;200)
(348;252;200)
(348;252;217)
(348;253;218)
(349;253;234)
(349;253;234)
(349;253;234)
(350;254;251)
(350;254;251)
(351;255;267)
(351;255;284)
(352;255;285)
(352;256;299)
(353;256;300)
(353;257;317)
(354;257;317)
(354;257;334)
(354;258;335)
(354;258;335)
(355;258;354)
(355;258;366)
(355;259;401)
(356;260;401)
(356;260;401)
(357;261;401)
(357;261;401)
(357;261;433)
(357;261;434)
(357;261;466)
(357;262;466)
(358;262;466)
(358;262;466)
(358;263;466)
(358;263;466)
(359;264;484)
(359;265;484)
(359;265;501)
(360;266;501)
(360;267;517)
(361;268;517)
(361;269;534)
(361;270;534)
(361;270;534)
(361;271;551)
(362;271;551)
(362;272;566)
(362;272;567)
(362;273;584)
(362;274;584)
(362;274;601)
(362;275;601)
(363;275;618)
(363;276;618)
(363;277;618)
(363;277;633)
(363;278;634)
(363;278;651)
(363;278;651)
(364;279;667)
(364;279;667)
(364;279;684)
(364;279;685)
(364;280;700)
(364;280;701)
(364;280;701)
(364;281;717)
(364;281;717)
(364;282;734)
(365;283;735)
(365;284;751)
(365;285;751)
(366;285;751)
(366;286;766)
(366;287;767)
(366;288;784)
(367;289;784)
(367;289;800)
(367;290;801)
(367;290;817)
(367;290;817)
(368;291;834)
(368;291;834)
(368;292;850)
(369;292;850)
(369;293;866)
(370;294;867)
(370;295;867)
(371;296;884)
(372;297;884)
(372;298;900)
(372;299;900)
(373;299;917)
(373;300;917)
(373;301;933)
(374;301;934)
(374;302;934)
(374;302;951)
(374;302;951)
(374;303;967)
(375;303;967)
(375;304;984)
(375;304;984)
(376;305;984)
(376;306;1001)
(376;306;1001)
(376;306;1016)
(377;307;1016)
(377;307;1033)
(377;308;1033)
(378;309;1050)
(378;310;1051)
(378;310;1051)
(379;310;1066)
(379;311;1066)
(379;311;1084)
(380;312;1101)
(380;313;1118)
(381;314;1118)
(381;315;1118)
(382;315;1134)
(382;316;1152)
(383;317;1152)
(383;317;1169)
(383;317;1169)
(384;318;1190)
(384;319;1190)
(385;320;1190)
(386;322;1226)
(387;323;1226)
(387;323;1227)
(387;324;1243)
(387;325;1243)
(388;325;1260)
(388;326;1260)
(388;326;1276)
(388;326;1277)
(388;327;1294)
(389;328;1294)
(389;329;1294)
(390;330;1310)
(390;330;1310)
(390;331;1327)
(390;331;1327)
(390;331;1343)
(391;331;1344)
(391;332;1344)
(391;332;1361)
(391;333;1361)
(392;334;1376)
(393;336;1377)
(393;337;1393)
(394;338;1393)
(394;338;1410)
(394;339;1410)
(395;340;1426)
(395;341;1427)
(396;342;1427)
(396;342;1443)
(397;343;1444)
(397;343;1460)
(397;344;1461)
(397;344;1476)
(398;345;1477)
(398;346;1494)
(398;346;1494)
(399;347;1511)
(399;348;1511)
(400;349;1511)
(400;350;1526)
(401;352;1527)
(401;352;1543)
(401;353;1543)
(401;353;1560)
(401;354;1560)
(402;354;1577)
(402;355;1577)
(402;355;1593)
(402;356;1593)
(403;357;1593)
(403;357;1610)
(403;358;1610)
(403;358;1626)
(403;359;1626)
(403;359;1644)
(403;359;1644)
(404;360;1660)
(404;361;1661)
(404;361;1677)
(405;362;1677)
(405;363;1694)
(406;364;1694)
(406;365;1710)
(406;365;1710)
(406;366;1711)
(407;366;1726)
(407;366;1743)
(407;367;1743)
(407;367;1743)
(407;367;1760)
(407;368;1760)
(408;368;1777)
(408;369;1777)
(408;370;1777)
(409;370;1793)
(409;371;1793)
(409;371;1810)
(409;371;1810)
(409;371;1826)
(409;372;1827)
(410;372;1843)
(410;373;1843)
(410;373;1860)
(410;374;1861)
(411;374;1877)
(411;375;1877)
(412;376;1893)
(412;377;1893)
(413;377;1894)
(413;378;1910)
(414;379;1910)
(414;379;1926)
(414;380;1926)
(414;380;1944)
(415;380;1944)
(415;380;1944)
(415;381;1960)
(416;381;1960)
(416;382;1977)
(416;382;1977)
(417;383;1993)
(417;384;1994)
(418;384;2010)
(418;385;2010)
(418;385;2010)
(419;385;2027)
(419;386;2027)
(419;386;2044)
(419;386;2044)
(420;387;2060)
(420;387;2060)
(421;388;2077)
(421;388;2077)
(422;389;2077)
(422;389;2093)
(422;390;2110)
(423;390;2110)
(423;391;2110)
(423;391;2127)
(423;392;2127)
(424;392;2143)
(424;392;2144)
(424;393;2160)
(425;393;2160)
(425;394;2176)
(426;394;2177)
(426;395;2194)
(426;396;2194)
(427;396;2195)
(427;396;2210)
(427;397;2210)
(427;397;2227)
(427;397;2228)
(427;397;2244)
(428;397;2244)
(428;398;2244)
(428;398;2260)
(428;399;2261)
(429;400;2277)
(429;400;2277)
(429;401;2294)
(429;401;2294)
(429;402;2310)
(430;402;2310)
(430;402;2310)
(430;403;2327)
(430;403;2327)
(431;404;2344)
(431;405;2344)
(431;405;2360)
(431;406;2361)
(432;407;2377)
(432;408;2377)
(432;409;2378)
(432;410;2393)
(432;410;2410)
(432;411;2410)
(432;412;2410)
(432;412;2427)
(432;412;2427)
(432;412;2444)
(432;412;2444)
(432;412;2459)
(432;413;2460)
(432;413;2476)
(432;413;2477)
(432;413;2493)
(432;414;2494)
(432;415;2494)
(431;416;2510)
(430;417;2511)
(430;418;2527)
(430;418;2527)
(429;419;2544)
(429;419;2544)
(429;420;2544)
(429;420;2561)
(429;420;2561)
(429;421;2578)
(428;421;2578)
(428;422;2594)
(428;422;2594)
(427;423;2610)
(427;423;2610)
(427;423;2611)
(427;424;2627)
(427;424;2627)
(426;424;2644)
(426;425;2644)
(425;425;2660)
(425;426;2660)
(425;426;2677)
(425;426;2677)
(425;427;2677)
(424;427;2693)
(424;427;2693)
(423;428;2709)
(423;428;2710)
(422;429;2727)
(422;429;2727)
(421;429;2744)
(421;429;2745)
(421;430;2760)
(421;430;2761)
(421;430;2777)
(421;430;2778)
(421;430;2778)
(421;430;2794)
(420;430;2794)
(420;430;2810)
(420;430;2811)
(420;430;2827)
(420;430;2827)
(420;430;2844)
(420;430;2845)
(420;430;2845)
(420;430;2861)
(420;430;2861)
(420;430;2877)
(419;430;2877)
(419;429;2893)
(419;429;2894)
(419;429;2910)
(419;429;2911)
(419;429;2911)
(419;429;2927)
(419;429;2927)
(419;429;2944)
(418;429;2944)
(417;429;2960)
(417;428;2961)
(416;428;2977)
(415;427;2977)
(414;427;2978)
(413;426;2994)
(412;426;2994)
(412;425;3011)
(411;425;3011)
(411;425;3026)
(411;424;3027)
(410;424;3044)
(410;424;3044)
(410;424;3061)
(410;424;3061)
(410;424;3061)
(410;424;3077)
(410;424;3078)
(410;424;3094)
(410;424;3094)
(410;424;3110)
(410;424;3111)
(410;424;3127)
(410;424;3127)
(410;424;3144)
(410;424;3144)
(410;424;3144)
(410;424;3160)
(410;424;3160)
(410;424;3177)
(410;424;3177)
(410;424;3194)
(410;424;3194)
(410;424;3210)
(410;424;3210)
(410;424;3210)
(410;424;3227)
(410;424;3227)
(410;424;3243)
(410;424;3244)
(410;424;3260)
(410;424;3260)
(410;424;3276)
(410;424;3276)
(410;424;3293)
(410;424;3294)
(410;424;3294)
(410;424;3310)
(410;424;3310)
(410;424;3326)
(410;424;3326)
(410;424;3344)
(410;424;3344)
(410;424;3360)
(410;424;3360)
(410;424;3377)
(410;424;3377)
(410;424;3394)
(410;424;3394)
(410;423;3394)
