(524;410;0)
(523;409;166)
(523;408;166)
(523;407;166)
(523;407;182)
(522;406;183)
(522;405;199)
(522;405;200)
(522;405;215)
(522;405;216)
(522;404;232)
(522;404;233)
(522;404;248)
(522;404;248)
(521;403;266)
(521;403;266)
(521;402;283)
(521;402;283)
(521;401;283)
(521;401;299)
(521;401;299)
(521;400;315)
(521;400;316)
(521;399;332)
(520;399;332)
(520;398;349)
(520;398;349)
(520;398;366)
(520;397;366)
(520;397;382)
(520;396;383)
(520;396;399)
(520;396;399)
(520;395;399)
(520;395;416)
(520;395;416)
(520;394;433)
(520;394;433)
(520;393;449)
(520;393;449)
(520;392;465)
(520;391;465)
(520;390;465)
(520;390;482)
(520;389;482)
(520;389;499)
(520;388;500)
(520;388;515)
(520;387;516)
(520;387;533)
(521;387;533)
(521;386;533)
(521;386;549)
(521;386;550)
(521;385;566)
(521;385;566)
(521;384;582)
(521;383;582)
(521;383;599)
(521;383;599)
(521;382;615)
(521;382;616)
(521;382;616)
(521;381;632)
(521;381;633)
(521;381;649)
(521;381;650)
(521;381;665)
(521;381;666)
(521;381;682)
(521;381;682)
(521;381;700)
(521;380;700)
(522;380;716)
(522;379;716)
(522;378;717)
(522;378;733)
(522;377;733)
(522;377;750)
(522;377;750)
(522;376;766)
(522;376;766)
(522;376;766)
(522;375;781)
(522;375;782)
(522;374;800)
(522;373;800)
(521;372;816)
(521;372;816)
(521;371;833)
(521;370;833)
(521;370;833)
(520;369;849)
(520;369;849)
(520;368;866)
(520;368;866)
(520;367;882)
(519;367;882)
(519;366;900)
(519;366;900)
(519;365;900)
(519;365;916)
(519;365;916)
(519;365;933)
(519;365;933)
(519;365;948)
(518;365;949)
(518;364;965)
(518;364;965)
(518;364;982)
(518;364;982)
(518;363;999)
(518;363;999)
(517;363;1000)
(517;362;1015)
(517;362;1016)
(517;362;1032)
(517;361;1033)
(516;361;1049)
(516;360;1049)
(515;359;1066)
(515;358;1066)
(515;358;1066)
(514;357;1083)
(514;356;1083)
(514;356;1098)
(514;356;1099)
(513;355;1116)
(513;354;1116)
(513;354;1133)
(512;353;1133)
(512;352;1133)
(512;352;1149)
(511;351;1149)
(511;351;1166)
(511;350;1166)
(511;350;1183)
(510;349;1183)
(510;348;1183)
(509;348;1199)
(509;347;1200)
(509;346;1216)
(508;346;1216)
(508;346;1232)
(508;345;1233)
(508;345;1249)
(508;345;1249)
(508;345;1266)
(508;345;1266)
(508;344;1281)
(507;344;1282)
(507;343;1299)
(507;342;1299)
(506;341;1299)
(506;341;1315)
(506;340;1316)
(506;339;1332)
(506;339;1332)
(506;339;1349)
(506;338;1350)
(506;338;1366)
(506;338;1366)
(506;338;1366)
(506;338;1383)
(505;337;1383)
(505;337;1399)
(505;336;1399)
(505;336;1416)
(505;335;1416)
(505;335;1416)
(505;334;1432)
(505;334;1433)
(505;333;1449)
(505;332;1449)
(505;332;1465)
(505;331;1466)
(505;331;1483)
(505;331;1483)
(505;330;1483)
(505;330;1499)
(505;330;1499)
(505;329;1516)
(505;328;1516)
(505;327;1533)
(505;326;1533)
(505;325;1549)
(505;325;1550)
(505;324;1565)
(505;323;1566)
(505;323;1582)
(505;323;1582)
(505;322;1599)
(504;322;1600)
(504;321;1600)
(504;320;1616)
(504;320;1616)
(504;319;1633)
(504;319;1633)
(504;318;1649)
(504;318;1650)
(504;317;1666)
(504;317;1666)
(504;316;1666)
(503;315;1683)
(503;315;1683)
(503;315;1699)
(503;314;1700)
(503;314;1716)
(503;314;1716)
(503;313;1733)
(503;313;1733)
(503;313;1733)
(502;313;1748)
(502;312;1748)
(502;312;1766)
(502;311;1766)
(502;311;1782)
(502;310;1783)
(501;309;1783)
(501;308;1800)
(501;308;1800)
(500;307;1816)
(500;306;1816)
(500;306;1832)
(500;305;1833)
(500;305;1849)
(500;305;1849)
(500;305;1866)
(500;305;1866)
(500;304;1882)
(500;304;1882)
(500;304;1900)
(499;303;1900)
(499;303;1900)
(499;302;1916)
(498;302;1916)
(498;301;1933)
(498;301;1933)
(498;300;1949)
(498;300;1949)
(497;300;1965)
(497;299;1966)
(497;299;1983)
(497;299;1983)
(496;298;1999)
(496;298;2000)
(496;297;2016)
(495;297;2016)
(495;296;2016)
(495;296;2032)
(494;295;2033)
(494;295;2050)
(494;294;2050)
(493;293;2065)
(493;293;2065)
(493;293;2082)
(492;292;2082)
(492;292;2099)
(492;292;2099)
(492;291;2099)
(491;291;2115)
(491;291;2115)
(491;291;2133)
(491;291;2133)
(491;291;2149)
(491;291;2150)
(491;290;2166)
(491;290;2166)
(491;290;2182)
(491;290;2183)
(491;290;2183)
(490;290;2199)
(490;290;2200)
(490;289;2215)
(490;289;2215)
(490;289;2233)
(489;289;2233)
(489;288;2249)
(489;288;2249)
(489;288;2266)
(489;288;2266)
(489;288;2282)
(489;288;2282)
(489;288;2300)
(489;288;2300)
(489;288;2316)
(488;287;2316)
(488;287;2333)
(488;287;2333)
(488;287;2333)
(488;286;2348)
(487;286;2365)
(487;285;2366)
(487;285;2366)
(486;284;2382)
(486;284;2382)
(485;283;2382)
(485;282;2399)
(485;282;2399)
(485;282;2416)
(485;281;2416)
(485;281;2433)
(484;281;2433)
(484;281;2449)
(484;281;2449)
(484;281;2466)
(484;280;2466)
(484;280;2482)
(484;280;2482)
(484;279;2499)
(483;279;2499)
(483;279;2499)
(483;278;2516)
(483;278;2516)
(483;278;2533)
(483;277;2533)
(483;277;2548)
(483;277;2549)
(483;277;2565)
(483;276;2565)
(483;276;2565)
(483;276;2582)
(483;276;2582)
(483;276;2599)
(483;276;2599)
(483;276;2615)
(483;275;2615)
(483;275;2632)
(483;274;2632)
(483;273;2632)
(483;272;2649)
(483;271;2649)
(483;271;2666)
(483;270;2666)
(483;269;2682)
(483;269;2682)
(483;268;2683)
(483;267;2699)
(483;266;2699)
(483;266;2716)
(483;265;2716)
(483;264;2732)
(483;264;2732)
(483;263;2749)
(483;262;2749)
(483;262;2766)
(483;261;2766)
(483;260;2782)
(483;260;2783)
(483;259;2783)
(483;258;2799)
(483;257;2799)
(483;257;2816)
(483;256;2816)
(483;256;2832)
(483;256;2833)
(484;256;2848)
(484;256;2848)
(484;256;2866)
(484;255;2866)
(484;255;2866)
(484;255;2882)
(484;254;2882)
(484;253;2898)
(484;252;2899)
(484;251;2915)
(484;250;2916)
(485;248;2932)
(485;247;2932)
(485;246;2932)
(485;246;2949)
(485;246;2949)
(485;245;2965)
(485;245;2966)
(485;244;2982)
(485;244;2982)
(485;244;2999)
(485;243;2999)
(486;243;2999)
(486;242;3015)
(486;242;3015)
(486;242;3032)
(486;241;3033)
(486;240;3049)
(487;240;3049)
(487;239;3065)
(487;239;3065)
(487;238;3082)
(487;238;3083)
(487;237;3083)
(487;236;3098)
(488;236;3115)
(488;235;3115)
(488;234;3115)
(488;234;3132)
(488;234;3132)
(488;233;3149)
(489;233;3149)
(489;232;3166)
(489;232;3166)
(489;231;3166)
(489;230;3182)
(489;230;3182)
(489;229;3199)
(490;229;3199)
(490;228;3215)
(490;228;3216)
(490;227;3232)
(490;227;3232)
(490;226;3232)
(490;225;3249)
(491;224;3249)
(491;223;3265)
(491;223;3266)
(491;222;3282)
(491;222;3282)
(491;221;3299)
(491;221;3299)
(491;220;3299)
(491;219;3315)
(491;218;3315)
(491;217;3332)
(490;216;3332)
(490;215;3348)
(490;214;3349)
(490;213;3366)
(490;213;3366)
(490;213;3394)
(490;212;3394)
(489;211;3394)
(489;211;3411)
(489;210;3412)
(489;210;3412)
(489;209;3427)
(489;208;3428)
(489;207;3445)
(489;207;3445)
(488;206;3461)
(488;205;3461)
(488;205;3477)
(488;205;3478)
(488;204;3494)
(488;204;3495)
(488;204;3495)
(488;203;3511)
(487;203;3511)
(487;202;3528)
(487;201;3528)
(487;201;3544)
(487;200;3544)
(487;200;3561)
(487;200;3561)
(487;199;3577)
(487;199;3577)
(487;198;3594)
(487;197;3594)
(487;196;3594)
(487;196;3611)
(487;195;3612)
(487;195;3628)
(487;194;3628)
(487;194;3645)
(487;194;3645)
(487;194;3645)
(487;193;3661)
(487;193;3661)
(487;193;3677)
(487;192;3677)
(487;192;3695)
(488;192;3695)
(488;191;3695)
(488;191;3711)
(488;191;3711)
(489;190;3728)
(489;190;3728)
(490;189;3744)
(490;189;3745)
(491;188;3761)
(491;188;3761)
(491;187;3777)
(492;187;3778)
(492;186;3795)
(492;186;3795)
(493;186;3795)
(493;185;3811)
(494;185;3811)
(494;185;3827)
(494;184;3827)
(495;184;3844)
(495;184;3844)
(496;184;3861)
(496;183;3861)
(496;183;3878)
(496;183;3878)
(497;182;3878)
(497;182;3894)
(497;182;3894)
(498;182;3910)
(498;182;3911)
(498;182;3927)
(499;181;3928)
(499;181;3944)
(500;181;3944)
(500;181;3944)
(500;180;3961)
(500;180;3961)
(500;180;3978)
(501;180;3978)
(501;180;3994)
(501;180;3994)
(501;180;3994)
(502;180;4010)
(502;180;4011)
(502;179;4028)
(502;179;4028)
(502;179;4044)
(503;179;4044)
(503;179;4061)
(503;178;4061)
(503;178;4077)
(504;178;4077)
(504;178;4094)
(504;177;4094)
(505;177;4111)
(505;177;4112)
(505;177;4112)
(505;177;4127)
(506;177;4128)
(506;176;4144)
(506;176;4144)
(506;176;4161)
(506;176;4161)
(506;176;4178)
(506;176;4178)
(506;176;4178)
(506;176;4194)
(506;175;4194)
(507;175;4211)
(507;175;4211)
(507;175;4228)
(507;174;4228)
(508;174;4244)
(508;173;4244)
(508;173;4261)
(508;173;4261)
(508;172;4277)
(509;172;4277)
(509;172;4294)
(509;172;4294)
(509;172;4311)
(509;171;4312)
(509;171;4312)
(509;171;4328)
(509;171;4328)
(509;170;4344)
(509;170;4344)
(510;170;4361)
(510;170;4361)
(510;169;4378)
(510;169;4378)
(510;168;4394)
(510;168;4395)
(510;167;4395)
(510;166;4411)
(510;164;4411)
(510;162;4427)
(509;159;4427)
(509;158;4445)
(509;157;4445)
(509;157;4461)
(508;156;4461)
(508;156;4477)
(509;156;4478)
(511;157;4478)
