(45;316;0)
(45;318;131)
(45;318;148)
(45;320;148)
(46;321;165)
(46;322;165)
(46;324;182)
(47;326;182)
(47;327;182)
(47;329;199)
(47;330;199)
(48;331;214)
(48;332;215)
(48;333;231)
(48;334;232)
(48;334;248)
(48;335;248)
(48;336;265)
(48;337;265)
(48;338;265)
(48;339;282)
(48;340;282)
(48;341;298)
(48;342;298)
(48;343;315)
(48;344;315)
(48;345;332)
(49;345;332)
(49;346;332)
(49;346;348)
(49;346;348)
(49;346;365)
(49;347;365)
(49;347;382)
(49;347;382)
(49;347;398)
(49;347;398)
(49;347;398)
(49;348;415)
(49;348;415)
(49;348;431)
(49;348;432)
(49;348;449)
(49;348;449)
(49;348;464)
(49;347;465)
(49;347;482)
(49;347;482)
(49;347;482)
(49;347;498)
(49;347;498)
(49;347;515)
(49;347;515)
(49;347;532)
(50;347;532)
(50;346;548)
(50;346;548)
(50;346;565)
(51;346;565)
(52;346;565)
(53;345;581)
(54;345;581)
(55;344;598)
(55;344;598)
(56;344;614)
(57;343;615)
(57;343;632)
(58;342;632)
(59;342;632)
(60;341;647)
(60;340;647)
(61;340;665)
(61;340;665)
(61;339;682)
(61;339;682)
(62;339;698)
(62;338;698)
(63;338;698)
(63;337;714)
(64;337;715)
(65;336;732)
(65;336;732)
(65;336;748)
(66;336;749)
(66;335;764)
(67;335;765)
(68;334;765)
(69;334;781)
(69;333;781)
(70;333;798)
(70;333;799)
(71;332;814)
(71;332;815)
(71;332;831)
(71;332;832)
(71;332;832)
(71;332;850)
(71;332;866)
(71;332;867)
(71;332;867)
(71;332;884)
(71;332;884)
(71;332;884)
(71;332;901)
(71;332;901)
(71;332;917)
(71;332;917)
(71;332;933)
(71;332;933)
(71;332;950)
(71;332;950)
(71;332;966)
(71;332;967)
(71;332;984)
(71;332;984)
(71;332;984)
(71;332;1001)
(72;332;1001)
(72;332;1016)
(72;332;1017)
(72;333;1034)
(73;333;1034)
(73;333;1050)
(74;334;1050)
(75;334;1067)
(76;335;1067)
(76;335;1083)
(77;336;1083)
(77;336;1100)
(77;336;1101)
(78;337;1117)
(78;337;1117)
(78;337;1117)
(78;337;1134)
(78;337;1134)
(78;337;1150)
(78;337;1150)
(78;337;1167)
(79;337;1167)
(79;337;1184)
(80;337;1184)
(81;337;1200)
(82;337;1201)
(83;338;1201)
(83;338;1217)
(84;338;1218)
(84;338;1234)
(85;338;1235)
(85;338;1250)
(86;338;1251)
(86;338;1267)
(87;338;1267)
(88;338;1284)
(88;338;1284)
(89;338;1300)
(89;338;1300)
(90;338;1301)
(90;338;1317)
(90;338;1317)
(91;338;1334)
(91;338;1334)
(91;338;1351)
(91;338;1351)
(92;338;1367)
(93;338;1368)
(94;338;1368)
(94;338;1384)
(95;338;1384)
(95;338;1401)
(96;338;1401)
(97;338;1417)
(98;338;1418)
(99;338;1418)
(100;337;1434)
(100;337;1434)
(100;337;1450)
(101;337;1451)
(102;337;1467)
(102;337;1467)
(103;337;1484)
(103;337;1484)
(103;337;1501)
(104;337;1501)
(104;337;1517)
(104;337;1517)
(104;337;1533)
(104;337;1534)
(105;337;1550)
(105;337;1551)
(106;336;1567)
(106;336;1584)
(107;335;1585)
(108;335;1585)
(108;334;1600)
(109;334;1600)
(109;333;1617)
(110;333;1617)
(111;332;1634)
(111;332;1634)
(111;331;1650)
(112;331;1650)
(112;330;1667)
(113;330;1667)
(113;329;1684)
(114;329;1684)
(114;328;1701)
(115;328;1701)
(115;327;1717)
(116;326;1718)
(116;326;1718)
(117;325;1734)
(117;324;1734)
(117;324;1751)
(118;323;1751)
(118;323;1767)
(118;323;1767)
(118;323;1784)
(118;323;1785)
(119;322;1785)
(119;322;1801)
(120;321;1801)
(120;320;1817)
(121;319;1817)
(121;319;1834)
(121;318;1835)
(121;318;1850)
(122;317;1851)
(122;317;1867)
(122;317;1867)
(122;317;1884)
(122;317;1884)
(122;317;1885)
(122;317;1900)
(122;317;1917)
(122;317;1934)
(122;317;1935)
(122;317;1950)
(123;318;1951)
(123;318;1967)
(124;318;1968)
(124;318;1968)
(125;319;1984)
(126;320;1984)
(128;320;2001)
(129;321;2001)
(130;322;2017)
(131;322;2017)
(131;322;2018)
(132;323;2034)
(132;323;2035)
(133;323;2051)
(133;323;2051)
(134;323;2067)
(135;323;2068)
(136;323;2084)
(137;323;2085)
(138;323;2101)
(139;323;2101)
(139;323;2117)
(140;323;2117)
(140;323;2134)
(141;323;2134)
(142;322;2151)
(143;322;2151)
(144;322;2167)
(145;322;2168)
(146;322;2184)
(146;321;2184)
(147;321;2184)
(147;321;2201)
(147;320;2201)
(148;320;2218)
(149;320;2233)
(150;319;2234)
(151;319;2251)
(151;318;2251)
(152;318;2268)
(152;317;2268)
(152;317;2269)
(153;316;2284)
(154;315;2284)
(154;314;2301)
(155;313;2301)
(155;312;2317)
(156;311;2317)
(156;311;2317)
(157;310;2334)
(157;309;2334)
(157;309;2350)
(158;308;2350)
(158;308;2367)
(158;308;2368)
(158;308;2384)
(158;307;2384)
(158;307;2401)
(158;306;2401)
(158;306;2401)
(158;305;2417)
(158;304;2417)
(158;303;2434)
(158;302;2434)
(158;301;2451)
(157;300;2451)
(157;299;2469)
(157;298;2469)
(157;297;2484)
(157;296;2484)
(157;296;2500)
(157;295;2501)
(157;295;2501)
(157;295;2518)
(157;295;2518)
(157;295;2534)
(157;295;2534)
(157;295;2551)
(157;295;2551)
(157;294;2567)
(157;294;2567)
(157;293;2568)
(158;293;2585)
(158;292;2585)
(158;292;2601)
(159;291;2601)
(159;291;2617)
(159;290;2617)
(160;289;2617)
(160;288;2634)
(161;287;2634)
(162;286;2650)
(162;285;2651)
(163;285;2667)
(164;284;2668)
(164;283;2684)
(164;282;2685)
(165;282;2701)
(165;282;2701)
(165;281;2717)
(165;281;2718)
(166;281;2718)
(166;280;2734)
(166;280;2734)
(167;279;2751)
(167;278;2752)
(167;278;2767)
(167;278;2768)
(167;277;2785)
(168;277;2785)
(168;277;2801)
(168;276;2802)
(168;276;2802)
(168;276;2817)
(168;276;2818)
(168;276;2835)
(168;276;2835)
(168;276;2851)
(168;276;2852)
(168;276;2868)
(168;276;2868)
(168;276;2868)
(168;276;2884)
(168;276;2885)
(168;276;2901)
(168;276;2921)
(168;276;2922)
(168;276;2922)
(169;276;2939)
(169;276;2939)
(170;276;2955)
(170;276;2955)
(171;276;2972)
(172;276;2972)
(172;276;2990)
(173;276;2990)
(173;276;2990)
(174;275;3005)
(175;275;3006)
(176;275;3022)
(177;275;3023)
(178;274;3040)
(178;274;3040)
(179;273;3040)
(179;273;3056)
(179;273;3057)
(179;273;3072)
(179;273;3073)
(179;273;3089)
(179;273;3090)
(179;273;3107)
(179;273;3107)
(179;273;3107)
(179;273;3123)
(179;273;3123)
(179;273;3140)
(179;273;3140)
(179;273;3156)
(179;273;3156)
(179;273;3173)
(179;273;3174)
(179;273;3174)
(179;273;3190)
(179;273;3190)
(179;273;3207)
(179;273;3207)
(179;273;3222)
(179;273;3223)
(179;273;3240)
(179;273;3240)
(180;273;3256)
(180;274;3256)
(180;274;3256)
(181;274;3273)
(181;274;3273)
(182;275;3289)
(183;276;3289)
(184;276;3306)
(185;277;3306)
(186;278;3323)
(187;280;3324)
(188;281;3340)
(189;282;3341)
(190;283;3341)
(191;284;3356)
(192;286;3356)
(193;287;3373)
(194;288;3373)
(195;289;3389)
(195;290;3390)
(196;290;3407)
(196;291;3407)
(197;291;3407)
(197;292;3422)
(198;293;3423)
(198;294;3440)
(199;294;3440)
(199;295;3456)
(200;295;3456)
(200;295;3456)
(200;295;3473)
(200;296;3473)
(200;296;3490)
(201;296;3490)
(201;296;3506)
(201;297;3506)
(201;297;3523)
(202;298;3524)
(203;299;3539)
(203;300;3539)
(204;301;3556)
(204;302;3556)
(204;302;3556)
(204;302;3573)
(205;303;3573)
(205;303;3590)
(205;303;3590)
(205;303;3606)
(206;303;3607)
(206;303;3623)
(206;303;3624)
(206;303;3624)
(206;303;3640)
(206;303;3640)
(206;303;3676)
(206;303;3677)
(207;303;3677)
(208;303;3677)
(208;303;3709)
(211;303;3709)
(213;303;3725)
(214;303;3742)
(215;303;3759)
(216;303;3759)
(217;303;3777)
(217;304;3777)
(218;304;3777)
(218;304;3794)
(218;304;3811)
(219;304;3811)
(219;304;3811)
(219;304;3827)
(219;304;3827)
(219;304;3827)
(219;304;3844)
(219;305;3844)
(219;305;3860)
(220;305;3861)
(220;305;3877)
(220;306;3877)
(220;307;3877)
(220;308;3894)
(220;308;3895)
(221;309;3911)
(221;309;3911)
(221;310;3928)
(222;311;3928)
(223;313;3944)
(223;314;3945)
(224;315;3945)
(225;316;3960)
(225;317;3961)
(226;318;3977)
(227;319;3977)
(227;320;3995)
(228;320;3995)
(228;320;4011)
(229;321;4012)
(229;321;4028)
(229;321;4028)
(230;321;4028)
(231;322;4044)
(232;322;4061)
(232;322;4061)
(233;322;4061)
(233;323;4078)
(233;323;4078)
(234;323;4094)
(234;323;4094)
(234;323;4111)
(234;323;4111)
(234;323;4128)
(235;323;4128)
(235;323;4128)
(235;323;4144)
(235;323;4144)
(235;323;4160)
(235;324;4161)
(236;324;4178)
(236;324;4179)
(236;324;4179)
(237;325;4194)
(237;325;4194)
(238;325;4212)
(238;326;4212)
(239;326;4227)
(240;327;4228)
(241;328;4245)
(242;328;4245)
(242;329;4245)
(243;329;4261)
(243;330;4261)
(244;330;4278)
(244;330;4278)
(244;330;4294)
(244;330;4294)
(244;331;4311)
(244;331;4311)
(244;331;4327)
(245;331;4328)
(245;331;4344)
(245;331;4361)
(246;332;4362)
(246;332;4362)
(247;332;4378)
(247;333;4378)
(247;333;4395)
(248;333;4395)
(248;333;4411)
(249;334;4411)
(249;334;4428)
(249;334;4429)
(250;335;4429)
(250;335;4444)
(250;335;4445)
(250;335;4460)
(251;336;4461)
(251;336;4477)
(251;336;4478)
(251;337;4478)
(252;337;4495)
(252;338;4495)
(253;339;4511)
(253;340;4511)
(253;340;4528)
(254;341;4528)
(254;341;4544)
(254;341;4544)
(254;342;4560)
(254;342;4561)
(255;342;4561)
(255;343;4578)
(256;343;4578)
(256;344;4595)
(256;345;4595)
(257;345;4611)
(257;346;4611)
(258;347;4627)
(258;348;4628)
(259;349;4645)
(259;350;4645)
(260;351;4645)
(261;352;4661)
(261;353;4662)
(262;354;4677)
(262;355;4678)
(263;356;4695)
(263;357;4695)
(263;358;4711)
(264;358;4711)
(264;359;4728)
(264;360;4728)
(264;360;4728)
(265;360;4744)
(265;360;4745)
(265;360;4760)
(265;360;4760)
(265;361;4778)
(265;361;4778)
(265;361;4778)
(265;361;4795)
(265;362;4795)
(266;362;4812)
(266;363;4812)
(266;363;4828)
(266;364;4829)
(267;365;4844)
(267;365;4862)
(267;365;4862)
(267;365;4862)
(267;365;4878)
(267;365;4878)
(267;365;4894)
(267;365;4894)
(267;365;4910)
(267;365;4927)
(267;365;4927)
(267;365;4945)
(267;366;4945)
(268;366;4945)
(268;367;4961)
(269;367;4961)
(270;368;4977)
(270;368;4978)
(271;369;4995)
(271;369;4995)
(272;370;5011)
(273;371;5011)
(274;371;5028)
(274;372;5029)
(275;373;5029)
(275;373;5045)
(275;373;5045)
(275;373;5061)
(275;373;5061)
(275;373;5078)
(275;373;5078)
(275;373;5078)
(275;373;5094)
(275;373;5095)
(275;373;5111)
(275;373;5111)
(275;373;5128)
(275;373;5128)
(275;373;5144)
(275;373;5145)
(275;373;5145)
(275;373;5161)
(275;373;5161)
(275;373;5177)
(275;373;5178)
(275;373;5194)
(276;373;5194)
(276;373;5211)
(276;373;5211)
(277;373;5228)
(277;373;5228)
(278;373;5245)
(279;373;5245)
(280;374;5245)
(281;374;5262)
(282;374;5262)
(282;374;5278)
(283;374;5278)
(284;374;5294)
(285;375;5294)
(285;375;5311)
(286;375;5311)
(287;375;5328)
(288;375;5329)
(288;375;5329)
(288;375;5344)
(289;375;5345)
(289;376;5362)
(289;376;5362)
(289;376;5378)
(289;376;5378)
(289;376;5394)
(289;376;5395)
(289;376;5395)
(289;376;5411)
(289;376;5411)
(289;376;5427)
(289;376;5427)
(289;376;5444)
(289;376;5444)
(289;376;5444)
(289;376;5462)
(289;377;5462)
(289;377;5478)
(290;377;5478)
(290;377;5494)
(290;378;5494)
(291;379;5511)
(292;381;5511)
(292;382;5528)
(292;383;5528)
(293;384;5544)
(294;385;5544)
(295;387;5544)
(295;388;5561)
(296;389;5562)
(296;389;5577)
(296;389;5578)
(296;389;5594)
(296;389;5594)
(296;389;5611)
(296;389;5611)
(296;389;5627)
(296;389;5627)
(296;389;5628)
(296;389;5645)
(296;389;5645)
(296;389;5661)
(296;389;5662)
(297;389;5677)
(298;389;5677)
(298;389;5678)
(299;389;5694)
(300;389;5695)
(301;389;5710)
(302;389;5711)
(303;389;5728)
(304;389;5728)
(305;389;5744)
(305;389;5744)
(306;389;5744)
(307;389;5761)
(307;389;5762)
(308;389;5778)
(309;389;5778)
(311;389;5795)
(312;390;5795)
(313;390;5811)
(313;390;5812)
(314;390;5828)
(314;390;5828)
(315;390;5828)
(315;390;5844)
(316;390;5861)
(316;390;5862)
(317;390;5862)
(317;390;5877)
(317;390;5878)
(318;390;5894)
(318;390;5894)
(318;391;5911)
(319;391;5912)
(319;391;5928)
(319;391;5928)
(319;391;5928)
(319;391;5944)
(319;391;5945)
(319;391;5961)
(319;391;5962)
(319;391;5977)
(320;391;5978)
(320;391;5978)
(320;391;5994)
(320;391;5994)
(321;391;6012)
(321;392;6012)
(321;392;6027)
(321;392;6028)
(321;392;6044)
(322;392;6045)
(322;392;6045)
(323;392;6061)
(323;393;6061)
(324;393;6077)
(324;394;6078)
(325;394;6095)
(326;394;6095)
(326;395;6111)
(326;395;6111)
(327;395;6128)
(327;395;6128)
(327;395;6145)
(327;395;6145)
(327;395;6145)
(327;395;6162)
(327;395;6162)
(327;395;6178)
(328;395;6178)
(328;395;6195)
(328;395;6196)
(329;395;6211)
(329;396;6212)
(329;396;6228)
(330;396;6228)
(330;396;6228)
(330;396;6245)
(331;396;6262)
(331;396;6262)
(331;396;6262)
(331;396;6279)
(332;396;6280)
(332;396;6280)
(332;396;6295)
(332;396;6296)
(332;396;6313)
(332;396;6313)
(332;396;6329)
(332;396;6329)
(332;396;6346)
(332;396;6346)
(332;396;6346)
(332;396;6362)
(332;396;6362)
(332;396;6379)
(332;396;6379)
(332;396;6396)
(332;396;6396)
(332;396;6396)
(332;396;6412)
(332;396;6412)
(332;396;6429)
(332;396;6429)
(332;396;6446)
(333;396;6446)
(333;396;6462)
(333;396;6463)
(334;396;6478)
(334;396;6479)
(335;396;6495)
(335;396;6495)
(335;396;6512)
(336;396;6512)
(336;396;6512)
(336;396;6529)
(336;396;6530)
(336;396;6546)
(336;396;6546)
(336;396;6562)
(336;396;6562)
(337;396;6579)
(337;396;6579)
(337;396;6580)
(337;396;6595)
(337;396;6595)
(337;396;6612)
(337;396;6612)
(337;396;6629)
(337;396;6629)
(337;396;6645)
(337;396;6646)
(337;396;6646)
(337;396;6662)
(337;396;6662)
(337;396;6678)
(337;396;6679)
(337;396;6696)
(337;396;6696)
(337;396;6713)
(337;396;6713)
(337;396;6713)
(337;396;6729)
(337;396;6729)
(337;396;6746)
(337;396;6746)
(337;396;6762)
(337;396;6763)
(337;396;6779)
(337;396;6779)
(337;396;6795)
(337;396;6796)
(337;396;6812)
(337;396;6812)
(337;396;6812)
(337;396;6829)
(337;396;6829)
(337;396;6845)
(337;396;6845)
(337;396;6862)
(337;396;6862)
(337;396;6879)
(337;396;6879)
(337;395;6879)
(337;395;6895)
(337;395;6896)
(337;395;6912)
(337;395;6912)
(337;395;6929)
(337;395;6929)
(337;395;6946)
(337;395;6946)
(337;395;6946)
(338;395;6962)
(338;395;6962)
(338;394;6979)
(338;394;6979)
(338;394;6996)
(338;394;6996)
(338;394;6996)
(338;394;7013)
(338;394;7013)
(338;394;7030)
(338;394;7030)
(338;394;7045)
(338;394;7045)
(338;394;7063)
(338;394;7064)
(338;394;7079)
(338;394;7079)
(338;394;7096)
(338;394;7096)
(338;394;7096)
(338;394;7112)
(338;394;7112)
(338;394;7129)
(338;394;7129)
(338;394;7145)
(338;394;7145)
(338;394;7163)
(338;394;7164)
(338;394;7178)
(338;394;7179)
(338;394;7179)
(338;394;7195)
(338;394;7196)
(338;394;7213)
(338;394;7213)
(338;394;7229)
(338;394;7229)
(338;394;7246)
(338;394;7246)
(338;394;7246)
(338;394;7262)
(338;394;7263)
(338;394;7279)
(338;394;7279)
(338;394;7296)
(338;394;7296)
(338;394;7312)
(338;394;7312)
(338;394;7312)
(338;394;7330)
(338;394;7330)
(338;394;7346)
(338;394;7346)
(338;394;7363)
(338;394;7363)
(338;394;7379)
(338;394;7379)
(338;394;7396)
(338;394;7396)
(338;394;7396)
(338;394;7412)
(338;394;7413)
(338;394;7429)
(338;393;7429)
(339;393;7446)
(340;392;7446)
(341;390;7462)
(342;389;7479)
(342;388;7479)
(342;388;7480)
(343;388;7496)
(343;387;7496)
(343;387;7512)
(344;387;7513)
(344;386;7529)
(344;386;7530)
(345;385;7545)
(345;385;7546)
(346;384;7546)
(347;383;7563)
(347;383;7563)
(348;382;7580)
(348;382;7580)
(349;382;7596)
(349;381;7596)
(349;381;7612)
(350;381;7612)
(351;381;7612)
(351;380;7629)
(352;380;7629)
(352;380;7645)
(353;380;7645)
(353;380;7662)
(354;380;7662)
(354;380;7679)
(355;380;7680)
(355;380;7695)
(355;380;7696)
(355;380;7712)
(355;380;7712)
(355;380;7713)
(355;380;7729)
(355;380;7730)
(355;380;7756)
(355;380;7756)
(355;379;7810)
(355;379;7811)
(355;379;7811)
(355;378;7811)
(355;378;7811)
(355;377;7827)
(355;376;7828)
(355;376;7845)
(356;374;7845)
(356;373;7845)
(356;372;7861)
(356;371;7861)
(356;370;7878)
(356;370;7878)
(356;370;7894)
(356;370;7895)
(356;370;7911)
(356;370;7911)
(356;369;7927)
(356;369;7928)
(356;369;7944)
(356;369;7944)
(356;369;7960)
(356;369;7961)
(357;369;7961)
(357;368;7977)
(358;367;7978)
(359;366;7994)
(360;366;7994)
(361;365;8011)
(362;365;8011)
(363;365;8027)
(364;364;8027)
(364;364;8028)
(365;364;8045)
(366;364;8045)
(366;364;8060)
(366;364;8061)
(366;364;8077)
(366;364;8077)
(366;363;8077)
(366;363;8094)
(366;363;8095)
(366;363;8110)
(366;363;8110)
(366;363;8127)
(366;363;8128)
(366;363;8144)
(366;363;8145)
(366;363;8145)
(366;363;8160)
(366;361;8178)
(365;360;8178)
(364;359;8178)
(364;358;8194)
(363;357;8194)
(363;356;8211)
(363;355;8211)
(362;355;8227)
(362;354;8228)
(362;354;8244)
(361;354;8244)
(361;353;8244)
(361;353;8261)
(361;353;8261)
(361;353;8277)
(361;353;8278)
(361;353;8294)
(361;353;8295)
(361;353;8311)
(361;353;8312)
(361;352;8327)
(362;352;8328)
(362;352;8328)
(362;351;8344)
(363;351;8345)
(363;350;8361)
(364;350;8361)
(365;350;8377)
(365;349;8377)
(366;349;8378)
(366;348;8394)
(367;348;8394)
(367;348;8410)
(368;348;8410)
(368;348;8428)
(369;347;8428)
(369;347;8444)
(370;347;8445)
(370;347;8445)
(371;346;8460)
(371;346;8461)
(371;346;8477)
(372;346;8477)
(372;346;8494)
(372;346;8494)
(372;346;8511)
(373;346;8511)
(373;346;8527)
(374;346;8528)
(375;346;8545)
(376;346;8545)
(377;346;8545)
(378;347;8561)
(379;347;8561)
(380;347;8577)
(382;348;8578)
(383;348;8594)
(384;348;8594)
(384;348;8611)
(385;348;8612)
(385;348;8627)
(385;348;8628)
(385;348;8628)
(385;348;8644)
(386;348;8644)
(386;348;8661)
(386;348;8661)
(386;348;8677)
(386;348;8677)
(386;348;8677)
(386;348;8694)
(386;348;8694)
(386;347;8711)
(387;346;8711)
(387;345;8728)
(387;344;8728)
(387;343;8744)
(388;342;8745)
(388;341;8745)
(388;340;8761)
(388;340;8762)
(388;340;8778)
(388;340;8778)
(388;340;8794)
(388;340;8794)
(388;340;8811)
(388;340;8811)
(388;340;8827)
(388;340;8828)
(388;340;8844)
(388;340;8845)
(388;339;8861)
(388;339;8861)
(389;339;8861)
(389;339;8878)
(390;339;8878)
(391;339;8894)
(392;338;8895)
(393;338;8911)
(394;338;8911)
(395;338;8911)
(396;337;8927)
(397;337;8928)
(399;337;8945)
(400;337;8945)
(401;337;8961)
(402;337;8978)
(402;337;8978)
(403;337;8978)
(403;338;8994)
(404;338;8994)
(404;338;9010)
(404;338;9010)
(405;339;9027)
(405;339;9027)
(406;339;9044)
(406;339;9045)
(407;340;9045)
(407;340;9062)
(408;340;9062)
(408;341;9078)
(409;341;9078)
(409;341;9094)
(409;341;9094)
(409;341;9111)
(409;341;9112)
(409;341;9127)
(410;341;9127)
(410;341;9144)
(411;341;9144)
(411;341;9160)
(411;341;9161)
(411;341;9161)
(412;341;9178)
(412;341;9179)
(412;341;9194)
(413;341;9194)
(413;340;9210)
(413;340;9211)
(414;340;9211)
(414;339;9228)
(414;339;9228)
(415;338;9244)
(415;338;9245)
(415;337;9261)
(415;337;9262)
(415;337;9277)
(415;337;9278)
(415;337;9278)
(415;336;9294)
(415;336;9294)
(416;336;9311)
(416;335;9311)
(416;334;9327)
(416;334;9327)
(417;333;9344)
(417;332;9344)
(417;331;9345)
(417;331;9361)
(418;331;9361)
(418;330;9378)
(418;330;9379)
(418;329;9394)
(418;329;9395)
(419;329;9410)
(419;328;9411)
(419;328;9427)
(420;327;9427)
(420;327;9444)
(421;326;9445)
(421;326;9445)
(422;325;9461)
(422;325;9461)
(423;325;9478)
(423;324;9478)
(424;324;9494)
(425;324;9494)
(425;324;9511)
(426;323;9511)
(426;323;9528)
(427;323;9529)
(428;323;9529)
(428;323;9545)
(429;323;9545)
(429;323;9561)
(429;323;9561)
(430;323;9577)
(430;323;9578)
(430;323;9578)
(430;323;9594)
(430;323;9594)
(431;323;9611)
(431;323;9611)
(431;323;9628)
(431;323;9629)
(432;323;9644)
(432;324;9645)
(433;324;9645)
(433;324;9661)
(434;325;9661)
(434;325;9677)
(434;326;9678)
(435;326;9694)
(436;327;9694)
(436;327;9711)
(437;328;9712)
(437;328;9712)
(437;329;9727)
(437;329;9745)
(438;329;9745)
(438;330;9745)
(438;330;9761)
(438;330;9761)
(438;330;9777)
(438;331;9778)
(438;331;9794)
(438;331;9794)
(438;331;9812)
(438;331;9812)
(438;332;9812)
(439;332;9827)
(439;333;9828)
(439;334;9845)
(439;335;9845)
(439;336;9861)
(440;337;9861)
(440;337;9878)
(440;337;9878)
(440;338;9878)
(440;338;9894)
(440;339;9894)
(441;340;9912)
(441;341;9912)
(441;341;9928)
(441;342;9928)
(441;342;9928)
(441;342;9945)
(441;342;9945)
(441;342;9961)
(441;342;9961)
(441;342;9977)
(441;342;9977)
(441;343;9994)
(441;343;9994)
(442;344;10011)
(442;344;10011)
(442;345;10028)
(442;346;10029)
(442;346;10029)
(442;347;10045)
(443;347;10045)
(443;347;10061)
(443;348;10062)
(443;348;10077)
(443;348;10078)
(443;348;10094)
(444;349;10094)
(444;349;10110)
(444;350;10110)
(444;350;10129)
(444;350;10129)
(444;351;10144)
(444;351;10145)
(444;351;10161)
(444;351;10161)
(444;351;10177)
(445;351;10178)
(445;351;10178)
(445;351;10194)
(445;351;10194)
(445;351;10211)
(445;351;10211)
(446;352;10228)
(446;352;10228)
(446;353;10228)
(447;353;10244)
(447;354;10245)
(448;355;10261)
(448;355;10261)
(448;356;10277)
(449;356;10277)
(449;357;10294)
(449;357;10295)
(449;357;10311)
(449;357;10311)
(450;357;10327)
(450;358;10327)
(451;358;10344)
(451;359;10345)
(452;359;10345)
(453;360;10362)
(453;361;10362)
(454;361;10377)
(455;362;10378)
(456;363;10394)
(457;364;10394)
(458;364;10411)
(458;365;10411)
(459;365;10427)
(459;365;10428)
(459;365;10445)
(460;365;10445)
(461;365;10461)
(462;366;10461)
(462;366;10477)
(463;366;10478)
(463;366;10494)
(463;366;10494)
(463;366;10494)
(463;366;10511)
(463;366;10511)
(463;366;10528)
(463;366;10528)
(463;366;10544)
(463;366;10544)
(463;366;10544)
(463;366;10562)
(463;366;10562)
(463;365;10578)
(464;365;10578)
(464;365;10595)
(464;365;10595)
(464;365;10611)
(464;365;10612)
(464;365;10628)
(465;364;10628)
(465;364;10628)
(466;364;10645)
(466;364;10645)
(466;364;10661)
(466;363;10661)
(467;363;10677)
(467;363;10677)
(468;363;10694)
(469;362;10694)
(469;362;10711)
(470;362;10711)
(471;362;10728)
(472;361;10729)
(473;361;10729)
(473;361;10745)
(474;361;10745)
(475;361;10761)
(476;361;10762)
(476;361;10778)
(477;361;10778)
(478;361;10778)
(478;361;10802)
(479;360;10802)
(479;360;10802)
(480;360;10819)
(480;360;10819)
(481;359;10835)
(481;359;10836)
(482;359;10852)
(482;359;10852)
(482;359;10852)
(483;359;10869)
(483;358;10869)
(483;358;10886)
(483;358;10886)
(484;358;10903)
(484;358;10904)
(484;358;10919)
(484;358;10920)
(484;358;10935)
(485;357;10936)
(485;357;10952)
(485;357;10952)
(485;357;10952)
(485;357;10969)
(485;357;10969)
(486;357;10986)
(486;357;10986)
(486;357;11002)
(486;357;11003)
(486;357;11019)
(486;357;11020)
(487;357;11020)
(487;357;11035)
(487;357;11036)
(487;357;11053)
(487;357;11053)
(487;357;11068)
(488;358;11069)
(488;358;11085)
(489;359;11086)
(489;359;11086)
(489;359;11102)
(490;360;11103)
(490;360;11119)
(490;360;11119)
(490;360;11136)
(491;361;11137)
(491;361;11137)
(491;362;11152)
(492;363;11152)
(492;365;11169)
(493;366;11169)
(493;368;11186)
(493;369;11186)
(493;370;11203)
(493;371;11203)
(493;371;11220)
(493;372;11220)
(493;372;11235)
(493;373;11236)
(493;373;11253)
(493;373;11253)
(493;373;11253)
(493;373;11268)
(493;373;11269)
(493;374;11285)
(493;374;11286)
(493;375;11302)
(493;376;11302)
(493;376;11320)
(493;377;11320)
(493;378;11320)
(493;378;11336)
(494;378;11337)
(494;379;11353)
(494;379;11353)
(495;380;11369)
(495;380;11370)
(496;380;11370)
(496;381;11386)
(497;381;11386)
(497;381;11403)
(498;381;11403)
(498;382;11419)
(498;382;11419)
(499;382;11436)
(499;382;11436)
(499;382;11436)
(500;382;11452)
(500;382;11469)
(501;383;11469)
(501;383;11470)
(502;383;11486)
(502;384;11486)
(503;384;11503)
(503;384;11503)
(504;385;11519)
(504;385;11519)
(505;386;11536)
(505;387;11536)
(505;387;11536)
(506;388;11552)
(506;389;11552)
(506;390;11569)
(507;391;11569)
(507;392;11586)
(507;394;11587)
(508;396;11602)
(508;398;11603)
(508;399;11619)
(508;400;11619)
(508;401;11620)
(508;401;11636)
(508;402;11636)
(509;402;11652)
(509;403;11652)
(509;403;11669)
(509;403;11669)
(509;403;11669)
(509;403;11685)
(509;403;11686)
(509;403;11703)
(510;403;11703)
(510;403;11719)
(511;404;11719)
(511;404;11735)
(512;404;11735)
(513;404;11752)
(514;405;11753)
(515;405;11753)
(515;405;11769)
(516;405;11769)
(517;405;11785)
(517;405;11786)
(518;405;11803)
(518;405;11803)
(519;405;11820)
(519;405;11820)
(519;405;11820)
(520;405;11836)
(520;405;11836)
(521;405;11852)
(521;404;11853)
(522;404;11870)
(523;404;11870)
(523;404;11886)
(523;403;11887)
(524;403;11903)
(524;403;11903)
(525;403;11919)
(525;403;11919)
(526;402;11919)
(526;402;11935)
(527;402;11935)
(527;401;11952)
(528;401;11952)
(528;401;11969)
(529;401;11969)
(529;400;11970)
(529;400;11985)
(530;400;11986)
(531;400;12003)
(531;399;12003)
(532;399;12019)
(532;399;12019)
(533;398;12035)
(533;398;12036)
(534;398;12036)
(534;398;12052)
(535;397;12052)
(535;397;12069)
(535;397;12069)
(536;397;12087)
(536;397;12087)
(537;397;12102)
(537;397;12103)
(537;397;12119)
(538;397;12119)
(538;396;12136)
(539;396;12136)
(539;396;12136)
(540;396;12152)
(540;396;12153)
(541;396;12169)
(541;396;12170)
(541;396;12186)
(542;396;12187)
(542;396;12202)
(543;396;12203)
(543;396;12220)
(543;395;12220)
(544;395;12220)
(544;395;12236)
(544;395;12236)
(545;395;12253)
(545;395;12253)
(546;395;12269)
(546;395;12269)
(547;395;12269)
(547;395;12286)
(547;395;12287)
(547;395;12303)
(547;395;12303)
(547;395;12319)
(548;395;12320)
(548;395;12336)
(548;395;12336)
(548;395;12336)
(548;395;12352)
(548;395;12353)
(548;395;12368)
(548;395;12369)
(548;395;12386)
(548;395;12386)
(548;395;12403)
(548;395;12403)
(548;395;12419)
(548;395;12419)
(548;395;12435)
(548;395;12436)
(548;395;12436)
(548;395;12453)
(548;395;12453)
(548;395;12470)
(548;395;12470)
(548;395;12485)
(548;395;12486)
(548;395;12503)
(548;395;12503)
(548;395;12518)
(548;395;12519)
(548;395;12519)
(548;395;12536)
(548;395;12537)
(548;395;12553)
(548;395;12553)
(549;395;12569)
(549;395;12570)
(550;395;12570)
(551;395;12586)
(552;396;12587)
(553;396;12603)
(555;397;12603)
(556;398;12619)
(558;399;12619)
(559;400;12636)
(560;400;12636)
(562;401;12636)
(563;401;12652)
(564;402;12652)
(565;403;12669)
(565;403;12670)
(566;403;12685)
(566;404;12686)
(566;404;12703)
(567;404;12703)
(568;405;12719)
(568;405;12720)
(569;405;12736)
(569;406;12736)
(569;406;12736)
(569;406;12753)
(570;406;12754)
(570;406;12769)
(570;407;12770)
(570;407;12786)
(570;407;12786)
(570;407;12803)
(570;407;12803)
(570;407;12820)
(570;407;12820)
(570;407;12820)
(570;407;12836)
(570;407;12837)
(570;407;12853)
(570;407;12853)
(570;407;12870)
(570;407;12870)
(570;407;12870)
(570;407;12887)
(570;407;12887)
(570;407;12903)
(570;407;12903)
(570;407;12920)
(570;407;12920)
(570;407;12936)
(570;407;12937)
(570;407;12937)
(570;407;12953)
(570;407;12953)
(570;407;12969)
(570;407;12970)
(570;407;12986)
(570;407;12987)
(570;407;13003)
(570;407;13003)
(570;407;13020)
(570;407;13020)
(570;407;13020)
(570;407;13036)
(570;407;13036)
(570;407;13053)
(570;407;13054)
(570;407;13070)
(570;407;13070)
(570;407;13087)
(570;406;13087)
(570;406;13103)
(570;406;13104)
(570;406;13104)
(570;406;13120)
(570;406;13120)
(570;406;13136)
(570;406;13137)
(570;406;13154)
(570;406;13154)
(570;406;13176)
(570;406;13177)
(570;406;13177)
(570;406;13177)
(570;406;13194)
(570;406;13194)
(570;406;13211)
(570;406;13211)
(570;406;13227)
(570;406;13228)
(570;406;13244)
(570;406;13244)
(570;406;13260)
(570;406;13260)
(570;406;13260)
(570;406;13277)
(570;406;13278)
(570;406;13294)
(570;406;13294)
(570;405;13310)
(571;405;13310)
(571;405;13326)
(571;405;13327)
(571;405;13343)
(571;405;13344)
(571;405;13360)
(571;405;13360)
(571;405;13360)
(572;404;13377)
(572;404;13378)
(572;404;13393)
(572;404;13394)
(572;404;13410)
(572;404;13410)
(572;404;13410)
(572;404;13427)
(572;404;13428)
(572;404;13444)
(572;403;13444)
(572;403;13460)
(572;403;13460)
(573;403;13478)
(573;403;13478)
(573;403;13478)
(573;403;13494)
(573;403;13494)
(573;403;13511)
(573;403;13511)
(573;403;13527)
(573;403;13528)
(573;403;13544)
(573;403;13544)
(572;403;13561)
(572;404;13561)
(571;404;13577)
(571;405;13577)
(570;405;13577)
(570;405;13593)
(570;405;13594)
(570;405;13610)
(570;405;13610)
(570;405;13627)
(570;405;13627)
(570;405;13644)
(570;405;13644)
(570;405;13660)
(570;405;13660)
(570;405;13661)
(570;405;13677)
(570;405;13678)
(570;405;13694)
(570;405;13694)
(570;405;13710)
(570;405;13710)
(570;405;13711)
(570;405;13727)
(570;405;13727)
(570;405;13744)
(570;405;13744)
(570;405;13760)
(570;405;13760)
(570;405;13777)
(570;405;13777)
(570;405;13778)
(570;405;13794)
(570;405;13794)
(570;405;13810)
(570;405;13810)
(570;405;13827)
(570;405;13827)
(570;405;13843)
(570;405;13844)
(570;405;13861)
(570;405;13861)
(570;405;13861)
(570;405;13877)
(570;405;13878)
(570;406;13893)
(571;406;13894)
(571;406;13910)
(571;406;13910)
(572;407;13927)
(572;407;13928)
(572;407;13928)
(572;407;13944)
(572;407;13944)
(572;407;13961)
(572;407;13961)
(573;408;13978)
(573;408;13978)
(573;408;13994)
(573;408;13994)
(574;409;14011)
(575;409;14011)
(576;410;14012)
(577;411;14027)
(578;412;14027)
(579;414;14044)
(580;415;14044)
(581;416;14060)
(581;416;14061)
(582;417;14077)
(582;417;14077)
(582;417;14077)
(583;418;14094)
(584;419;14094)
(585;419;14111)
(586;420;14111)
(587;421;14127)
(588;422;14127)
(589;424;14143)
(590;425;14144)
(591;426;14144)
(591;427;14160)
(593;428;14160)
(593;429;14178)
(594;430;14178)
(594;430;14193)
(595;430;14193)
(595;430;14210)
(595;431;14210)
(595;431;14227)
(595;431;14227)
(596;431;14244)
(596;431;14244)
(596;431;14244)
(596;431;14261)
(596;432;14261)
(596;432;14277)
(597;432;14278)
(597;432;14294)
(597;432;14294)
(597;432;14310)
(597;432;14311)
(597;432;14311)
(597;432;14327)
(598;432;14328)
(598;432;14344)
(599;432;14344)
(600;432;14360)
(601;433;14361)
(603;434;14376)
(604;434;14377)
(605;434;14394)
(606;434;14394)
(607;434;14410)
(608;434;14410)
(609;435;14427)
(610;435;14428)
(611;435;14428)
(612;435;14444)
(613;435;14460)
(614;435;14460)
(616;435;14460)
(617;435;14477)
(618;435;14477)
(618;435;14493)
(619;435;14494)
(619;435;14511)
(620;435;14511)
(620;435;14527)
(620;435;14527)
(621;435;14544)
(621;435;14544)
(622;435;14544)
(622;435;14560)
(623;435;14561)
(623;435;14577)
(624;435;14577)
(624;435;14594)
(624;435;14594)
(624;435;14610)
(625;435;14611)
(625;435;14611)
(625;435;14628)
(625;435;14628)
(625;435;14644)
(625;435;14645)
(625;435;14661)
(625;435;14661)
(625;435;14676)
(625;435;14677)
(625;435;14677)
(624;435;14694)
(624;435;14695)
(624;435;14711)
(624;435;14711)
(624;436;14727)
(624;436;14728)
(624;436;14728)
(624;436;14744)
(624;436;14744)
(624;436;14760)
(624;437;14761)
(624;437;14777)
(624;437;14778)
(624;437;14794)
(624;437;14794)
(624;437;14811)
(624;438;14811)
(624;438;14827)
(625;438;14828)
(625;438;14844)
(625;439;14844)
(626;440;14860)
(626;442;14861)
(626;442;14861)
(627;443;14876)
(627;443;14877)
(627;443;14894)
(627;443;14895)
(627;443;14910)
(627;444;14911)
(627;444;14911)
(627;444;14927)
(627;444;14927)
(627;444;14943)
(627;444;14944)
(627;445;14960)
(628;445;14961)
(628;446;14977)
(628;446;14977)
(628;447;14993)
(629;448;14994)
(629;448;14994)
(629;448;15010)
(629;448;15010)
(629;449;15027)
(629;449;15028)
(629;449;15028)
(629;449;15043)
(629;449;15044)
(629;449;15060)
(629;449;15060)
(629;449;15077)
(629;449;15077)
(629;449;15094)
(629;449;15094)
(629;449;15111)
(629;449;15111)
(629;450;15127)
(630;450;15128)
(630;452;15128)
(631;453;15145)
(632;454;15145)
(632;455;15160)
(632;456;15160)
(632;456;15177)
(633;456;15178)
(633;456;15194)
(633;456;15194)
(633;456;15210)
(633;456;15210)
(633;456;15210)
(633;456;15228)
(633;456;15228)
(633;456;15244)
(633;456;15244)
(633;456;15260)
(633;456;15260)
(633;456;15277)
(633;456;15277)
(633;456;15277)
(634;456;15293)
(635;456;15293)
(636;456;15310)
(637;456;15310)
(638;456;15327)
(639;456;15327)
(640;456;15344)
(640;457;15344)
(641;457;15360)
(642;457;15361)
(643;457;15361)
(643;457;15377)
(644;457;15377)
(644;457;15394)
(645;457;15394)
(645;457;15410)
(646;457;15411)
(646;457;15427)
(647;457;15428)
(647;457;15428)
(647;457;15443)
(647;457;15460)
(647;457;15460)
(647;457;15460)
(647;457;15477)
(647;457;15478)
(647;457;15494)
(647;457;15495)
(647;457;15510)
(647;458;15510)
(647;458;15511)
(647;458;15527)
(647;458;15527)
(647;458;15544)
(647;458;15544)
(647;458;15563)
(647;458;15564)
(647;458;15581)
(647;458;15581)
(647;459;15581)
(647;459;15597)
(647;459;15597)
(647;459;15613)
(647;459;15613)
(647;460;15630)
(647;461;15630)
(647;463;15630)
(647;465;15647)
(647;466;15648)
(647;468;15663)
(647;469;15663)
(647;470;15681)
(647;472;15681)
(648;475;15697)
(648;475;15697)
(648;476;15714)
(648;477;15714)
(648;477;15730)
(648;477;15730)
(648;478;15746)
(649;478;15747)
(649;478;15764)
(649;479;15764)
(649;479;15764)
(649;479;15780)
(649;479;15780)
(649;479;15796)
(649;480;15797)
(649;480;15814)
(649;480;15814)
(650;481;15830)
(650;482;15846)
(651;484;15847)
(652;486;15847)
(653;488;15864)
(654;491;15864)
(655;492;15864)
(655;494;15880)
(656;495;15880)
(656;496;15896)
(656;497;15897)
(656;497;15913)
(657;497;15913)
(657;497;15930)
(657;497;15931)
(657;497;15931)
(657;497;15947)
(657;497;15948)
(657;497;15964)
(657;497;15965)
(657;497;15981)
(657;497;15981)
(657;497;15997)
(657;497;15997)
(657;497;16013)
(657;497;16014)
(657;497;16030)
(657;497;16031)
(657;497;16047)
(657;497;16048)
(657;497;16048)
(657;497;16063)
(657;497;16080)
(657;497;16080)
(657;497;16081)
(657;497;16097)
(657;497;16097)
(657;496;16114)
(657;496;16114)
(657;496;16131)
(657;496;16131)
(657;496;16147)
(657;496;16147)
(658;495;16163)
(658;495;16164)
(658;495;16180)
(658;495;16181)
(658;495;16181)
(658;494;16196)
(659;494;16197)
(659;494;16213)
(659;494;16214)
(660;494;16230)
(661;494;16230)
(661;494;16230)
(662;494;16247)
(662;494;16247)
(662;494;16264)
(663;494;16264)
(663;494;16281)
(663;494;16297)
(663;494;16297)
(663;493;16314)
(663;493;16315)
(663;493;16330)
(663;493;16330)
(663;493;16347)
(663;493;16347)
(663;493;16364)
(663;493;16364)
(663;493;16364)
(663;493;16381)
(663;493;16381)
(663;493;16397)
(663;493;16397)
(663;493;16414)
(663;493;16414)
(663;493;16430)
(663;493;16431)
(663;493;16447)
(663;493;16463)
(663;493;16463)
(663;493;16481)
(663;493;16481)
(663;493;16481)
(663;493;16497)
(663;493;16497)
(664;493;16514)
(664;493;16514)
(664;493;16531)
(664;493;16531)
(664;493;16547)
(664;493;16547)
(664;493;16563)
(664;493;16563)
(664;493;16580)
(664;493;16580)
(665;493;16598)
(665;493;16598)
(666;494;16598)
(667;494;16614)
(669;494;16614)
(670;495;16631)
(671;495;16631)
(671;495;16647)
(672;496;16648)
(673;496;16664)
(673;496;16665)
(674;496;16665)
(675;497;16680)
(676;497;16680)
(677;497;16696)
(677;497;16697)
(678;498;16714)
(679;498;16714)
(681;498;16731)
(682;498;16747)
(683;499;16747)
(684;499;16764)
(685;499;16764)
(686;499;16764)
(687;499;16780)
(688;499;16780)
(688;500;16798)
(689;500;16798)
(690;500;16814)
(692;500;16815)
(693;500;16831)
(694;500;16831)
(694;500;16831)
(695;500;16848)
(695;500;16848)
(696;501;16864)
(696;501;16864)
(696;501;16881)
(697;501;16881)
(697;501;16896)
(697;501;16897)
(697;501;16897)
(698;501;16914)
(698;501;16914)
(699;502;16931)
(699;502;16931)
(700;503;16947)
(701;503;16948)
(702;504;16964)
(702;504;16964)
(703;505;16981)
(703;505;16981)
(704;505;16981)
(704;506;16998)
(705;506;16998)
(705;507;17014)
(705;507;17014)
(705;507;17030)
(705;507;17031)
(706;508;17048)
(706;508;17064)
(707;509;17064)
(707;510;17081)
(708;510;17081)
(709;511;17081)
(710;512;17097)
(710;513;17097)
(711;514;17113)
(711;514;17113)
(712;515;17131)
(713;515;17131)
(713;516;17131)
(714;517;17147)
(714;517;17147)
(715;518;17164)
(715;518;17164)
(716;518;17181)
(717;519;17181)
(717;519;17196)
(718;520;17197)
(719;520;17197)
(719;521;17214)
(720;521;17215)
(722;522;17230)
(723;523;17230)
(724;523;17247)
(725;524;17247)
(726;525;17264)
(728;525;17264)
(729;526;17281)
(730;526;17281)
(731;527;17297)
(732;527;17298)
(733;527;17298)
(734;527;17314)
(735;528;17314)
(735;528;17331)
(736;528;17331)
(738;528;17347)
(739;529;17369)
(739;529;17369)
(740;529;17369)
(741;529;17369)
(742;529;17386)
(742;529;17386)
(743;529;17403)
(743;529;17403)
(744;529;17419)
(745;529;17419)
(746;529;17435)
(746;529;17436)
(747;529;17436)
(748;529;17452)
(748;529;17452)
(748;529;17470)
(749;530;17470)
(750;530;17486)
(750;530;17486)
(750;530;17502)
(751;530;17502)
(752;530;17520)
(753;530;17520)
(754;530;17520)
(755;530;17536)
(756;530;17536)
(756;530;17553)
(757;530;17553)
(758;531;17569)
(759;531;17570)
(759;531;17586)
(760;531;17586)
(761;531;17602)
(761;531;17603)
(761;531;17619)
(762;532;17619)
(762;532;17619)
(762;532;17636)
(763;532;17636)
(763;532;17653)
(764;532;17653)
(765;532;17669)
(765;532;17669)
(766;532;17670)
(767;532;17686)
(768;532;17687)
(768;533;17703)
(769;533;17703)
(770;533;17719)
(771;533;17719)
(771;533;17736)
(771;533;17736)
(772;532;17736)
(772;532;17753)
(773;532;17753)
(773;532;17769)
(774;532;17770)
(774;532;17786)
(774;532;17786)
(775;531;17803)
(775;531;17803)
(775;531;17803)
(776;531;17820)
(777;531;17820)
(777;531;17836)
(778;530;17836)
(778;530;17853)
(778;530;17853)
(778;530;17870)
(778;530;17870)
(778;530;17886)
(778;530;17887)
(778;530;17903)
(778;530;17903)
(778;530;17903)
(778;530;17919)
(779;530;17919)
(779;530;17936)
(779;530;17936)
(780;530;17953)
(780;530;17953)
(780;529;17970)
(781;529;17970)
(782;529;17970)
(782;529;17985)
(783;529;17986)
(783;529;18002)
(784;529;18002)
(784;529;18020)
(785;529;18020)
(785;528;18036)
(786;528;18036)
(786;528;18036)
(787;528;18053)
(787;528;18053)
(788;528;18069)
(788;528;18070)
(789;529;18086)
(789;529;18086)
(790;529;18102)
(790;529;18103)
(790;529;18119)
(790;529;18119)
(790;530;18120)
(790;530;18136)
(790;530;18136)
(790;530;18153)
(791;530;18153)
(791;530;18170)
(791;531;18170)
(791;531;18186)
(792;532;18187)
(792;532;18203)
(793;533;18203)
(794;534;18219)
(794;535;18220)
(795;536;18220)
(796;537;18236)
(797;538;18253)
(797;540;18253)
(798;540;18254)
(798;541;18269)
(799;542;18269)
(799;542;18269)
(799;543;18286)
(800;544;18287)
(800;544;18302)
(801;545;18303)
(801;545;18320)
(801;545;18320)
(802;545;18336)
(802;546;18337)
(803;546;18352)
(803;546;18352)
(803;546;18369)
(804;546;18370)
(804;546;18387)
(805;546;18387)
(805;547;18403)
(806;547;18403)
(807;547;18420)
(808;548;18420)
(809;548;18420)
(810;549;18437)
(811;549;18437)
(812;550;18452)
(812;550;18452)
(813;550;18469)
(813;550;18469)
(814;550;18486)
(815;550;18487)
(815;550;18503)
(816;550;18503)
(816;550;18519)
(816;550;18520)
(816;550;18520)
(817;550;18536)
(817;550;18536)
(817;550;18553)
(817;550;18553)
(817;550;18570)
(818;550;18570)
(818;550;18570)
(818;550;18586)
(818;551;18587)
(818;551;18602)
(818;551;18602)
(818;551;18619)
(818;551;18619)
(818;551;18636)
(818;551;18636)
(818;551;18636)
(818;551;18652)
(818;551;18652)
(818;551;18670)
(818;552;18670)
(818;552;18686)
(819;552;18686)
(819;553;18703)
(819;553;18703)
(819;553;18719)
(819;554;18720)
(819;554;18736)
(819;554;18736)
(820;555;18736)
(820;556;18753)
(820;556;18754)
(820;557;18769)
(820;557;18769)
(820;558;18786)
(820;559;18786)
(820;560;18803)
(820;561;18803)
(820;562;18820)
(820;563;18820)
(820;563;18820)
(820;564;18837)
(820;564;18837)
(820;565;18852)
(820;565;18853)
(820;565;18870)
(820;565;18870)
(820;566;18870)
(820;566;18885)
(820;566;18886)
(820;566;18903)
(820;567;18903)
(820;569;18920)
(820;570;18921)
(819;573;18936)
(819;574;18937)
(819;575;18953)
(819;576;18953)
(819;577;18969)
(819;578;18970)
(819;578;18987)
(819;578;18987)
(819;578;19002)
(819;578;19003)
(819;578;19019)
(819;578;19020)
(819;578;19020)
(819;578;19036)
(819;578;19036)
(819;578;19052)
(819;578;19053)
(819;579;19070)
(819;579;19070)
(819;580;19086)
(820;581;19086)
(820;582;19103)
(821;584;19103)
(821;585;19120)
(821;587;19120)
(822;588;19120)
(822;589;19136)
(822;590;19136)
(822;590;19152)
(823;591;19153)
(823;591;19170)
(823;592;19171)
(823;592;19171)
(824;593;19187)
(824;594;19187)
(824;594;19203)
(824;595;19204)
(825;595;19220)
(825;596;19221)
(825;596;19236)
(825;597;19236)
(825;597;19236)
(825;597;19253)
(825;597;19253)
(825;597;19269)
(826;597;19270)
(826;597;19286)
(826;597;19286)
(826;597;19303)
(826;597;19304)
(826;597;19320)
(826;597;19320)
(826;598;19320)
(827;598;19336)
(827;598;19336)
(827;598;19353)
(828;598;19354)
(828;598;19370)
(828;598;19370)
(828;598;19386)
(828;598;19387)
(829;598;19403)
(829;598;19403)
(830;599;19419)
(831;599;19420)
(832;599;19420)
(833;600;19436)
(834;600;19437)
(834;600;19453)
(835;600;19454)
(835;601;19470)
(836;601;19470)
(836;601;19470)
(837;601;19486)
(837;601;19487)
(838;601;19503)
(838;601;19503)
(838;601;19519)
(838;601;19520)
(838;602;19536)
(838;602;19537)
(838;602;19537)
(838;602;19554)
(838;602;19554)
(838;602;19570)
(838;602;19570)
(838;602;19586)
(838;602;19586)
(838;602;19603)
(838;602;19603)
(838;602;19619)
(838;602;19620)
(838;602;19636)
(838;602;19636)
(838;602;19636)
(838;602;19653)
(838;602;19654)
(838;602;19670)
(838;602;19671)
(838;602;19687)
(838;602;19687)
(838;602;19703)
(838;602;19703)
(838;602;19720)
(838;602;19720)
(838;602;19720)
(838;601;19736)
(838;601;19737)
(838;601;19753)
(838;601;19753)
(838;601;19770)
(838;601;19770)
(838;601;19770)
(838;601;19787)
(838;601;19787)
(838;601;19802)
(838;601;19803)
(838;601;19820)
(838;601;19820)
(838;601;19836)
(838;601;19837)
(838;601;19837)
(838;601;19853)
(838;601;19853)
(838;601;19870)
(839;602;19870)
(839;602;19887)
(840;603;19887)
(841;604;19903)
(841;605;19903)
(842;606;19920)
(843;607;19921)
(844;609;19937)
(845;610;19937)
(846;612;19953)
(847;614;19953)
(848;615;19954)
(848;616;19970)
(848;617;19970)
(849;617;19988)
(849;617;19988)
(849;617;20004)
(849;618;20004)
(849;618;20020)
(849;618;20020)
(850;619;20020)
(850;620;20036)
(850;621;20037)
(851;622;20052)
(851;623;20053)
(851;623;20070)
(851;624;20071)
(851;625;20071)
(852;626;20086)
(852;627;20087)
(853;628;20103)
(853;629;20103)
(853;630;20120)
(854;630;20121)
(854;630;20136)
(854;631;20137)
(855;631;20153)
(855;632;20153)
(855;632;20170)
(856;633;20170)
(857;634;20170)
(857;634;20186)
(857;635;20187)
(857;635;20202)
(857;635;20203)
(858;636;20220)
(858;636;20220)
(858;636;20236)
(858;636;20237)
(859;637;20253)
(859;638;20254)
(860;639;20274)
(860;640;20274)
(861;641;20274)
(861;642;20291)
(862;643;20291)
(862;643;20307)
(863;644;20307)
(863;645;20307)
(864;645;20324)
(865;646;20325)
(865;647;20342)
(866;647;20342)
(866;647;20359)
(866;648;20359)
(867;648;20375)
(867;649;20375)
(867;649;20392)
(868;649;20392)
(868;650;20392)
(868;650;20408)
(869;650;20409)
(869;650;20424)
(869;651;20424)
(869;651;20441)
(870;651;20442)
(870;652;20458)
(870;652;20458)
(870;652;20475)
(871;653;20475)
(871;654;20492)
(872;654;20492)
(872;656;20492)
(872;657;20508)
(873;658;20508)
(873;658;20525)
(873;658;20526)
(873;658;20542)
(873;659;20542)
(873;659;20559)
(873;660;20559)
(872;662;20559)
(872;664;20575)
(871;665;20575)
(871;666;20591)
(870;667;20591)
(870;668;20608)
(870;670;20608)
(869;670;20608)
(869;671;20624)
(869;671;20624)
(869;672;20641)
(869;672;20642)
(869;672;20657)
(869;672;20658)
(869;672;20675)
(869;672;20675)
(869;673;20692)
(869;673;20692)
(869;673;20692)
(869;674;20708)
(869;674;20708)
(870;674;20725)
(870;674;20725)
(870;675;20741)
(871;675;20741)
(871;675;20758)
(871;675;20759)
(872;676;20774)
(873;676;20775)
(873;676;20791)
(874;676;20791)
(874;677;20791)
(875;677;20808)
(876;677;20809)
(876;677;20824)
(877;677;20824)
(877;677;20841)
(877;678;20842)
(878;678;20858)
(879;678;20859)
(879;678;20874)
(879;678;20875)
(880;678;20891)
(881;678;20891)
(881;679;20907)
(882;679;20908)
(882;679;20908)
(883;679;20925)
(883;679;20925)
(884;679;20942)
(884;679;20942)
(885;679;20959)
(885;679;20959)
(885;679;20974)
(885;679;20991)
(885;679;20991)
(885;679;21008)
(885;679;21008)
(885;679;21009)
(885;680;21025)
(885;680;21025)
(885;680;21041)
(885;680;21041)
(885;680;21058)
(885;680;21058)
(885;680;21075)
(885;680;21075)
(885;680;21091)
(885;680;21091)
(885;680;21091)
(885;680;21108)
(885;680;21109)
(885;680;21125)
(885;680;21125)
(885;680;21141)
(885;679;21141)
(885;679;21158)
(885;679;21158)
(885;678;21158)
(884;677;21174)
(883;677;21175)
(882;676;21191)
(880;674;21192)
(878;672;21209)
(876;670;21209)
(873;667;21209)
(870;664;21224)
