(106;46;0)
(106;47;833)
(107;49;848)
(108;51;849)
(109;53;866)
(110;55;866)
(110;56;882)
(111;57;882)
(112;59;882)
(112;59;898)
(112;60;898)
(113;61;915)
(113;61;915)
(113;62;932)
(113;63;932)
(114;63;948)
(114;64;949)
(114;64;966)
(114;64;966)
(114;64;966)
(114;65;982)
(114;65;982)
(114;65;998)
(115;65;998)
(115;65;1015)
(115;65;1015)
(115;66;1032)
(116;66;1032)
(116;67;1048)
(117;68;1048)
(117;69;1065)
(117;70;1065)
(118;70;1065)
(118;71;1082)
(119;72;1083)
(119;72;1098)
(120;73;1098)
(120;73;1115)
(121;74;1115)
(121;75;1115)
(121;75;1131)
(122;76;1132)
(122;77;1149)
(122;77;1149)
(123;78;1165)
(123;78;1165)
(124;79;1182)
(124;80;1182)
(125;80;1182)
(125;80;1198)
(125;81;1199)
(125;81;1215)
(125;81;1215)
(126;81;1232)
(126;82;1232)
(126;83;1249)
(127;83;1249)
(127;84;1249)
(128;85;1265)
(128;85;1265)
(129;86;1282)
(130;87;1282)
(130;88;1298)
(131;88;1299)
(131;89;1315)
(131;90;1316)
(132;90;1332)
(132;90;1332)
(132;91;1349)
(133;91;1349)
(133;92;1349)
(133;92;1365)
(133;92;1365)
(134;93;1382)
(134;93;1382)
(134;93;1399)
(134;93;1399)
(135;94;1415)
(135;95;1415)
(136;96;1415)
(136;96;1432)
(137;97;1432)
(137;98;1448)
(138;98;1449)
(138;98;1465)
(138;98;1465)
(138;99;1481)
(138;99;1482)
(139;100;1482)
(139;100;1499)
(139;101;1499)
(140;101;1514)
(140;101;1515)
(140;101;1532)
(140;101;1532)
(140;101;1549)
(140;101;1549)
(140;101;1549)
(140;102;1565)
(140;102;1566)
(140;102;1582)
(140;102;1582)
(140;102;1599)
(140;102;1599)
(141;102;1615)
(141;103;1615)
(142;104;1632)
(142;104;1632)
(143;105;1649)
(143;105;1649)
(143;106;1649)
(143;106;1665)
(143;106;1665)
(143;106;1682)
(143;106;1682)
(143;106;1699)
(143;106;1699)
(143;106;1715)
(143;106;1716)
(143;106;1716)
(143;106;1731)
(143;106;1732)
(143;106;1748)
(143;106;1748)
(143;106;1765)
(143;106;1765)
(143;106;1782)
(143;106;1782)
(143;106;1782)
(143;106;1799)
(143;106;1799)
(143;106;1815)
(143;106;1815)
(143;106;1832)
(143;106;1832)
(143;106;1849)
(143;106;1849)
(143;106;1865)
(143;106;1865)
(143;107;1865)
(142;108;1882)
(142;109;1882)
(141;110;1899)
(141;110;1899)
(141;111;1915)
(140;112;1916)
(140;113;1931)
(140;113;1932)
(140;114;1948)
(140;115;1948)
(140;115;1965)
(139;116;1965)
(139;116;1966)
(139;117;1982)
(139;117;1982)
(138;118;1998)
(138;119;1998)
(138;120;2015)
(138;120;2015)
(138;121;2015)
(138;121;2032)
(138;121;2032)
(138;121;2048)
(138;121;2048)
(138;122;2065)
(137;122;2066)
(137;123;2082)
(137;124;2082)
(136;125;2082)
(136;126;2099)
(136;127;2099)
(136;128;2115)
(136;129;2115)
(136;130;2132)
(136;130;2132)
(136;131;2149)
(136;131;2149)
(136;131;2149)
(136;132;2165)
(135;132;2165)
(135;133;2182)
(135;133;2183)
(135;135;2199)
(135;136;2199)
(135;137;2215)
(135;138;2215)
(135;139;2231)
(135;140;2232)
(135;142;2249)
(135;144;2265)
(135;145;2265)
(136;145;2265)
(136;146;2282)
(136;146;2282)
(136;147;2299)
(136;147;2299)
(136;148;2315)
(136;149;2315)
(136;150;2316)
(136;151;2332)
(136;151;2332)
(136;151;2349)
(136;151;2349)
(136;152;2366)
(136;152;2366)
(136;152;2381)
(136;152;2382)
(136;152;2382)
(136;153;2398)
(136;153;2399)
(136;153;2416)
(136;153;2416)
(136;153;2432)
(136;153;2432)
(136;153;2449)
(136;153;2449)
(136;153;2449)
(136;154;2466)
(136;154;2466)
(136;154;2482)
(136;155;2482)
(136;156;2499)
(136;157;2499)
(136;158;2515)
(136;159;2515)
(136;159;2532)
(136;159;2533)
(136;160;2548)
(136;160;2549)
(136;161;2565)
(136;161;2566)
(136;162;2566)
(136;162;2582)
(136;163;2583)
(136;163;2598)
(136;164;2599)
(136;164;2615)
(136;164;2615)
(136;164;2615)
(136;165;2632)
(136;165;2632)
(136;165;2649)
(136;165;2649)
(136;165;2665)
(136;165;2666)
(136;165;2682)
(136;165;2682)
(136;165;2682)
(136;165;2698)
(136;165;2699)
(136;166;2715)
(136;166;2716)
(136;166;2732)
(136;166;2732)
(136;166;2749)
(136;166;2749)
(136;166;2765)
(136;166;2766)
(136;166;2766)
(136;166;2782)
(136;166;2783)
(135;166;2798)
(135;167;2799)
(134;168;2815)
(132;169;2815)
(131;170;2832)
(130;171;2832)
(130;172;2849)
(129;172;2849)
(128;173;2865)
(128;173;2865)
(127;174;2865)
(126;175;2881)
(125;176;2882)
(125;176;2899)
(124;177;2899)
(123;178;2915)
(122;178;2916)
(122;178;2916)
(122;179;2932)
(122;179;2932)
(122;179;2949)
(122;179;2949)
(121;179;2965)
(121;179;2966)
(121;179;2982)
(120;180;2983)
(120;180;2998)
(119;180;2999)
(119;181;3015)
(119;181;3015)
(119;181;3032)
(119;181;3033)
(119;181;3049)
(119;181;3049)
(119;181;3066)
(119;181;3066)
(119;181;3066)
(119;181;3082)
(119;181;3083)
(119;181;3099)
(119;181;3099)
(119;181;3115)
(119;181;3115)
(119;181;3132)
(119;181;3132)
(119;181;3149)
(119;181;3149)
(119;181;3165)
(119;181;3165)
(119;181;3165)
(119;181;3182)
(119;181;3183)
(119;181;3199)
(119;181;3199)
(119;181;3215)
(120;181;3215)
(120;181;3216)
(120;181;3232)
(120;181;3232)
(120;181;3249)
(120;181;3249)
(120;181;3265)
(120;181;3266)
(120;181;3282)
(120;181;3283)
(120;181;3299)
(120;181;3299)
(120;181;3299)
(120;181;3315)
(120;181;3315)
(120;181;3332)
(120;181;3332)
(121;181;3349)
(121;181;3349)
(123;182;3366)
(124;183;3367)
(125;185;3367)
(126;185;3382)
(127;186;3383)
(128;186;3399)
(128;187;3399)
(129;187;3415)
(129;187;3416)
(129;188;3432)
(129;188;3432)
(129;188;3449)
(129;188;3449)
(129;188;3464)
(129;188;3465)
(130;188;3465)
(130;188;3482)
(130;188;3482)
(131;189;3499)
(131;189;3500)
(132;189;3516)
(132;190;3516)
(132;190;3516)
(133;190;3532)
(133;190;3532)
(133;190;3549)
(133;190;3549)
(134;191;3566)
(134;191;3566)
(134;191;3582)
(134;191;3583)
(134;191;3583)
(134;191;3599)
(134;191;3599)
(134;191;3615)
(134;191;3615)
(134;191;3632)
(134;191;3632)
(134;191;3648)
(134;191;3666)
(134;191;3666)
(134;191;3667)
(134;191;3682)
(134;191;3682)
(134;191;3699)
(134;191;3699)
(134;191;3715)
(134;191;3715)
(134;191;3732)
(134;191;3732)
(133;192;3749)
(132;192;3749)
(131;193;3749)
(129;193;3765)
(128;194;3766)
(127;194;3781)
(127;195;3781)
(126;195;3799)
(126;195;3799)
(126;195;3816)
(126;195;3816)
(126;195;3816)
(126;195;3832)
(125;195;3832)
(125;196;3849)
(125;196;3849)
(125;196;3866)
(125;196;3866)
(124;196;3882)
(124;196;3882)
(124;196;3882)
(124;196;3899)
(124;196;3899)
(124;197;3916)
(123;197;3916)
(123;197;3932)
(123;197;3932)
(123;197;3933)
(123;198;3948)
(122;198;3965)
(122;198;3966)
(122;198;3966)
(122;199;3982)
(122;199;3982)
(122;199;3999)
(122;199;4000)
(122;199;4015)
(122;199;4015)
(122;199;4032)
(121;200;4032)
(121;200;4048)
(121;200;4049)
(121;200;4066)
(121;200;4066)
(121;200;4067)
(121;200;4082)
(121;200;4083)
(121;200;4099)
(121;200;4099)
(121;200;4115)
(121;200;4115)
(121;200;4115)
(121;200;4132)
(121;200;4132)
(121;201;4149)
(121;201;4149)
(121;201;4165)
(121;201;4165)
(121;201;4182)
(121;201;4182)
(121;201;4183)
(121;201;4199)
(121;201;4199)
(121;201;4216)
(121;201;4216)
(121;201;4232)
(121;201;4232)
(121;201;4249)
(121;201;4249)
(121;201;4249)
(121;201;4264)
(121;201;4265)
(121;201;4283)
(122;201;4283)
(122;201;4299)
(123;202;4299)
(124;203;4315)
(124;203;4316)
(125;204;4332)
(126;204;4332)
(126;205;4348)
(127;205;4348)
(127;206;4349)
(128;206;4366)
(128;206;4366)
(128;207;4382)
(129;207;4382)
(129;207;4399)
(130;208;4399)
(130;208;4416)
(130;208;4416)
(131;208;4416)
(131;208;4431)
(131;209;4432)
(132;209;4449)
(132;209;4449)
(133;209;4465)
(133;209;4465)
(134;210;4483)
(134;210;4483)
(134;210;4483)
(135;210;4499)
(135;211;4500)
(136;211;4515)
(137;211;4516)
(137;211;4532)
(138;212;4532)
(138;212;4549)
(139;212;4549)
(139;212;4549)
(139;212;4564)
(139;213;4565)
(140;213;4582)
(140;213;4583)
(140;213;4599)
(140;213;4599)
(140;213;4615)
(140;213;4616)
(140;213;4632)
(140;213;4632)
(140;213;4649)
(140;213;4650)
(140;213;4650)
(140;213;4666)
(140;213;4666)
(140;213;4683)
(140;213;4683)
(140;213;4699)
(140;213;4699)
(140;213;4715)
(139;213;4715)
(139;213;4715)
(139;213;4732)
(139;213;4733)
(139;213;4749)
(138;214;4749)
(137;215;4765)
(136;215;4766)
(134;216;4766)
(133;217;4782)
(132;218;4782)
(131;219;4799)
(130;219;4799)
(129;220;4816)
(128;221;4816)
(127;221;4832)
(127;221;4832)
(126;222;4848)
(126;222;4849)
(126;222;4866)
(126;222;4866)
(126;222;4866)
(126;222;4882)
(126;222;4883)
(126;222;4899)
(126;222;4900)
(126;222;4915)
(126;222;4915)
(126;222;4932)
(126;222;4932)
(126;223;4949)
(126;223;4949)
(126;223;4949)
(125;223;4965)
(125;223;4966)
(125;223;4983)
(125;223;4983)
(125;223;4999)
(125;223;4999)
(125;223;5016)
(125;223;5016)
(125;223;5016)
(125;223;5032)
(125;223;5032)
(125;223;5048)
(125;223;5048)
(125;223;5066)
(124;224;5066)
(124;224;5081)
(124;224;5082)
(124;224;5082)
(124;224;5098)
(124;224;5099)
(124;224;5115)
(124;224;5115)
(124;224;5132)
(123;224;5133)
(123;225;5133)
(123;225;5148)
(123;225;5165)
(123;225;5165)
(123;225;5165)
(123;225;5181)
(123;225;5182)
(123;225;5199)
(123;226;5199)
(122;226;5215)
(122;227;5215)
(122;227;5232)
(122;227;5232)
(122;228;5249)
(122;228;5249)
(122;228;5249)
(122;228;5265)
(121;229;5266)
(121;229;5283)
(121;230;5283)
(121;230;5298)
(121;231;5299)
(121;232;5315)
(120;233;5316)
(120;234;5316)
(120;236;5332)
(120;237;5332)
(120;238;5349)
(120;239;5349)
(120;239;5366)
(120;240;5366)
(120;240;5382)
(120;241;5382)
(120;241;5382)
(120;241;5399)
(120;242;5399)
(120;242;5415)
(120;242;5415)
(119;243;5432)
(119;244;5432)
(119;245;5449)
(119;246;5450)
(119;247;5450)
(119;248;5465)
(119;249;5466)
(119;250;5482)
(119;251;5483)
(119;251;5499)
(119;251;5499)
(119;251;5515)
(118;251;5516)
(118;251;5532)
(118;251;5533)
(118;251;5533)
(118;252;5549)
(118;252;5549)
(118;252;5565)
(118;252;5566)
(118;253;5582)
(118;254;5583)
(117;254;5599)
(117;255;5599)
(117;256;5615)
(117;257;5615)
(117;257;5615)
(116;258;5632)
(116;258;5632)
(116;259;5649)
(116;259;5649)
(116;259;5666)
(116;259;5666)
(116;259;5682)
(116;259;5682)
(115;260;5699)
(115;260;5700)
(115;261;5716)
(115;261;5716)
(115;262;5732)
(115;262;5732)
(115;262;5749)
(115;262;5749)
(115;262;5750)
(115;262;5766)
(115;262;5766)
(114;262;5783)
(114;262;5783)
(114;262;5799)
(114;262;5799)
(114;263;5816)
(114;263;5816)
(114;263;5832)
(114;263;5849)
(114;263;5849)
(114;263;5849)
(114;263;5865)
(114;264;5865)
(114;264;5882)
(114;264;5883)
(114;264;5898)
(114;264;5899)
(114;264;5916)
(114;264;5916)
(114;264;5916)
(114;264;5933)
(114;264;5933)
(114;264;5949)
(114;264;5949)
(114;264;5966)
(114;264;5966)
(114;264;5982)
(114;264;5982)
(114;264;5982)
(114;264;5999)
(114;264;5999)
(114;264;6015)
(114;264;6015)
(114;264;6032)
(114;264;6032)
(114;264;6048)
(114;264;6049)
(114;264;6049)
(114;264;6066)
(114;264;6066)
(114;264;6082)
(114;264;6082)
(114;264;6099)
(114;264;6100)
(114;264;6115)
(114;264;6115)
(114;264;6132)
(114;264;6132)
(114;264;6148)
(114;264;6149)
(114;264;6149)
(114;264;6165)
(114;264;6166)
(114;264;6182)
(114;264;6183)
(114;264;6199)
(114;264;6199)
(114;264;6216)
(114;264;6216)
(114;264;6216)
(114;264;6232)
(114;264;6233)
(114;264;6249)
(114;264;6250)
(114;264;6265)
(114;264;6266)
(114;264;6283)
(114;264;6283)
(114;264;6283)
(114;264;6299)
(114;264;6299)
(114;264;6316)
(114;264;6316)
(114;264;6332)
(114;264;6333)
(114;264;6333)
(114;264;6349)
(114;264;6350)
(114;264;6366)
(114;264;6366)
(114;264;6383)
(114;264;6383)
(114;264;6399)
(114;264;6415)
(114;264;6416)
(114;264;6432)
(114;264;6433)
(114;264;6450)
(114;264;6450)
(114;264;6450)
(114;264;6466)
(114;264;6466)
(114;264;6482)
(114;264;6482)
(114;264;6500)
(114;264;6500)
(114;264;6515)
(114;264;6515)
(114;264;6516)
(114;264;6533)
(114;264;6533)
(114;264;6550)
(114;264;6550)
(114;264;6566)
(114;264;6566)
(114;264;6566)
(114;264;6583)
(114;264;6583)
(114;264;6600)
(114;264;6600)
(114;264;6615)
(114;264;6616)
(114;264;6632)
(114;264;6632)
(114;264;6650)
(114;264;6650)
(114;264;6650)
(114;264;6665)
(114;264;6665)
(114;264;6682)
(114;264;6682)
(114;264;6699)
(114;264;6700)
(114;264;6715)
(114;264;6716)
(114;264;6732)
(114;264;6733)
(114;264;6749)
(114;264;6749)
(114;264;6749)
(114;264;6766)
(114;264;6767)
(114;264;6783)
(114;264;6783)
(114;264;6799)
(114;264;6800)
(114;264;6816)
(114;264;6816)
(114;264;6816)
(114;264;6833)
(114;264;6833)
(114;264;6849)
(114;264;6849)
(114;264;6865)
(114;264;6866)
(114;264;6883)
(114;264;6883)
(114;264;6899)
(114;264;6899)
(114;264;6915)
(114;264;6916)
(114;264;6932)
(114;264;6933)
(114;264;6933)
(114;264;6949)
(114;264;6950)
(114;264;6966)
(114;264;6967)
(114;264;6982)
(114;264;6982)
(114;264;6999)
(114;264;7000)
(114;264;7016)
(114;264;7016)
(114;264;7032)
(114;264;7033)
(114;264;7049)
(114;264;7049)
(114;264;7050)
(114;264;7065)
(114;264;7066)
(114;264;7083)
(114;264;7083)
(114;264;7099)
(114;264;7099)
(114;264;7115)
(114;264;7115)
(114;264;7115)
(114;264;7132)
(114;264;7132)
(114;264;7150)
(114;264;7150)
(114;264;7166)
(114;264;7166)
(114;264;7182)
(114;264;7183)
(114;264;7183)
(114;264;7199)
(114;264;7199)
(114;264;7215)
(114;264;7216)
(114;264;7233)
(114;264;7233)
(114;264;7233)
(114;264;7248)
(114;264;7249)
(114;264;7265)
(114;264;7265)
(114;264;7282)
(114;264;7283)
(114;264;7299)
(114;264;7300)
(114;264;7315)
(114;264;7315)
(114;264;7332)
(114;264;7332)
(114;264;7349)
(114;264;7350)
(114;264;7350)
(114;264;7366)
(114;264;7366)
(114;264;7382)
(114;264;7382)
(114;264;7399)
(114;264;7399)
(114;264;7416)
(114;264;7416)
(114;264;7416)
(114;264;7432)
(114;264;7433)
(114;264;7449)
(114;264;7449)
(114;264;7466)
(114;264;7466)
(114;264;7482)
(114;264;7483)
(114;264;7499)
(114;264;7500)
(114;264;7515)
(114;264;7516)
(114;264;7533)
(114;264;7533)
(114;264;7548)
(114;264;7549)
(114;264;7549)
(114;264;7566)
(114;264;7566)
(114;264;7582)
(114;264;7583)
(114;265;7600)
(114;265;7615)
(115;265;7616)
(115;265;7632)
(116;266;7632)
(116;266;7648)
(117;267;7649)
(118;268;7666)
(119;268;7666)
(120;269;7666)
(121;270;7683)
(121;270;7684)
(122;271;7699)
(122;271;7699)
(122;271;7716)
(122;271;7716)
(123;271;7716)
(123;272;7732)
(123;272;7732)
(124;272;7749)
(124;272;7768)
(124;272;7769)
(125;272;7769)
(125;273;7785)
(125;273;7786)
(126;273;7803)
(126;274;7803)
(127;274;7819)
(127;275;7820)
(127;275;7836)
(128;275;7836)
(128;276;7836)
(128;276;7852)
(129;276;7852)
(129;277;7869)
(130;277;7870)
(130;278;7885)
(131;278;7885)
(132;279;7885)
(132;280;7901)
(133;281;7902)
(134;281;7920)
(134;282;7920)
(135;282;7936)
(136;283;7936)
(136;283;7952)
(136;284;7952)
(137;284;7953)
(137;284;7969)
(137;284;7969)
(137;284;7987)
(137;284;7987)
(137;284;8002)
(137;284;8003)
(137;284;8019)
(137;284;8019)
(137;284;8035)
(137;284;8036)
(137;284;8052)
(137;284;8052)
(137;284;8069)
(137;284;8069)
(137;284;8069)
(137;284;8086)
(137;284;8086)
(137;284;8101)
(137;284;8102)
(136;284;8119)
(136;284;8119)
(136;284;8136)
(136;284;8136)
(135;285;8136)
(134;285;8153)
(133;285;8153)
(132;285;8168)
(132;286;8169)
(131;286;8186)
(131;286;8186)
(130;286;8186)
(130;286;8202)
(130;286;8203)
(130;286;8220)
(130;286;8220)
(130;287;8235)
(129;287;8235)
(129;287;8252)
(128;287;8252)
(127;287;8268)
(127;288;8269)
(126;288;8269)
(125;288;8285)
(125;288;8285)
(124;289;8302)
(123;289;8302)
(122;290;8320)
(121;290;8320)
(120;290;8336)
(120;290;8336)
(119;291;8352)
(119;291;8353)
(119;291;8369)
(119;291;8369)
(119;291;8386)
(119;291;8386)
(119;291;8386)
(119;291;8403)
(119;291;8403)
(119;291;8418)
(118;291;8419)
(118;291;8436)
(118;291;8436)
(118;291;8436)
(118;291;8453)
(118;292;8453)
(118;292;8469)
(118;292;8469)
(117;292;8486)
(117;293;8487)
(116;294;8487)
(116;294;8502)
(116;294;8503)
(115;295;8519)
(115;296;8520)
(114;297;8536)
(114;297;8536)
(113;298;8552)
(113;298;8552)
(113;298;8568)
(113;298;8568)
(113;298;8568)
(113;298;8585)
(113;298;8586)
(113;299;8602)
(112;299;8602)
(111;299;8619)
(111;300;8619)
(110;301;8635)
(109;301;8635)
(109;302;8652)
(108;302;8652)
(107;303;8653)
(106;303;8669)
(106;303;8669)
(106;304;8686)
(106;304;8686)
(105;304;8702)
(105;304;8702)
(105;304;8718)
(105;304;8719)
(105;304;8735)
(105;304;8735)
(105;304;8735)
(105;304;8752)
(105;304;8752)
(104;304;8769)
(104;304;8769)
(104;304;8785)
(104;304;8786)
(104;304;8802)
(104;304;8803)
(104;304;8803)
(104;304;8818)
(104;304;8818)
(104;304;8836)
(104;304;8836)
(104;304;8852)
(104;304;8853)
(104;304;8853)
(104;304;8869)
(104;304;8869)
(104;304;8885)
(104;304;8885)
(104;304;8902)
(104;304;8902)
(104;304;8918)
(104;304;8918)
(104;304;8935)
(104;303;8935)
(103;303;8952)
(103;302;8952)
(102;302;8968)
(102;301;8968)
(101;300;8986)
(101;300;8986)
(100;299;8986)
(100;299;9002)
(100;299;9003)
(100;299;9018)
(100;299;9018)
(99;298;9035)
(99;298;9036)
(98;297;9036)
(97;295;9052)
(96;294;9052)
(94;293;9069)
(93;291;9069)
(93;291;9085)
(92;290;9085)
(92;289;9102)
(91;289;9102)
(91;288;9102)
(91;288;9118)
(91;288;9118)
(91;288;9135)
(91;288;9135)
(91;288;9152)
(91;288;9152)
(90;288;9168)
(90;287;9168)
(90;287;9168)
(89;286;9185)
(89;285;9186)
(88;284;9202)
(88;283;9202)
(88;283;9219)
(88;283;9219)
(88;283;9235)
(87;282;9235)
(87;282;9252)
(87;281;9252)
(86;281;9269)
(86;280;9269)
(86;280;9269)
(86;280;9285)
(85;280;9286)
(85;280;9302)
(85;280;9302)
(85;279;9319)
(85;279;9319)
(85;279;9336)
(85;279;9336)
(85;279;9352)
(85;279;9352)
(85;278;9368)
(85;278;9369)
(85;278;9385)
(85;278;9385)
(85;278;9402)
(85;278;9403)
(85;278;9403)
(85;278;9419)
(85;277;9419)
(84;277;9435)
(84;277;9436)
(84;276;9452)
(83;276;9452)
(83;276;9469)
(83;276;9469)
(83;275;9469)
(82;275;9485)
(82;275;9485)
(82;275;9502)
(81;275;9502)
(80;274;9519)
(80;274;9519)
(79;274;9535)
(79;274;9536)
(79;274;9552)
(79;274;9552)
(79;274;9552)
(78;274;9569)
(78;274;9569)
(78;274;9585)
(78;274;9585)
(78;274;9602)
(78;274;9602)
(78;274;9619)
(78;274;9619)
(78;274;9635)
(78;274;9635)
(78;274;9663)
(78;274;9663)
(78;274;9680)
(78;273;9680)
(78;273;9697)
(78;273;9697)
(77;273;9697)
(77;273;9714)
(77;273;9715)
(77;273;9731)
(76;273;9731)
(76;272;9747)
(75;272;9747)
(74;272;9748)
(73;272;9763)
(73;271;9763)
(72;271;9781)
(71;271;9781)
(71;271;9798)
(70;270;9798)
(70;270;9814)
(70;270;9814)
(69;270;9814)
(69;270;9830)
(69;270;9830)
(69;269;9847)
(68;269;9847)
(68;269;9863)
(68;269;9864)
(67;269;9881)
(67;269;9881)
(66;268;9881)
(65;268;9897)
(65;268;9897)
(64;267;9914)
(63;267;9914)
(63;267;9930)
(63;267;9931)
(63;267;9947)
(63;267;9947)
(63;267;9964)
(63;267;9964)
(62;267;9965)
(62;267;9981)
(62;267;9981)
(62;266;9997)
(62;266;9997)
(62;266;10013)
(62;266;10014)
(62;266;10030)
(62;266;10030)
(62;266;10047)
(62;266;10047)
(62;266;10064)
(62;266;10064)
(62;266;10081)
(62;266;10081)
(62;266;10097)
(62;266;10097)
(62;266;10114)
(62;266;10114)
(62;266;10114)
(62;266;10130)
(62;266;10130)
(62;265;10147)
(61;265;10147)
(61;265;10163)
(60;264;10164)
(60;264;10181)
(59;263;10181)
(58;263;10181)
(58;262;10197)
(57;261;10198)
(57;261;10214)
(56;260;10214)
(56;260;10231)
(56;260;10231)
(55;259;10247)
(55;259;10247)
(55;259;10264)
(55;259;10264)
(55;259;10280)
(55;259;10281)
(55;259;10297)
(55;259;10297)
(55;259;10297)
(55;259;10314)
(55;259;10315)
(55;259;10330)
(55;259;10330)
(55;259;10347)
(55;259;10347)
(55;259;10347)
(55;259;10364)
(55;259;10365)
(55;259;10380)
(55;259;10381)
(55;259;10398)
(55;259;10398)
(55;259;10414)
(55;259;10414)
(55;259;10414)
(55;259;10430)
(55;259;10430)
(55;260;10448)
(55;260;10448)
(55;260;10463)
(55;260;10464)
(55;260;10480)
(54;261;10481)
(54;261;10481)
(54;261;10497)
(54;262;10498)
(53;262;10513)
(53;262;10514)
(53;262;10530)
(53;263;10530)
(52;263;10547)
(52;264;10548)
(51;264;10564)
(51;264;10564)
(51;265;10580)
(51;265;10580)
(50;265;10597)
(50;266;10598)
(50;266;10598)
(49;266;10614)
(49;266;10614)
(49;267;10631)
(49;267;10631)
(49;267;10647)
(49;267;10648)
(49;267;10648)
(49;267;10664)
(49;267;10664)
(49;267;10680)
(49;267;10681)
(48;267;10697)
(48;267;10697)
(48;267;10714)
(48;267;10714)
(48;267;10714)
(48;267;10730)
(48;267;10730)
(48;267;10747)
(48;267;10747)
(47;267;10764)
(47;267;10764)
(47;267;10781)
(47;267;10781)
(47;267;10781)
(46;267;10797)
(46;267;10797)
(46;267;10814)
(46;267;10814)
(46;267;10831)
(46;267;10831)
(45;267;10847)
(45;267;10847)
(44;267;10863)
(44;267;10864)
(43;267;10880)
(42;267;10881)
(41;267;10881)
(41;267;10898)
(40;266;10898)
(39;266;10914)
(38;266;10914)
(37;266;10930)
(37;266;10930)
(36;266;10947)
(35;265;10947)
(34;265;10947)
(33;265;10964)
(32;265;10964)
(31;264;10980)
(29;264;10980)
(28;264;10997)
(27;263;10997)
(26;263;11014)
(25;263;11014)
(24;263;11014)
(23;262;11030)
(23;262;11030)
(22;262;11047)
(21;261;11047)
(21;261;11064)
(20;261;11065)
(20;261;11065)
(20;261;11081)
(20;261;11081)
(20;261;11097)
(20;261;11097)
(20;261;11114)
(20;261;11114)
(20;261;11130)
(20;261;11130)
(20;261;11147)
(20;261;11147)
(20;261;11163)
(20;261;11164)
(20;261;11181)
(20;261;11181)
(20;261;11181)
(20;261;11197)
(20;261;11198)
(20;261;11214)
(20;261;11214)
(20;261;11230)
(20;261;11230)
(20;261;11247)
(19;261;11247)
(19;261;11248)
(19;261;11281)
(19;261;11281)
(19;261;11298)
(19;261;11298)
(19;261;11314)
(19;261;11315)
(19;261;11315)
(18;262;11331)
(18;262;11332)
(17;262;11348)
(17;263;11348)
(16;263;11365)
(15;263;11365)
(15;264;11365)
(15;264;11381)
(14;264;11382)
(14;265;11416)
(13;265;11416)
(13;265;11416)
(13;265;11416)
(12;266;11432)
(12;266;11433)
(12;266;11449)
(11;266;11449)
(11;266;11450)
(11;266;11466)
(10;266;11466)
(9;266;11482)
(9;267;11483)
(8;267;11500)
(7;267;11500)
(6;267;11516)
(5;267;11516)
(5;267;11533)
(4;267;11534)
(3;267;11534)
(2;266;11549)
(1;266;11550)
(0;266;11566)
(0;266;11566)
(-1;266;11583)
(-2;265;11583)
(-3;265;11599)
(-5;265;11599)
(-5;264;11616)
(-6;264;11616)
(-7;264;11616)
(-8;264;11632)
(-9;263;11632)
(-9;263;11649)
(-10;263;11649)
(-11;263;11667)
(-11;263;11667)
(-11;262;11667)
(-12;262;11683)
(-12;262;11683)
(-12;262;11699)
(-12;262;11699)
(-12;262;11715)
(-12;262;11715)
(-12;262;11732)
(-12;262;11732)
(-12;262;11749)
(-12;262;11750)
(-12;262;11750)
(-12;262;11766)
(-12;262;11767)
(-12;262;11783)
(-12;262;11784)
(-12;262;11800)
(-12;262;11800)
(-12;262;11816)
(-12;262;11816)
(-12;262;11833)
(-12;262;11833)
(-12;262;11849)
(-12;262;11850)
(-12;262;11850)
(-12;262;11866)
(-12;262;11867)
(-12;262;11883)
(-12;262;11883)
(-12;262;11900)
(-12;262;11900)
(-12;262;11916)
(-12;262;11916)
(-12;262;11916)
(-12;262;11932)
(-12;262;11933)
(-12;262;11949)
(-12;262;11950)
(-12;262;11966)
(-12;262;11966)
(-12;262;11966)
(-12;262;11983)
(-12;262;11983)
(-12;262;11999)
(-12;262;12000)
(-12;262;12017)
(-12;262;12017)
(-12;262;12033)
(-12;262;12033)
(-12;262;12049)
(-12;262;12049)
(-12;262;12067)
(-12;262;12067)
(-12;262;12067)
(-12;262;12082)
(-12;262;12082)
(-12;262;12099)
(-12;262;12100)
(-12;262;12116)
(-12;262;12116)
(-12;262;12132)
(-12;262;12132)
(-12;262;12150)
(-12;262;12150)
(-12;262;12150)
(-12;262;12167)
(-12;262;12167)
(-12;262;12183)
(-12;262;12183)
(-12;262;12200)
(-12;262;12200)
(-12;262;12216)
(-12;262;12216)
(-12;262;12216)
(-12;262;12232)
(-12;262;12232)
(-12;262;12249)
(-12;262;12270)
(-12;262;12270)
(-12;262;12287)
(-12;262;12288)
(-12;262;12304)
(-12;262;12304)
(-12;262;12320)
(-12;262;12321)
(-12;262;12321)
(-12;262;12338)
(-12;262;12338)
(-12;262;12354)
(-12;262;12354)
(-12;262;12370)
(-12;262;12371)
(-12;262;12387)
(-12;262;12388)
(-12;262;12388)
(-12;262;12404)
(-12;262;12404)
(-12;262;12421)
(-12;262;12421)
(-12;262;12437)
(-12;262;12437)
(-12;262;12454)
(-12;262;12454)
(-12;262;12455)
(-12;262;12471)
(-12;262;12472)
(-12;262;12487)
(-12;262;12487)
(-12;262;12504)
(-12;262;12504)
(-12;262;12520)
(-12;262;12521)
(-12;262;12521)
(-12;262;12537)
(-12;262;12537)
(-12;262;12554)
(-12;262;12554)
(-12;262;12571)
(-12;262;12571)
(-12;262;12587)
(-12;262;12587)
(-12;262;12604)
(-12;262;12604)
(-12;262;12620)
(-12;262;12620)
(-12;262;12637)
(-12;262;12637)
(-12;262;12637)
(-12;262;12653)
(-12;262;12653)
(-12;262;12670)
(-12;262;12670)
(-12;262;12687)
(-12;262;12687)
(-12;262;12687)
(-12;262;12703)
(-12;262;12704)
(-12;262;12721)
(-11;263;12721)
(-11;263;12737)
(-10;264;12738)
(-9;265;12754)
(-8;266;12754)
(-7;267;12754)
(-6;268;12771)
(-6;269;12771)
(-5;270;12787)
(-4;270;12787)
(-4;271;12803)
(-3;271;12804)
(-3;272;12821)
(-2;272;12821)
(-2;272;12821)
(-2;272;12837)
(-2;272;12837)
(-1;273;12853)
(-1;273;12854)
(-1;273;12870)
(-1;273;12870)
(0;273;12887)
(0;274;12887)
(0;274;12903)
(0;274;12903)
(0;275;12921)
(1;275;12921)
(1;275;12921)
(2;275;12937)
(2;276;12937)
(3;276;12954)
(3;276;12954)
(4;277;12970)
(5;277;12970)
(5;278;12988)
(6;278;12988)
(8;279;12988)
(8;279;13003)
(9;279;13004)
(10;280;13021)
(10;280;13021)
(10;280;13037)
(10;280;13037)
(10;280;13053)
(10;280;13053)
(10;280;13054)
(10;280;13070)
(10;280;13070)
(10;280;13087)
(10;280;13087)
(10;280;13103)
(10;280;13104)
(10;280;13120)
(10;280;13120)
(10;280;13137)
(10;280;13137)
(10;280;13138)
(10;280;13153)
(10;280;13154)
(10;280;13170)
(10;280;13170)
(10;280;13187)
(10;280;13188)
(10;280;13203)
(10;280;13203)
(10;280;13221)
(10;280;13221)
(10;280;13221)
(10;280;13237)
(10;280;13238)
(10;280;13254)
(10;280;13254)
(10;280;13270)
(10;280;13270)
(10;280;13287)
(10;280;13287)
(10;280;13287)
(10;280;13303)
(10;280;13303)
(10;280;13320)
(10;280;13320)
(10;280;13337)
(10;280;13337)
(10;280;13354)
(10;280;13355)
(10;280;13355)
(10;280;13371)
(10;280;13371)
(10;280;13387)
(10;280;13387)
(10;280;13404)
(10;280;13404)
(10;280;13404)
(10;280;13420)
(10;280;13420)
(10;280;13437)
(10;280;13437)
(10;280;13454)
(10;280;13454)
(10;280;13476)
(10;280;13512)
(10;280;13512)
(10;280;13512)
(10;280;13528)
(10;280;13528)
(10;280;13544)
(10;280;13562)
(10;280;13578)
(10;280;13578)
(10;280;13578)
(10;280;13595)
(10;280;13595)
(10;280;13596)
(10;280;13611)
(10;280;13627)
(10;280;13645)
(10;280;13646)
(10;280;13646)
(10;280;13646)
(10;280;13678)
(10;280;13679)
(10;280;13695)
(10;280;13695)
(10;280;13712)
(10;280;13712)
(10;280;13728)
(10;280;13728)
(10;280;13729)
(10;280;13745)
(10;280;13745)
(10;280;13761)
(10;280;13762)
(10;280;13778)
(10;280;13779)
(10;280;13794)
(10;280;13795)
(10;280;13811)
(10;280;13812)
(10;280;13828)
(10;280;13829)
(10;280;13829)
(10;280;13844)
(10;280;13845)
(10;280;13862)
(10;280;13862)
(10;280;13878)
(10;280;13878)
(10;280;13895)
(10;280;13896)
(10;280;13896)
(10;280;13911)
(10;280;13911)
(10;280;13928)
(10;280;13928)
(10;280;13945)
(10;280;13945)
(10;280;13945)
(10;280;13962)
(10;280;13963)
(10;280;13979)
(10;280;13979)
(10;280;13995)
(10;280;13996)
(10;280;14012)
(10;280;14013)
(10;280;14013)
(10;280;14028)
(10;280;14028)
(10;280;14045)
(10;280;14045)
(10;280;14062)
(10;280;14063)
(10;280;14078)
(10;280;14078)
(10;280;14095)
(10;280;14096)
(10;280;14112)
(10;280;14112)
(10;280;14128)
(10;280;14128)
(10;280;14128)
(10;280;14145)
(10;280;14145)
(10;280;14162)
(10;280;14162)
(10;280;14178)
(10;280;14179)
(10;280;14195)
(10;280;14195)
(10;280;14212)
(10;280;14212)
(10;280;14229)
(10;280;14229)
(10;280;14245)
(10;280;14245)
(10;280;14245)
(10;280;14262)
(10;280;14262)
(10;280;14278)
(10;280;14278)
(10;280;14295)
(10;280;14295)
(10;280;14311)
(10;280;14312)
(11;280;14328)
(11;280;14328)
(11;280;14344)
(12;281;14345)
(13;281;14345)
(13;282;14362)
(14;282;14362)
(15;283;14379)
(15;283;14379)
(16;283;14395)
(16;284;14395)
(16;284;14412)
(17;284;14412)
(17;284;14428)
(17;284;14428)
(18;285;14428)
(19;285;14445)
(19;285;14446)
(20;286;14461)
(21;286;14462)
(21;287;14479)
(22;287;14479)
(22;287;14495)
(23;288;14495)
(23;288;14495)
(24;289;14512)
(24;289;14512)
(25;289;14529)
(25;289;14529)
(25;290;14545)
(25;290;14545)
(25;290;14545)
(25;290;14561)
(25;290;14562)
(25;290;14578)
(25;290;14578)
(25;290;14595)
(25;290;14595)
(25;290;14612)
(25;290;14612)
(25;290;14628)
(25;290;14628)
(25;290;14644)
(25;291;14644)
(25;291;14661)
(26;291;14662)
(26;291;14662)
(26;291;14679)
(26;291;14679)
(26;291;14695)
(26;291;14695)
(26;291;14712)
(26;291;14712)
(27;291;14727)
(27;291;14728)
(27;291;14728)
(28;292;14744)
(29;292;14745)
(29;292;14762)
(30;293;14762)
(31;293;14778)
(32;294;14779)
(33;294;14795)
(33;294;14795)
(33;294;14795)
(34;295;14811)
(34;295;14811)
(35;295;14828)
(35;295;14829)
(35;295;14845)
(35;295;14845)
(36;295;14845)
(36;295;14861)
(36;295;14879)
(36;295;14879)
(36;295;14879)
(36;295;14895)
(36;295;14895)
(36;295;14912)
(36;295;14912)
(36;295;14929)
(36;295;14929)
(36;295;14929)
(36;295;14945)
(36;295;14946)
(36;295;14962)
(37;295;14962)
(37;295;14979)
(37;295;14979)
(37;295;14995)
(37;294;14995)
(37;294;15012)
(38;294;15012)
(38;294;15028)
(38;293;15029)
(39;292;15029)
(40;291;15045)
(41;290;15045)
(41;289;15061)
(42;288;15062)
(43;287;15078)
(44;286;15078)
(44;286;15094)
(45;286;15094)
(45;286;15112)
(45;285;15112)
(45;285;15128)
(45;285;15128)
(45;285;15144)
(45;285;15144)
(46;285;15161)
(47;284;15161)
(48;283;15162)
(49;283;15178)
(49;282;15178)
(50;282;15194)
(50;281;15194)
(51;281;15211)
(51;281;15211)
(51;281;15228)
(52;281;15228)
(52;281;15228)
(52;281;15245)
(52;281;15245)
(52;281;15261)
(52;281;15261)
(52;281;15278)
(52;281;15278)
(52;281;15294)
(52;281;15295)
(52;281;15311)
(52;281;15312)
(52;281;15328)
(52;281;15328)
(52;281;15328)
(52;281;15345)
(52;281;15345)
(52;281;15361)
(52;281;15361)
(52;281;15378)
(52;281;15379)
(52;281;15394)
(52;281;15395)
(52;281;15411)
(53;281;15411)
(54;281;15428)
(54;281;15429)
(55;281;15445)
(55;281;15445)
(55;281;15445)
(56;281;15461)
(56;281;15461)
(56;281;15478)
(57;281;15478)
(57;281;15494)
(58;282;15494)
(58;282;15511)
(58;282;15511)
(59;282;15528)
(59;283;15528)
(60;283;15544)
(60;283;15545)
(61;284;15545)
(62;285;15561)
(63;286;15561)
(63;287;15577)
(64;287;15578)
(64;288;15594)
(65;289;15595)
(65;289;15611)
(65;289;15612)
(65;290;15628)
(65;290;15629)
(66;290;15629)
(66;290;15644)
(66;291;15644)
(67;291;15661)
(67;292;15661)
(68;293;15678)
(68;293;15678)
(69;294;15694)
(69;294;15695)
(70;294;15712)
(70;295;15712)
(71;295;15728)
(71;296;15728)
(72;296;15744)
(72;296;15745)
(72;296;15745)
(73;296;15762)
(73;296;15762)
(73;297;15777)
(74;297;15778)
(75;297;15795)
(75;298;15795)
(76;298;15811)
(77;298;15812)
(78;298;15828)
(79;299;15828)
(80;299;15845)
(80;299;15845)
(81;300;15845)
(82;300;15861)
(82;300;15861)
(83;300;15878)
(83;300;15878)
(83;300;15894)
(83;300;15894)
(83;300;15911)
(83;300;15912)
(83;300;15928)
(83;301;15929)
(83;301;15929)
(83;301;15945)
(83;301;15945)
(83;301;15961)
(84;301;15978)
(84;301;15978)
(84;301;15979)
(84;301;15995)
(84;302;15995)
(85;302;15995)
(85;303;16011)
(86;304;16012)
(87;304;16028)
(87;305;16029)
(88;306;16045)
(89;307;16045)
(89;307;16045)
(89;308;16061)
(90;308;16062)
(90;309;16078)
(90;309;16078)
(91;310;16095)
(91;310;16095)
(91;311;16111)
(92;311;16112)
(92;312;16128)
(92;313;16129)
(93;313;16129)
(93;314;16144)
(93;314;16145)
(93;315;16161)
(93;315;16161)
(94;316;16178)
(94;316;16179)
(94;317;16195)
(95;317;16195)
(96;319;16211)
(97;321;16246)
(97;322;16246)
(97;322;16246)
(97;322;16261)
(97;322;16261)
(97;322;16278)
(97;322;16279)
(97;322;16294)
(97;322;16294)
(98;322;16295)
(98;322;16312)
(98;322;16312)
(98;322;16328)
(98;322;16329)
(98;322;16345)
(98;322;16345)
(98;322;16345)
(98;322;16362)
(98;322;16362)
(98;322;16378)
(98;322;16378)
(98;322;16394)
(98;322;16395)
(98;322;16411)
(98;322;16428)
(98;322;16428)
(98;322;16445)
(98;322;16445)
(98;322;16445)
(98;322;16461)
(99;322;16462)
(100;322;16479)
(101;321;16479)
(102;321;16494)
(102;321;16495)
(103;321;16511)
(103;321;16511)
(104;321;16528)
(104;321;16529)
(105;321;16529)
(105;320;16545)
(106;320;16545)
(106;320;16561)
(107;320;16561)
(107;320;16578)
(107;320;16578)
(107;320;16595)
(107;320;16596)
(107;320;16596)
(108;320;16611)
(108;320;16611)
(108;320;16629)
(109;320;16629)
(110;320;16644)
(110;320;16645)
(111;320;16645)
(111;320;16661)
(111;320;16678)
(111;320;16679)
(111;320;16679)
(111;319;16695)
(111;319;16696)
(111;319;16711)
(111;319;16711)
(111;319;16728)
(111;319;16729)
(111;319;16729)
(111;319;16745)
(111;319;16745)
(112;319;16762)
(112;319;16762)
(112;319;16779)
(113;319;16779)
(113;319;16794)
(113;319;16795)
(113;319;16811)
(113;319;16812)
(114;319;16829)
(114;319;16829)
(114;319;16829)
(114;319;16845)
(114;319;16845)
(114;319;16861)
(115;319;16862)
(115;319;16878)
(115;319;16878)
(115;319;16895)
(116;319;16895)
(116;319;16895)
(116;319;16911)
(116;319;16912)
(116;319;16929)
(116;319;16929)
(117;319;16945)
(117;319;16945)
(117;320;16945)
(117;320;16962)
(118;320;16963)
(118;321;16978)
(119;321;16978)
(119;322;16995)
(119;322;16995)
(119;322;17011)
(120;322;17011)
(120;322;17029)
(120;322;17029)
(120;322;17029)
(120;323;17045)
(121;323;17045)
(121;323;17061)
(121;323;17062)
(121;324;17079)
(121;324;17079)
(122;324;17095)
(122;325;17095)
(122;325;17111)
(123;326;17112)
(123;326;17128)
(124;327;17129)
(124;327;17129)
(124;328;17146)
(124;328;17146)
(125;328;17161)
(125;328;17161)
(125;328;17178)
(125;328;17179)
(125;329;17194)
(125;329;17195)
(126;330;17195)
(126;330;17211)
(126;331;17212)
(127;332;17228)
(127;333;17228)
(128;333;17244)
(128;334;17245)
(128;334;17245)
(129;335;17262)
(129;335;17262)
(129;335;17278)
(129;335;17279)
(129;335;17295)
(129;335;17295)
(129;335;17311)
(129;335;17312)
(129;335;17328)
(129;335;17328)
(129;335;17345)
(129;335;17346)
(129;335;17346)
(129;335;17362)
(129;335;17362)
(129;335;17378)
(129;336;17379)
(129;336;17395)
(129;337;17412)
(130;338;17412)
(130;339;17429)
(130;340;17429)
(131;341;17429)
(131;342;17446)
(132;343;17446)
(132;345;17461)
(133;346;17462)
(133;346;17478)
(133;347;17479)
(133;347;17494)
(133;347;17495)
(133;347;17512)
(133;347;17546)
(133;347;17546)
(133;347;17546)
(133;347;17562)
(133;347;17562)
(133;347;17562)
(134;347;17578)
(134;347;17579)
(134;347;17595)
(134;348;17595)
(135;348;17612)
(135;348;17612)
(136;348;17629)
(136;348;17629)
(137;349;17645)
(138;349;17645)
(139;349;17662)
(140;349;17662)
(141;350;17678)
(142;350;17696)
(142;350;17696)
(142;350;17711)
(142;350;17712)
(142;350;17729)
(142;350;17729)
(142;350;17729)
(142;350;17745)
(142;350;17745)
(142;350;17761)
(143;350;17762)
(143;350;17779)
(143;350;17779)
(143;350;17795)
(143;350;17795)
(143;350;17795)
(143;350;17812)
(143;350;17813)
(143;350;17828)
(143;350;17828)
(143;350;17845)
(143;350;17845)
(143;350;17861)
(143;350;17861)
(143;350;17879)
(143;350;17879)
(143;350;17879)
(143;349;17894)
(143;349;17895)
(143;348;17911)
(144;348;17911)
(144;347;17929)
(144;346;17929)
(144;346;17929)
(144;346;17945)
(144;346;17961)
(144;345;17961)
(144;345;17979)
(144;345;17979)
(145;345;17979)
(145;345;17995)
(145;345;17995)
(145;345;18011)
(145;345;18011)
(145;345;18029)
(145;345;18030)
(146;345;18030)
(146;345;18045)
(147;345;18046)
(148;344;18061)
(149;344;18062)
(150;344;18078)
(151;343;18078)
(151;343;18095)
(152;343;18095)
(152;343;18111)
(152;343;18111)
(152;343;18128)
(152;343;18128)
(152;343;18145)
(152;343;18146)
(152;343;18146)
(152;343;18161)
(152;343;18161)
(152;343;18178)
(152;343;18179)
(152;343;18194)
(152;343;18195)
(152;343;18212)
(152;343;18212)
(152;343;18212)
(152;343;18228)
(152;344;18245)
(152;344;18245)
(152;344;18245)
(152;344;18261)
(152;344;18262)
(152;344;18279)
(152;345;18279)
(153;346;18295)
(154;347;18296)
(154;348;18312)
(155;349;18312)
(156;350;18329)
(156;350;18329)
(157;351;18329)
(157;352;18345)
(158;352;18345)
(158;352;18362)
(158;353;18362)
(159;353;18378)
(159;353;18379)
(160;354;18395)
(160;354;18395)
(160;354;18395)
(160;354;18413)
(160;354;18413)
(161;354;18429)
(161;355;18429)
(161;355;18446)
(161;355;18446)
(161;355;18446)
(162;355;18462)
(162;356;18462)
(163;356;18479)
(163;357;18480)
(164;357;18496)
(164;357;18496)
(164;357;18512)
(164;357;18512)
(165;357;18528)
(165;358;18529)
(165;358;18529)
(165;358;18545)
(166;358;18545)
(167;358;18562)
(168;358;18563)
(168;359;18578)
(169;359;18578)
(170;359;18595)
(170;359;18596)
(170;359;18611)
(171;359;18611)
(171;359;18629)
(172;359;18629)
(172;359;18629)
(173;359;18645)
(173;359;18645)
(174;359;18661)
(174;359;18662)
(174;359;18678)
(175;359;18679)
(175;359;18695)
(175;359;18695)
(175;359;18695)
(175;359;18711)
(175;359;18711)
(175;359;18729)
(176;359;18729)
(176;359;18745)
(176;359;18745)
(176;359;18745)
(176;359;18761)
(176;359;18761)
(177;359;18779)
(177;359;18779)
(177;359;18795)
(178;359;18795)
(178;359;18811)
(178;359;18812)
(179;359;18828)
(179;359;18829)
(179;359;18829)
(180;359;18845)
(180;359;18846)
(180;359;18862)
(180;359;18862)
(181;359;18879)
(181;359;18879)
(182;359;18895)
(183;359;18895)
(184;359;18911)
(184;359;18911)
(184;359;18928)
(185;359;18928)
(185;359;18928)
(185;359;18945)
(185;359;18946)
(185;359;18961)
(186;359;18961)
(186;359;18978)
(186;359;18979)
(187;359;18994)
(187;359;18995)
(187;359;18995)
(188;359;19012)
(188;359;19013)
(188;359;19029)
(189;358;19029)
(190;358;19045)
(191;358;19045)
(192;358;19045)
(193;357;19061)
(194;357;19062)
(194;357;19079)
(195;357;19079)
(195;357;19094)
(196;357;19095)
(196;356;19111)
(196;356;19112)
(196;356;19128)
(197;356;19129)
(197;356;19129)
(197;356;19145)
(197;356;19145)
(197;356;19161)
(197;356;19161)
(198;356;19179)
(198;356;19179)
(198;356;19194)
(198;356;19194)
(198;356;19211)
(198;356;19212)
(199;356;19229)
(199;356;19229)
(199;356;19229)
(199;356;19245)
(199;356;19246)
(199;356;19262)
(199;357;19262)
(199;357;19278)
(199;357;19278)
(200;357;19295)
(200;357;19295)
(200;357;19312)
(201;358;19312)
(201;358;19328)
(202;359;19329)
(203;360;19345)
(204;361;19345)
(205;362;19345)
(205;362;19362)
(206;363;19362)
(207;364;19379)
(208;364;19379)
(209;365;19394)
(209;365;19395)
(209;365;19411)
(209;365;19412)
(210;365;19428)
(210;365;19428)
(210;365;19445)
(210;365;19446)
(211;365;19446)
(211;365;19461)
(212;366;19461)
(213;366;19485)
(214;366;19485)
(217;366;19526)
(217;367;19526)
(218;367;19527)
(218;367;19527)
(219;367;19543)
(219;367;19543)
(220;367;19560)
(220;367;19560)
(220;367;19575)
(221;367;19576)
(221;367;19593)
(222;368;19593)
(223;368;19593)
(223;368;19609)
(224;369;19610)
(225;369;19626)
(226;370;19627)
(227;370;19642)
(227;370;19643)
(228;370;19660)
(228;371;19660)
(228;371;19661)
(228;371;19676)
(228;371;19693)
(228;371;19693)
(228;371;19693)
(229;371;19710)
(229;371;19710)
(229;371;19726)
(229;371;19726)
(229;371;19742)
(229;371;19743)
(229;371;19759)
(229;371;19760)
(229;371;19776)
(229;371;19777)
(230;371;19777)
(230;372;19793)
(230;372;19794)
(230;372;19810)
(230;372;19810)
(230;372;19827)
(230;372;19827)
(231;373;19827)
(231;373;19843)
(232;374;19843)
(233;375;19860)
(234;376;19860)
(235;377;19876)
(236;378;19877)
(237;379;19893)
(238;380;19893)
(238;380;19893)
(239;381;19909)
(239;381;19909)
(239;382;19926)
(240;382;19926)
(240;383;19943)
(241;383;19943)
(241;384;19959)
(241;384;19959)
(241;384;19976)
(241;384;19976)
(242;385;19976)
(242;386;19992)
(243;386;19992)
(243;388;20009)
(244;389;20010)
(244;391;20026)
(245;392;20026)
(245;393;20042)
(245;393;20043)
(245;394;20059)
(245;394;20059)
(245;394;20076)
(245;394;20076)
(245;394;20076)
(246;395;20093)
(246;395;20093)
(246;396;20110)
(246;397;20110)
(247;398;20126)
(247;398;20126)
(247;398;20127)
(247;398;20143)
(247;398;20143)
(247;398;20159)
(247;399;20160)
(247;399;20176)
(247;399;20176)
(247;399;20193)
(247;399;20193)
(247;399;20193)
(247;399;20209)
(247;399;20210)
(247;400;20226)
(247;400;20226)
(247;400;20242)
(248;401;20243)
(248;401;20259)
(248;402;20259)
(248;402;20276)
(248;403;20276)
(249;403;20292)
(249;403;20292)
(249;403;20292)
(249;404;20309)
(249;404;20309)
(249;404;20326)
(249;404;20326)
(249;404;20343)
(249;404;20343)
(249;404;20359)
(249;404;20360)
(249;405;20376)
(249;405;20376)
(250;405;20376)
(250;406;20392)
(250;406;20392)
(251;407;20409)
(252;408;20410)
(252;408;20425)
(253;409;20426)
(254;410;20426)
(255;411;20443)
(255;411;20443)
(256;412;20459)
(256;413;20459)
(257;413;20476)
(257;413;20476)
(258;413;20492)
(258;414;20493)
(258;414;20493)
(258;415;20509)
(259;415;20509)
(259;415;20526)
(259;415;20526)
(259;415;20543)
(259;415;20543)
(259;415;20559)
(259;415;20559)
(259;415;20576)
(259;415;20576)
(259;415;20576)
(259;416;20593)
(259;416;20593)
(259;416;20609)
(259;416;20609)
(259;416;20626)
(259;416;20626)
(260;416;20643)
(260;416;20643)
(260;416;20659)
(260;416;20659)
(260;416;20676)
(260;416;20676)
(260;416;20676)
(260;416;20692)
(260;416;20692)
(260;416;20709)
(260;416;20709)
(260;416;20726)
(260;416;20726)
(260;416;20726)
(260;416;20742)
(260;416;20743)
(260;416;20759)
(260;416;20759)
(260;416;20776)
(260;416;20776)
(260;416;20792)
(260;416;20792)
(260;416;20793)
(260;416;20809)
(260;416;20809)
(260;416;20826)
(260;416;20827)
(260;415;20842)
(260;415;20843)
(260;415;20859)
(260;415;20860)
(260;415;20876)
(260;415;20876)
(260;415;20893)
(260;415;20893)
(260;414;20893)
(260;414;20910)
(260;414;20910)
(260;414;20926)
(260;414;20927)
(260;414;20942)
(260;414;20943)
(260;414;20959)
(260;414;20959)
(260;414;20976)
(260;414;20977)
(261;414;20993)
(261;414;20993)
(261;414;20993)
(261;414;21010)
(261;414;21010)
(261;414;21026)
(261;414;21026)
(261;414;21026)
(261;414;21043)
(261;414;21043)
(261;414;21060)
(261;414;21060)
(261;414;21075)
(261;414;21076)
(261;414;21093)
(261;414;21093)
(262;414;21093)
(262;414;21109)
(262;414;21109)
(262;414;21125)
(262;414;21126)
(262;414;21143)
(262;414;21144)
(262;414;21159)
(262;414;21160)
(262;414;21176)
(262;414;21177)
(262;414;21177)
(262;414;21193)
(262;414;21193)
(262;414;21209)
(262;414;21209)
(262;414;21226)
(262;414;21226)
(262;414;21242)
(262;414;21242)
(262;414;21259)
(262;414;21260)
(262;413;21276)
(262;413;21276)
(262;413;21276)
(262;413;21293)
(262;413;21293)
(262;413;21310)
(262;413;21310)
(262;413;21326)
(262;413;21326)
(262;413;21326)
(262;413;21342)
(262;413;21342)
(262;413;21359)
(262;413;21360)
(262;413;21376)
(262;413;21377)
(262;413;21393)
(262;413;21393)
(262;413;21393)
(262;413;21409)
(261;413;21410)
(261;413;21426)
(261;413;21426)
(261;413;21442)
(261;413;21442)
(261;413;21459)
(261;413;21460)
(261;413;21475)
(261;413;21476)
(261;413;21493)
(261;413;21494)
(261;413;21494)
(261;413;21510)
(261;413;21510)
(261;413;21526)
(261;413;21526)
(261;413;21543)
(261;413;21544)
(261;413;21560)
(261;413;21560)
(261;413;21576)
(261;413;21576)
(261;413;21576)
(261;413;21592)
(261;413;21593)
(261;413;21609)
(261;413;21609)
(261;413;21626)
(261;413;21626)
(261;413;21626)
(261;413;21643)
(261;413;21643)
(261;413;21660)
(261;413;21660)
(261;413;21676)
(261;413;21677)
(261;413;21692)
(261;413;21693)
(261;413;21709)
(261;413;21709)
(261;413;21726)
(261;413;21726)
(261;413;21743)
(261;413;21743)
(261;413;21759)
(261;413;21759)
(261;413;21776)
(261;413;21777)
(261;413;21793)
(261;413;21793)
(261;413;21793)
(261;413;21809)
(261;413;21809)
(261;413;21826)
(261;413;21843)
(261;413;21844)
(261;413;21859)
(261;413;21860)
(261;413;21876)
(261;413;21876)
(261;413;21876)
(261;413;21892)
(261;413;21893)
(261;413;21909)
(261;413;21909)
(261;413;21926)
(261;413;21926)
(261;413;21926)
(261;413;21943)
(261;413;21943)
(261;413;21959)
(261;413;21959)
(261;414;21977)
(261;414;21977)
(261;414;21992)
(261;414;21993)
(261;414;21993)
(261;414;22009)
(261;414;22010)
(261;414;22027)
(261;414;22027)
(261;414;22043)
(261;414;22044)
(261;414;22059)
(261;414;22059)
(261;414;22076)
(261;414;22076)
(261;414;22076)
(261;414;22093)
(261;414;22093)
(261;414;22109)
(261;414;22126)
(261;414;22143)
(261;414;22143)
(261;414;22160)
(261;414;22160)
(261;414;22176)
(261;414;22176)
(261;414;22176)
(261;414;22193)
(261;414;22193)
(261;414;22210)
(261;414;22226)
(261;414;22226)
(261;414;22226)
(261;414;22243)
(261;414;22243)
(261;414;22260)
(261;414;22260)
(261;414;22276)
(261;414;22277)
(261;414;22293)
(261;414;22293)
(261;414;22293)
(261;414;22310)
(261;414;22310)
(261;414;22326)
(261;414;22326)
(261;414;22343)
(261;414;22344)
(261;414;22359)
(261;414;22360)
(261;414;22376)
(262;414;22376)
(262;414;22393)
(262;415;22393)
(262;415;22393)
(262;415;22409)
(262;415;22409)
(262;415;22426)
(262;415;22427)
(262;415;22442)
(262;415;22443)
(262;415;22460)
(262;415;22460)
(262;415;22476)
(262;415;22477)
(263;416;22477)
(264;416;22493)
(264;417;22493)
(265;417;22510)
(265;418;22510)
(266;419;22526)
(266;419;22526)
(267;419;22527)
(267;420;22543)
(267;420;22543)
(268;420;22560)
(268;420;22560)
(268;421;22576)
(268;421;22576)
(268;421;22593)
(268;421;22593)
(268;421;22609)
(268;421;22610)
(268;421;22610)
(269;421;22626)
(269;422;22626)
(269;422;22642)
(270;422;22643)
(270;422;22659)
(270;423;22660)
(271;423;22676)
(272;424;22676)
(272;425;22693)
(273;425;22693)
(274;426;22710)
(274;426;22710)
(274;426;22710)
(274;427;22726)
(274;427;22726)
(275;427;22743)
(275;427;22743)
(275;427;22760)
(275;427;22760)
(275;427;22761)
(275;427;22776)
(275;427;22776)
(275;427;22793)
(275;427;22793)
(275;427;22810)
(275;427;22810)
(275;427;22826)
(275;427;22826)
(275;427;22826)
(275;427;22842)
(275;427;22843)
(275;427;22859)
(275;427;22860)
(275;427;22876)
(275;427;22876)
(275;427;22893)
(275;427;22893)
(275;427;22893)
(275;427;22910)
(275;427;22910)
(275;427;22926)
(275;427;22942)
(275;427;22942)
(275;427;22942)
(275;427;22960)
(275;427;22961)
(275;427;22961)
(275;427;22976)
(275;427;22993)
(275;427;22994)
(275;427;23009)
(275;427;23009)
(275;427;23010)
(275;427;23026)
(275;427;23026)
(275;427;23042)
(275;427;23042)
(275;427;23060)
(275;427;23060)
(275;427;23060)
(275;427;23076)
(275;427;23077)
(275;427;23093)
(275;427;23093)
(275;427;23109)
(275;427;23110)
(275;427;23126)
(275;427;23126)
(275;427;23126)
(275;427;23143)
(275;427;23143)
(275;427;23160)
(275;427;23160)
(275;427;23176)
(275;427;23176)
(275;427;23193)
(275;427;23194)
(275;427;23194)
(275;427;23209)
(275;428;23209)
(275;428;23226)
(275;428;23227)
(275;428;23242)
(275;428;23243)
(275;428;23259)
(275;428;23260)
(275;428;23276)
(275;428;23276)
(275;428;23276)
(275;428;23293)
(275;428;23293)
(275;428;23309)
(275;428;23310)
(274;429;23325)
(274;430;23326)
(273;431;23343)
(272;433;23343)
(272;434;23359)
(271;435;23359)
(271;435;23376)
(271;436;23376)
(270;436;23376)
(270;436;23393)
(270;436;23393)
(270;436;23410)
(270;436;23411)
(270;436;23427)
(270;436;23427)
(270;436;23427)
(270;436;23442)
(270;437;23442)
(270;437;23460)
(270;437;23460)
(270;438;23476)
(269;438;23476)
(269;439;23493)
(269;439;23493)
(269;439;23493)
(269;439;23510)
(269;439;23510)
(269;439;23527)
(269;440;23527)
(269;440;23542)
(269;440;23543)
(269;440;23560)
(269;441;23560)
(269;441;23560)
(269;442;23576)
(269;443;23576)
(269;444;23593)
(269;444;23593)
(269;445;23610)
(269;446;23610)
(269;447;23626)
(270;449;23626)
(270;450;23643)
(270;451;23644)
(271;452;23660)
(271;452;23660)
(271;453;23676)
(271;454;23677)
(271;454;23677)
(271;455;23693)
(271;455;23693)
(272;455;23709)
(272;456;23709)
(272;456;23726)
(272;457;23726)
(272;457;23726)
(272;458;23743)
(272;458;23743)
(272;459;23760)
(272;461;23760)
(273;462;23776)
(273;464;23777)
(274;465;23793)
(274;466;23794)
(274;467;23794)
(274;467;23810)
(274;468;23810)
(274;468;23826)
(274;469;23826)
(274;470;23843)
(274;470;23844)
(274;470;23859)
(274;471;23859)
(274;471;23876)
(274;471;23876)
(274;471;23876)
(274;471;23893)
(274;472;23893)
(274;472;23909)
(274;473;23910)
(273;474;23926)
(273;474;23926)
(273;475;23943)
(272;476;23944)
(272;477;23960)
(272;479;23960)
(271;479;23960)
(271;480;23976)
(271;480;23976)
(271;480;23993)
(271;481;23993)
(271;482;24009)
(271;482;24010)
(271;483;24026)
(271;483;24026)
(271;483;24026)
(271;483;24044)
(271;483;24044)
(271;483;24060)
(271;483;24060)
(271;483;24076)
(271;483;24076)
(271;483;24093)
(271;483;24093)
(271;483;24093)
(271;483;24110)
(271;483;24110)
(271;483;24127)
(270;483;24127)
(270;484;24142)
(270;484;24142)
(269;485;24159)
(269;485;24160)
(269;486;24176)
(268;487;24176)
(268;487;24176)
(268;488;24193)
(268;488;24193)
(268;488;24209)
(268;488;24210)
(268;488;24226)
(268;488;24226)
(268;488;24243)
(268;488;24243)
(268;488;24260)
(268;488;24260)
(268;488;24276)
(268;488;24276)
(268;488;24277)
(268;488;24293)
(267;488;24293)
(267;489;24309)
(267;489;24310)
(266;490;24327)
(266;490;24327)
(266;491;24327)
(266;491;24344)
(266;491;24344)
(265;491;24360)
(265;491;24360)
(265;491;24375)
(265;491;24376)
(265;491;24394)
(265;491;24394)
(265;491;24394)
(265;491;24409)
(265;491;24410)
(265;491;24426)
(265;491;24426)
(265;491;24442)
(265;491;24443)
(265;492;24459)
(265;492;24459)
(265;492;24477)
(265;492;24477)
(265;492;24477)
(265;492;24493)
(265;492;24493)
(265;492;24509)
(265;492;24510)
(265;492;24526)
(265;492;24527)
(265;493;24542)
(264;493;24543)
(264;493;24567)
(264;493;24567)
(264;494;24567)
(263;494;24567)
(263;495;24584)
(263;495;24585)
(263;495;24600)
(263;495;24600)
(263;495;24618)
(263;495;24618)
(263;495;24634)
(263;495;24634)
(263;495;24635)
(263;495;24650)
(263;495;24651)
(263;495;24667)
(263;495;24667)
(263;495;24684)
(263;495;24685)
(263;495;24701)
(263;495;24702)
(263;495;24702)
(263;495;24718)
(263;495;24718)
(263;495;24734)
(263;495;24734)
(263;495;24750)
(263;495;24751)
(263;495;24767)
(263;495;24767)
(263;495;24785)
(263;495;24785)
(263;495;24801)
(263;495;24801)
(263;495;24801)
(263;495;24817)
(263;495;24817)
(263;495;24833)
(263;495;24834)
(263;495;24851)
(263;495;24851)
(263;495;24868)
(263;495;24868)
(263;495;24868)
(263;495;24884)
(263;495;24884)
(263;495;24900)
(263;495;24900)
(263;495;24918)
(263;495;24918)
(263;495;24934)
(263;495;24934)
(263;495;24934)
(263;495;24951)
(263;495;24951)
(263;495;24967)
(263;495;24968)
(263;495;24984)
(263;495;24985)
(263;495;25000)
(263;495;25001)
(263;495;25018)
(263;495;25018)
(263;495;25018)
(263;495;25035)
(263;495;25035)
(263;495;25051)
(263;495;25052)
(263;495;25067)
(263;495;25068)
(263;495;25084)
(263;495;25084)
(263;495;25101)
(263;495;25101)
(263;495;25118)
(263;495;25118)
(263;495;25118)
(263;495;25134)
(263;495;25134)
(263;495;25152)
(263;495;25152)
(263;495;25168)
(263;495;25168)
(263;495;25169)
(263;495;25184)
(263;495;25184)
(263;495;25201)
(263;495;25201)
(263;495;25218)
(263;495;25219)
(263;495;25235)
(262;495;25235)
(262;495;25235)
(261;496;25251)
(261;496;25251)
(260;497;25268)
(260;497;25268)
(259;497;25285)
(259;497;25285)
(259;497;25285)
(259;497;25301)
(259;497;25301)
(259;497;25317)
(259;497;25317)
(259;497;25335)
(259;497;25335)
(258;498;25350)
(258;498;25351)
(258;498;25367)
(257;498;25368)
(256;498;25384)
(255;498;25384)
(254;499;25384)
(253;499;25401)
(252;499;25402)
(252;500;25418)
(251;500;25418)
(251;500;25433)
(250;500;25433)
(250;500;25451)
(249;500;25451)
(249;500;25468)
(249;500;25468)
(248;500;25468)
(248;500;25485)
(248;500;25485)
(248;500;25501)
(248;500;25501)
(248;500;25518)
(248;500;25518)
(248;500;25534)
(248;500;25535)
(248;500;25535)
(248;500;25551)
(248;500;25551)
(248;500;25567)
(248;500;25568)
(248;500;25584)
(248;500;25584)
(248;500;25584)
(248;500;25601)
(248;500;25601)
(248;500;25618)
(248;500;25618)
(248;500;25634)
(248;500;25635)
(248;500;25650)
(248;500;25651)
(248;500;25668)
(248;500;25669)
(248;500;25685)
(248;500;25685)
(248;500;25685)
(248;500;25701)
(248;500;25701)
(248;500;25718)
(248;500;25718)
(248;500;25734)
(248;500;25734)
(248;500;25751)
(248;500;25751)
(248;500;25768)
(248;500;25769)
(248;500;25769)
(248;500;25785)
(248;500;25785)
(248;500;25801)
(248;500;25801)
(248;500;25818)
(248;500;25818)
(248;500;25834)
(248;500;25834)
(248;500;25834)
(248;500;25851)
(247;500;25852)
(247;501;25868)
(247;501;25869)
(247;501;25884)
(247;501;25884)
(247;501;25885)
(246;501;25901)
(246;502;25901)
(246;502;25918)
(246;502;25918)
(246;502;25934)
(246;502;25934)
(245;503;25952)
(245;503;25952)
(245;503;25967)
(244;504;25968)
(244;504;25984)
(243;505;25985)
(243;505;25985)
(243;506;26001)
(243;506;26001)
(242;506;26018)
(242;506;26018)
(242;506;26034)
(242;506;26034)
(242;506;26050)
(242;506;26051)
(242;506;26068)
(242;506;26068)
(242;506;26068)
(242;506;26084)
(242;506;26084)
(242;506;26101)
(242;506;26101)
(242;506;26117)
(242;506;26118)
(242;506;26135)
(242;506;26135)
(242;506;26135)
(242;506;26150)
(242;506;26151)
(242;506;26168)
(242;506;26168)
(242;506;26184)
(243;506;26185)
(243;506;26185)
(244;505;26201)
(245;505;26201)
(247;503;26218)
(249;503;26219)
(252;501;26234)
(255;500;26235)
(258;499;26251)
