(62;427;0)
(62;428;165)
(62;429;183)
(62;429;183)
(63;430;183)
(63;431;199)
(63;431;199)
(64;432;215)
(64;433;216)
(64;433;233)
(65;434;233)
(65;435;249)
(65;436;249)
(65;436;265)
(65;437;266)
(66;437;282)
(66;438;282)
(66;439;282)
(67;440;298)
(67;441;299)
(67;441;316)
(67;442;316)
(68;442;332)
(68;443;332)
(68;444;332)
(68;445;349)
(69;446;349)
(69;447;365)
(69;448;365)
(70;448;382)
(70;448;382)
(70;449;399)
(70;449;399)
(70;449;399)
(70;449;415)
(70;450;415)
(71;450;432)
(71;450;433)
(71;450;449)
(71;450;449)
(71;450;465)
(71;450;466)
(71;450;482)
(71;450;482)
(71;450;498)
(71;450;498)
(71;450;516)
(71;450;516)
(71;450;516)
(71;450;531)
(71;450;531)
(71;450;548)
(71;450;549)
(71;450;565)
(71;450;565)
(71;450;582)
(70;449;582)
(70;448;583)
(69;447;598)
(68;446;599)
(67;444;615)
(67;443;615)
(66;442;631)
(65;441;632)
(65;440;632)
(64;439;649)
(63;438;649)
(63;437;664)
(63;437;665)
(63;437;681)
(63;436;682)
(63;436;699)
(63;436;699)
(63;436;699)
(63;436;715)
(63;436;715)
(63;436;731)
(63;436;732)
(63;436;749)
(63;436;749)
(63;436;765)
(63;436;766)
(63;437;782)
(63;437;782)
(64;439;799)
(65;441;799)
(66;443;799)
(68;446;815)
(70;448;815)
(71;451;832)
(73;454;832)
(74;457;848)
(75;459;849)
(76;461;865)
(77;463;865)
(77;464;882)
(77;464;882)
(77;464;898)
(77;464;899)
(77;464;915)
(77;464;915)
(77;464;932)
(77;464;932)
(77;464;932)
(77;464;949)
(77;464;949)
(77;464;965)
(77;464;965)
(77;463;982)
(76;463;982)
(76;462;998)
(75;461;999)
(74;460;999)
(73;459;1014)
(73;458;1015)
(72;456;1031)
(71;454;1032)
(70;452;1049)
(69;450;1049)
(68;448;1065)
(67;446;1065)
(67;445;1081)
(66;443;1082)
(66;441;1098)
(65;440;1099)
(65;439;1099)
(64;438;1115)
(64;437;1116)
(64;436;1131)
(64;436;1132)
(64;436;1148)
(64;436;1148)
(64;436;1165)
(64;436;1165)
(64;436;1181)
(64;436;1182)
(64;436;1182)
(64;436;1199)
(64;436;1199)
(64;436;1215)
(64;436;1215)
(64;436;1232)
(64;436;1232)
(64;436;1232)
(64;436;1248)
(64;436;1248)
(64;436;1265)
(64;437;1265)
(65;438;1281)
(66;440;1282)
(67;443;1299)
(69;445;1299)
(70;447;1299)
(71;449;1315)
(72;451;1315)
(73;453;1331)
(73;454;1331)
(74;455;1348)
(74;455;1349)
(74;455;1365)
(74;455;1365)
(74;455;1382)
(74;455;1382)
(74;455;1399)
(74;455;1399)
(74;455;1399)
(74;455;1415)
(74;455;1415)
(74;455;1432)
(74;455;1432)
(74;455;1448)
(74;455;1449)
(74;455;1465)
(74;455;1465)
(74;455;1481)
(74;454;1482)
(74;454;1482)
(73;453;1499)
(73;451;1499)
(72;449;1515)
(71;448;1515)
(70;446;1532)
(69;444;1532)
(68;442;1532)
(67;441;1548)
(67;439;1565)
(66;438;1565)
(66;437;1565)
(66;437;1582)
(66;436;1582)
(66;436;1598)
(66;436;1598)
(66;436;1598)
(66;436;1615)
(66;436;1615)
(66;436;1632)
(66;436;1632)
(66;436;1648)
(66;436;1648)
(65;436;1665)
(65;436;1665)
(65;436;1682)
(65;436;1682)
(65;436;1698)
(65;436;1698)
(65;436;1699)
(65;436;1714)
(65;436;1715)
(65;437;1732)
(65;437;1732)
(65;437;1749)
(66;438;1749)
(66;439;1765)
(67;440;1765)
(68;443;1782)
(68;444;1782)
(69;446;1799)
(70;447;1799)
(70;449;1815)
(71;450;1816)
(71;451;1831)
(72;452;1831)
(72;454;1831)
(73;455;1849)
(73;457;1849)
(74;458;1865)
(74;460;1865)
(75;461;1882)
(75;462;1882)
(75;462;1898)
(75;462;1898)
(75;462;1898)
(75;462;1915)
(75;462;1915)
(75;462;1931)
(75;462;1932)
(75;462;1949)
(75;462;1949)
(75;462;1965)
(75;462;1966)
(75;462;1982)
(75;462;1982)
(75;462;1983)
(75;461;1998)
(75;460;1999)
(74;459;2015)
(73;458;2015)
(73;456;2032)
(72;453;2032)
(71;451;2048)
(70;448;2048)
(69;446;2065)
(68;444;2066)
(68;442;2082)
(67;441;2082)
(67;440;2082)
(66;439;2099)
(66;438;2099)
(66;437;2115)
(66;437;2115)
(66;437;2131)
(66;437;2131)
(66;437;2131)
(66;437;2148)
(66;437;2148)
(66;437;2166)
(66;437;2166)
(66;437;2182)
(66;437;2182)
(66;437;2198)
(66;437;2198)
(66;437;2198)
(66;437;2214)
(66;438;2215)
(66;439;2232)
(67;440;2232)
(67;442;2248)
(68;444;2249)
(69;447;2265)
(70;449;2266)
(71;452;2282)
(72;454;2282)
(73;457;2298)
(74;459;2298)
(74;460;2298)
(75;461;2315)
(75;462;2315)
(75;462;2332)
(75;462;2332)
(75;462;2349)
(75;462;2349)
(75;462;2365)
(75;462;2366)
(75;462;2382)
(75;461;2383)
(75;461;2383)
(75;461;2399)
(75;461;2399)
(75;461;2415)
(75;461;2416)
(75;461;2432)
(75;461;2433)
(75;461;2433)
(75;461;2448)
(75;461;2449)
(75;461;2465)
(75;461;2465)
(75;461;2482)
(76;461;2483)
(76;461;2498)
(77;461;2498)
(78;461;2499)
(80;461;2515)
(81;462;2515)
(82;462;2532)
(83;462;2532)
(84;462;2549)
(85;463;2550)
(86;463;2565)
(86;463;2566)
(87;463;2582)
(87;463;2582)
(88;464;2598)
(88;464;2599)
(88;464;2599)
(88;464;2615)
(88;464;2616)
(88;464;2632)
(88;464;2632)
(89;464;2648)
(89;464;2648)
(89;465;2666)
(89;465;2666)
(90;465;2682)
(90;466;2682)
(91;467;2682)
(92;468;2698)
(92;468;2699)
(93;469;2714)
(93;470;2715)
(94;471;2732)
(94;472;2733)
(95;473;2733)
(96;473;2749)
(96;474;2749)
(97;475;2765)
(98;476;2766)
(99;477;2782)
(100;478;2782)
(101;479;2799)
(102;479;2799)
(102;480;2799)
(103;481;2816)
(104;482;2816)
(106;483;2832)
(107;484;2832)
(108;485;2848)
(109;486;2848)
(110;487;2866)
(112;487;2866)
(113;488;2882)
(114;489;2882)
(115;489;2899)
(116;490;2899)
(117;490;2899)
(117;490;2915)
(118;491;2915)
(118;491;2932)
(118;491;2932)
(118;491;2949)
(118;491;2949)
(118;491;2965)
(118;491;2966)
(118;491;2982)
(118;491;2982)
(118;491;2982)
(118;491;2999)
(118;491;2999)
(118;491;3015)
(118;491;3015)
(118;491;3032)
(118;491;3032)
(118;491;3032)
(118;491;3049)
(118;491;3050)
(117;491;3064)
(115;490;3065)
(113;489;3083)
(111;488;3083)
(109;486;3099)
(106;485;3099)
(104;483;3115)
(102;482;3115)
(100;480;3115)
(98;479;3131)
(97;478;3132)
(96;477;3148)
(96;477;3149)
(96;477;3165)
(96;477;3166)
(96;477;3181)
(96;477;3182)
(96;477;3199)
(96;477;3199)
(96;477;3215)
(96;477;3215)
(96;477;3215)
(96;477;3232)
(96;477;3232)
(96;477;3248)
(96;477;3248)
(97;477;3265)
(98;477;3266)
(101;478;3281)
(104;479;3282)
(107;481;3282)
(110;483;3299)
(113;485;3299)
(115;486;3315)
(117;488;3316)
(119;489;3332)
(120;490;3333)
(120;490;3333)
(120;490;3349)
(120;490;3349)
(120;490;3365)
(120;490;3365)
(120;490;3382)
(120;490;3383)
(120;490;3399)
(120;490;3415)
(119;490;3416)
(118;490;3432)
(116;489;3432)
(114;488;3432)
(112;488;3449)
(111;487;3449)
(110;486;3465)
(109;486;3466)
(109;485;3481)
(108;485;3482)
(108;485;3498)
(108;485;3499)
(108;485;3515)
(108;484;3515)
(108;484;3515)
(108;484;3532)
(109;484;3533)
(109;484;3548)
(110;483;3549)
(112;482;3565)
(115;480;3565)
(119;478;3582)
(122;476;3583)
(126;475;3583)
(129;473;3599)
(133;472;3599)
(136;471;3615)
(140;471;3615)
(143;470;3631)
(146;470;3632)
(148;470;3648)
(151;470;3648)
(153;470;3665)
(155;470;3665)
(157;471;3665)
(158;471;3682)
(158;471;3682)
(159;471;3698)
(159;471;3699)
(159;471;3699)
(158;471;3715)
(158;472;3716)
(157;472;3732)
(155;472;3732)
(152;472;3748)
(148;473;3765)
(144;473;3766)
(140;473;3766)
(136;473;3782)
(132;473;3782)
(129;473;3782)
(127;473;3799)
(126;473;3799)
(125;473;3816)
(125;473;3816)
(125;473;3832)
(125;473;3833)
(125;473;3849)
(126;473;3849)
(127;473;3865)
(129;474;3865)
(132;474;3882)
(135;475;3882)
(140;476;3883)
(144;476;3898)
(149;477;3899)
(154;477;3916)
(160;478;3916)
(165;478;3932)
(170;478;3932)
(174;478;3932)
(178;479;3949)
(181;479;3949)
(184;479;3965)
(186;479;3965)
(187;479;3982)
(187;479;3983)
(187;479;3999)
(187;479;3999)
(187;480;3999)
(186;480;4016)
(185;480;4016)
(182;480;4032)
(179;480;4032)
(174;480;4048)
(169;480;4049)
(164;481;4065)
(159;481;4066)
(155;481;4082)
(150;481;4082)
(146;481;4083)
(143;481;4098)
(142;481;4099)
(141;481;4115)
(140;481;4116)
(140;481;4132)
(140;481;4132)
(140;481;4148)
(140;481;4148)
(141;481;4164)
(143;481;4165)
(145;481;4182)
(149;481;4182)
(153;481;4183)
(159;481;4199)
(165;480;4199)
(170;480;4216)
(176;479;4216)
(181;479;4232)
(186;479;4232)
(190;480;4232)
(193;480;4249)
(196;481;4249)
(198;481;4265)
(199;482;4265)
(200;482;4282)
(200;482;4282)
(200;482;4298)
(200;482;4299)
(199;482;4299)
(197;482;4315)
(193;483;4316)
(188;484;4333)
(183;485;4333)
(178;486;4349)
(173;487;4350)
(168;488;4365)
(164;489;4366)
(161;489;4382)
(158;490;4382)
(156;490;4382)
(155;490;4399)
(154;490;4399)
(154;490;4416)
(154;490;4416)
(154;490;4432)
(154;490;4432)
(155;490;4449)
(155;490;4449)
(157;490;4465)
(161;489;4465)
(170;488;4482)
(175;487;4482)
(179;487;4498)
(183;487;4499)
(187;487;4515)
(191;487;4516)
(194;488;4532)
(197;489;4533)
(199;489;4533)
(201;490;4549)
(202;490;4549)
(202;490;4565)
(202;490;4565)
(202;490;4582)
(202;490;4582)
(201;491;4599)
(198;491;4600)
(195;492;4600)
(191;493;4616)
(188;493;4616)
(185;494;4632)
(183;495;4632)
(181;495;4649)
(180;495;4650)
(179;495;4666)
(179;495;4666)
(179;495;4682)
(179;495;4682)
(179;495;4682)
(179;495;4698)
(179;495;4698)
(179;495;4716)
(180;495;4716)
(182;495;4732)
(184;494;4732)
(187;494;4748)
(190;493;4749)
(193;493;4765)
(196;492;4766)
(198;492;4781)
(200;492;4781)
(201;492;4782)
(202;492;4798)
(202;492;4799)
(203;492;4815)
(203;492;4815)
(203;492;4832)
(203;492;4833)
(202;492;4833)
(201;492;4849)
(200;493;4849)
(198;493;4866)
(196;493;4866)
(194;493;4882)
(192;493;4882)
(191;493;4899)
(190;493;4899)
(190;493;4899)
(189;493;4915)
(189;493;4916)
(189;493;4931)
(189;493;4932)
(189;493;4948)
(189;493;4949)
(190;493;4965)
(190;493;4965)
(191;493;4982)
(192;493;4982)
(193;492;4982)
(195;491;4999)
(196;491;4999)
(197;490;5015)
(198;490;5015)
(198;490;5032)
(198;490;5032)
(198;490;5049)
(198;490;5049)
(198;490;5065)
(198;490;5065)
(198;490;5081)
(197;490;5081)
(196;490;5081)
(193;490;5099)
(190;490;5099)
(187;490;5115)
(183;490;5115)
(180;489;5132)
(176;488;5132)
(172;487;5132)
(169;487;5149)
(167;486;5149)
(166;486;5165)
(165;486;5165)
(165;485;5181)
(165;485;5182)
(165;485;5198)
(165;485;5199)
(165;485;5232)
(166;485;5233)
(167;485;5233)
(168;485;5249)
(170;485;5250)
(172;485;5266)
(173;485;5266)
(173;485;5283)
(174;485;5283)
(174;485;5284)
(174;485;5300)
(174;485;5300)
(174;485;5316)
(173;485;5316)
(172;485;5333)
(170;485;5333)
(168;485;5350)
(166;485;5350)
(163;485;5366)
(161;485;5366)
(159;484;5366)
(157;484;5383)
(155;483;5383)
(154;483;5400)
(153;483;5400)
(153;482;5417)
(153;482;5417)
(153;482;5433)
(153;482;5434)
(153;482;5434)
(153;482;5450)
(155;482;5450)
(157;481;5466)
(161;481;5466)
(165;480;5483)
(168;479;5483)
(171;479;5500)
(173;479;5500)
(174;479;5500)
(175;479;5516)
(175;479;5516)
(175;479;5533)
(175;479;5533)
(175;479;5549)
(174;479;5550)
(172;479;5566)
(169;479;5567)
(166;479;5567)
(162;479;5583)
(159;479;5584)
(156;478;5600)
(153;477;5600)
(150;476;5616)
(148;475;5616)
(146;474;5633)
(144;474;5634)
(144;473;5649)
(143;473;5650)
(143;473;5667)
(143;473;5667)
(143;473;5683)
(143;472;5683)
(144;472;5683)
(145;472;5699)
(147;472;5700)
(149;472;5717)
(150;472;5717)
(151;472;5733)
(152;472;5733)
(152;472;5734)
(152;472;5749)
(152;472;5749)
(152;472;5767)
(152;472;5767)
(151;472;5783)
(150;472;5783)
(147;473;5800)
(144;473;5800)
(141;473;5800)
(138;473;5816)
(135;473;5816)
(133;473;5833)
(131;473;5833)
(129;473;5849)
(129;473;5850)
(128;473;5866)
(128;473;5866)
(128;473;5882)
(128;473;5883)
(128;473;5883)
(129;473;5900)
(129;473;5900)
(130;473;5916)
(132;473;5916)
(135;474;5933)
(138;474;5934)
(140;475;5949)
(142;475;5950)
(144;476;5967)
(145;476;5967)
(146;477;5967)
(147;477;5983)
(147;478;5983)
(147;478;6000)
(147;478;6000)
(147;478;6016)
(147;478;6017)
(147;478;6033)
(147;478;6033)
(147;478;6033)
(147;478;6050)
(147;478;6050)
(147;478;6066)
(147;478;6066)
(147;478;6083)
(147;478;6083)
(147;478;6099)
(147;478;6100)
(147;478;6116)
(147;478;6116)
(147;478;6133)
(147;478;6134)
(147;478;6150)
(147;478;6150)
(147;478;6166)
(147;478;6166)
(147;478;6167)
(147;478;6183)
(147;478;6183)
(147;478;6200)
(148;479;6200)
(149;479;6216)
(150;479;6217)
(151;480;6233)
(153;480;6233)
(155;481;6249)
(156;481;6250)
(158;482;6267)
(160;482;6267)
(162;483;6267)
(163;484;6283)
(165;484;6283)
(167;485;6299)
(168;485;6300)
(169;485;6316)
(170;486;6316)
(171;486;6333)
(172;486;6333)
(172;486;6333)
(173;487;6349)
(173;487;6350)
(174;487;6366)
(174;487;6366)
(174;487;6383)
(174;487;6384)
(175;487;6400)
(175;487;6400)
(175;487;6416)
(175;487;6416)
(176;488;6433)
(176;488;6433)
(177;488;6450)
(178;488;6450)
(179;488;6451)
(180;489;6466)
(181;489;6467)
(183;489;6483)
(184;489;6483)
(186;489;6500)
(187;490;6500)
(189;490;6517)
(191;490;6517)
(192;490;6533)
(194;491;6534)
(196;491;6550)
(197;491;6550)
(198;492;6551)
(199;492;6566)
(200;492;6566)
(201;492;6583)
(201;493;6583)
(202;493;6600)
(202;493;6600)
(203;493;6616)
(203;493;6617)
(203;493;6633)
(204;493;6633)
(204;493;6633)
(204;493;6651)
(204;493;6651)
(204;494;6666)
(204;494;6667)
(205;494;6683)
(205;494;6683)
(207;495;6700)
(208;496;6700)
(209;497;6716)
(211;498;6717)
(213;499;6734)
(215;500;6734)
(217;500;6749)
(219;501;6749)
(221;503;6767)
(223;504;6767)
(226;505;6767)
(228;507;6784)
(230;508;6784)
(232;509;6800)
(234;511;6800)
(236;512;6817)
(238;513;6817)
(240;513;6833)
(241;514;6833)
(242;514;6849)
(243;515;6850)
(244;515;6867)
(246;515;6867)
(247;515;6867)
(248;515;6883)
(249;515;6884)
(251;515;6900)
(252;515;6900)
(253;515;6917)
(255;515;6917)
(256;515;6933)
(257;515;6933)
(259;515;6933)
(260;515;6949)
(261;515;6950)
(262;515;6967)
(263;515;6968)
(265;515;6983)
(266;515;6983)
(267;515;7000)
(269;515;7000)
(270;515;7000)
(271;515;7016)
(272;515;7017)
(273;515;7033)
(274;515;7034)
(275;515;7050)
(276;515;7050)
(277;515;7066)
(278;515;7066)
(280;515;7084)
(281;515;7084)
(282;515;7084)
(283;515;7100)
(285;515;7100)
(286;516;7116)
(287;516;7116)
(288;516;7133)
(288;516;7134)
(288;516;7150)
(289;516;7150)
(289;516;7167)
(289;516;7167)
(290;516;7168)
(290;516;7183)
(291;516;7183)
(292;516;7200)
(293;516;7201)
(294;516;7216)
(295;517;7217)
(296;517;7233)
(297;517;7233)
(297;517;7233)
(298;517;7250)
(298;517;7250)
(299;517;7267)
(299;517;7268)
(300;518;7283)
(301;518;7284)
(302;518;7299)
(303;518;7300)
(304;518;7300)
(305;518;7316)
(306;518;7316)
(307;519;7334)
(309;519;7334)
(310;519;7350)
(312;519;7351)
(314;520;7366)
(316;520;7366)
(318;520;7383)
(319;520;7383)
(321;520;7401)
(323;520;7401)
(324;521;7401)
(326;521;7416)
(328;521;7417)
(329;521;7433)
(330;521;7433)
(331;521;7449)
(332;521;7450)
(333;521;7467)
(334;521;7467)
(334;521;7483)
(334;521;7484)
(334;521;7484)
(334;521;7501)
(334;521;7501)
(334;521;7517)
(334;522;7517)
(333;522;7534)
(331;522;7534)
(328;522;7534)
(324;522;7551)
(321;521;7551)
(316;521;7566)
(312;521;7567)
(303;519;7583)
(297;519;7600)
(293;518;7600)
(288;517;7600)
(284;516;7616)
(280;515;7616)
(277;515;7633)
(273;514;7634)
(270;514;7650)
(268;514;7650)
(265;513;7666)
(263;513;7667)
(262;513;7683)
(261;513;7683)
(260;513;7683)
(260;513;7700)
(260;513;7700)
(260;513;7716)
(260;513;7716)
(260;513;7732)
(260;513;7733)
(260;513;7750)
(260;513;7750)
(260;513;7750)
(260;513;7766)
(260;513;7767)
(261;513;7783)
(262;513;7783)
(265;513;7801)
(268;513;7801)
(271;513;7816)
(274;513;7817)
(278;514;7834)
(281;515;7834)
(285;515;7835)
(288;516;7850)
(292;516;7850)
(295;517;7867)
(298;518;7867)
(301;518;7883)
(303;518;7883)
(306;519;7900)
(309;519;7901)
(312;519;7901)
(314;520;7917)
(316;520;7917)
(319;520;7933)
(320;521;7934)
(322;521;7950)
(324;521;7950)
(325;521;7951)
(326;521;7966)
(327;522;7966)
(328;522;7984)
(329;522;8000)
(329;522;8000)
(330;522;8000)
(331;522;8016)
(331;522;8017)
(332;521;8033)
(333;521;8034)
(333;521;8050)
(333;521;8050)
(333;521;8050)
(333;521;8066)
(333;521;8067)
(333;521;8083)
(333;521;8083)
(334;521;8100)
(334;521;8100)
(335;520;8116)
(335;520;8116)
(336;520;8133)
(337;519;8133)
(339;519;8133)
(340;518;8150)
(342;517;8150)
(343;516;8166)
(345;516;8167)
(347;515;8184)
(348;514;8184)
(350;514;8200)
(352;513;8200)
(353;512;8200)
(355;512;8216)
(357;511;8217)
(359;511;8233)
(361;510;8233)
(363;510;8250)
(365;509;8250)
(367;508;8250)
(369;508;8267)
(371;507;8267)
(374;507;8283)
(376;506;8283)
(377;506;8300)
(379;505;8301)
(381;505;8317)
(383;505;8318)
(385;504;8333)
(387;504;8333)
(389;503;8349)
(391;503;8350)
(392;503;8367)
(394;502;8368)
(395;502;8368)
(397;502;8383)
(398;501;8383)
(400;501;8400)
(401;501;8401)
(403;501;8417)
(404;500;8417)
(406;500;8434)
(407;500;8434)
(408;500;8434)
(410;499;8450)
(411;499;8451)
(412;499;8466)
(413;498;8467)
(414;498;8484)
(415;498;8484)
(416;497;8500)
(416;497;8500)
(416;497;8500)
(416;497;8517)
(416;497;8517)
(416;497;8533)
(416;497;8534)
(416;497;8550)
(416;497;8551)
(416;497;8551)
(416;497;8566)
(416;497;8567)
(416;497;8583)
(416;497;8584)
(416;497;8600)
(416;498;8601)
(416;498;8616)
(416;498;8617)
(416;498;8633)
(415;498;8634)
(414;498;8649)
(413;498;8650)
(411;499;8666)
(409;499;8666)
(406;500;8666)
(404;500;8683)
(402;500;8683)
(399;501;8699)
(397;501;8700)
(394;502;8716)
(392;502;8716)
(390;503;8733)
(388;503;8733)
(386;503;8734)
(383;504;8750)
(381;504;8766)
(380;504;8767)
(380;504;8784)
(379;505;8784)
(379;505;8784)
(379;505;8800)
(379;505;8800)
(379;505;8817)
(379;505;8817)
(379;505;8834)
(379;505;8834)
(379;505;8850)
(380;504;8850)
(380;504;8851)
(380;504;8866)
(381;504;8866)
(383;504;8883)
(385;504;8883)
(387;504;8900)
(389;503;8900)
(392;503;8916)
(395;502;8916)
(397;502;8934)
(400;501;8934)
(402;501;8949)
(404;501;8949)
(406;501;8966)
(407;500;8966)
(408;500;8966)
(409;500;8982)
(410;500;8983)
(411;500;9000)
(412;500;9000)
(412;500;9017)
(413;500;9017)
(414;499;9033)
(415;499;9033)
(416;499;9050)
(416;499;9050)
(416;499;9067)
(416;498;9067)
(416;498;9082)
(417;498;9083)
(417;498;9083)
(417;498;9100)
(417;498;9100)
(418;497;9117)
(418;497;9117)
(419;496;9133)
(420;495;9134)
(420;495;9150)
(421;494;9150)
(421;493;9150)
(422;491;9169)
(422;491;9171)
(422;490;9185)
(423;489;9185)
(423;489;9202)
(423;489;9202)
(423;488;9218)
(423;488;9218)
(423;487;9218)
(424;486;9240)
(424;485;9241)
(424;483;9257)
(425;482;9258)
(425;481;9274)
(425;480;9274)
(425;479;9274)
(425;478;9291)
(426;477;9291)
(426;475;9308)
(426;474;9308)
(426;473;9324)
(427;472;9324)
(427;470;9324)
(427;469;9341)
(428;468;9341)
(428;468;9357)
(428;468;9357)
(428;467;9374)
(428;467;9375)
(428;467;9391)
(428;467;9391)
(429;466;9407)
(429;466;9407)
(430;464;9424)
(431;463;9424)
(432;462;9441)
(433;461;9442)
(434;460;9457)
(435;459;9457)
(437;458;9474)
(438;457;9474)
(439;455;9491)
(440;454;9492)
(442;453;9492)
(443;453;9507)
(444;452;9507)
(445;451;9524)
(446;450;9524)
(447;450;9540)
(448;449;9541)
(448;449;9557)
(449;448;9557)
(450;448;9575)
(450;447;9575)
(451;447;9575)
(451;447;9591)
(451;447;9592)
(451;447;9608)
(451;446;9608)
(451;446;9623)
(452;446;9624)
(452;446;9641)
(452;446;9641)
(453;446;9641)
(453;445;9657)
(453;445;9658)
(454;445;9674)
(454;444;9674)
(455;444;9690)
(455;444;9690)
(456;444;9690)
(457;443;9707)
(457;443;9708)
(458;442;9725)
(460;442;9725)
(461;441;9741)
(462;440;9741)
(463;440;9757)
(464;439;9758)
(464;439;9774)
(465;439;9774)
(465;439;9791)
(466;438;9792)
(466;438;9807)
(467;438;9807)
(467;438;9807)
(467;438;9824)
(468;438;9824)
(469;437;9841)
(469;437;9841)
(470;437;9857)
(470;437;9858)
(471;436;9874)
(471;436;9874)
(471;436;9874)
(471;436;9891)
(471;436;9891)
(471;436;9907)
(471;436;9907)
(471;436;9925)
(471;436;9925)
(471;436;9941)
(471;436;9942)
(471;436;9942)
(471;436;9958)
(471;436;9959)
(471;436;9974)
(472;436;9974)
(472;436;9991)
(472;436;9991)
(472;436;10008)
(472;436;10008)
(472;436;10008)
(472;436;10025)
(472;436;10025)
(472;436;10041)
(472;436;10041)
(472;436;10057)
(472;436;10057)
(472;436;10074)
(472;435;10075)
(472;435;10075)
(472;435;10090)
(472;435;10108)
(472;435;10108)
(472;435;10109)
(472;435;10124)
(472;435;10125)
(472;435;10141)
(473;435;10141)
(473;435;10157)
(473;435;10157)
(473;435;10175)
(473;435;10175)
(473;435;10175)
(473;435;10192)
(474;435;10192)
(474;434;10208)
(474;434;10208)
(474;434;10224)
(474;434;10224)
(475;434;10225)
(475;434;10241)
(475;434;10241)
(475;434;10257)
(475;434;10257)
(475;434;10274)
(475;434;10275)
(475;434;10291)
(475;434;10292)
(475;434;10292)
(475;434;10308)
(475;434;10308)
(475;434;10324)
(475;434;10325)
(475;434;10341)
(475;434;10342)
(475;434;10358)
(475;434;10358)
(475;434;10358)
(475;434;10375)
(475;434;10375)
(475;434;10391)
(475;434;10391)
(475;434;10407)
(475;434;10407)
(475;434;10423)
(475;434;10424)
(475;434;10441)
(475;434;10441)
(475;434;10457)
(475;434;10458)
(475;433;10475)
(475;433;10475)
(475;433;10475)
(475;433;10491)
(475;433;10492)
(475;433;10507)
(475;433;10507)
(475;433;10524)
(475;433;10525)
(475;433;10541)
(475;433;10542)
(475;433;10557)
(475;433;10557)
(475;433;10574)
(475;433;10575)
(475;433;10591)
(475;433;10592)
(475;433;10592)
(475;433;10607)
(475;433;10607)
(475;433;10624)
(475;433;10624)
(475;433;10641)
(475;433;10641)
(475;433;10657)
(475;433;10657)
(475;433;10674)
(475;433;10675)
(475;433;10675)
(475;433;10691)
(475;433;10691)
(475;433;10707)
(475;433;10724)
(475;433;10725)
(475;433;10741)
(475;433;10741)
(475;433;10757)
(475;433;10758)
(475;433;10774)
(475;433;10774)
(475;433;10774)
(475;433;10791)
(475;433;10791)
(475;433;10807)
(475;433;10807)
(475;433;10824)
(475;433;10824)
(475;433;10824)
(475;433;10841)
(475;433;10842)
(475;433;10858)
(475;433;10858)
(475;433;10874)
(475;433;10874)
(475;433;10891)
(475;433;10891)
(475;433;10892)
(475;433;10908)
(475;433;10909)
(475;433;10924)
(475;433;10924)
(475;433;10942)
(475;433;10942)
(475;433;10942)
(475;433;10958)
(475;433;10974)
(475;433;10974)
(475;433;10974)
(475;433;10991)
(475;433;10992)
(475;433;11007)
(475;433;11007)
(475;433;11024)
(475;433;11024)
(475;433;11042)
(475;433;11042)
(475;433;11042)
(475;433;11057)
(475;433;11075)
(475;433;11075)
(475;433;11075)
(475;433;11091)
(475;433;11091)
(475;433;11107)
(475;433;11108)
(475;433;11124)
(475;433;11124)
(475;433;11124)
(475;433;11141)
(475;433;11141)
(475;433;11157)
(475;433;11157)
(475;433;11175)
(475;433;11175)
(475;433;11190)
(475;433;11191)
(475;433;11191)
(475;433;11208)
(475;433;11208)
(475;433;11224)
(475;433;11224)
(475;433;11241)
(475;433;11241)
(475;433;11258)
(475;433;11258)
(475;433;11258)
(475;433;11275)
(475;433;11275)
(475;433;11290)
(475;433;11308)
(475;433;11309)
(475;433;11309)
(475;433;11323)
(475;433;11324)
(475;433;11341)
(475;433;11342)
(475;433;11358)
(475;433;11358)
(475;433;11358)
(475;433;11373)
(475;433;11374)
(475;433;11390)
(475;433;11391)
(475;433;11407)
(475;433;11408)
(475;433;11424)
(475;433;11424)
(475;433;11424)
(475;433;11440)
(475;433;11440)
(475;433;11458)
(475;433;11458)
(475;433;11474)
(475;433;11475)
(475;433;11492)
(475;433;11492)
(475;433;11507)
(475;433;11523)
(475;433;11524)
(475;433;11524)
(475;433;11541)
(475;433;11541)
(475;433;11557)
(475;433;11557)
(475;433;11574)
(475;433;11575)
(475;433;11575)
(475;433;11590)
(475;433;11608)
(475;433;11608)
(475;433;11623)
(475;433;11624)
(475;433;11640)
(475;433;11641)
(475;433;11658)
(475;433;11658)
(475;433;11658)
(476;433;11674)
(476;433;11674)
(476;433;11690)
(476;433;11690)
(476;433;11707)
(476;433;11707)
(476;433;11724)
(476;433;11724)
(476;433;11724)
(476;433;11740)
(476;433;11741)
(476;433;11758)
(476;433;11758)
(476;433;11774)
(476;433;11774)
(476;433;11791)
(476;433;11791)
(476;433;11791)
(476;433;11808)
(477;433;11808)
(477;432;11824)
(478;432;11824)
(479;431;11840)
(480;431;11841)
(481;430;11857)
(482;429;11858)
(482;429;11874)
(482;429;11874)
(482;429;11875)
(482;429;11891)
(482;429;11891)
(482;429;11907)
(482;429;11908)
(483;429;11924)
(483;429;11924)
(483;429;11941)
(483;428;11941)
(483;428;11957)
(484;428;11957)
(486;427;11974)
(487;426;11974)
(488;426;11974)
(489;425;11991)
(491;424;11991)
(492;423;12008)
(493;423;12008)
(494;422;12024)
(494;422;12024)
(495;421;12024)
(496;421;12041)
(497;420;12041)
(498;420;12057)
(499;419;12057)
(499;419;12075)
(500;419;12075)
(501;419;12091)
(502;418;12091)
(504;418;12091)
(505;417;12107)
(506;417;12107)
(507;416;12124)
(508;416;12124)
(509;416;12141)
(510;416;12141)
(511;416;12157)
(512;415;12158)
(513;415;12158)
(514;415;12174)
(514;414;12174)
(515;414;12191)
(516;414;12191)
(516;414;12208)
(517;414;12208)
(518;414;12224)
(519;414;12224)
(520;413;12241)
(522;412;12242)
(523;412;12257)
(525;411;12257)
(525;410;12274)
(526;410;12275)
(527;409;12275)
(528;409;12291)
(529;408;12291)
(530;407;12307)
(531;406;12307)
(532;406;12324)
(533;405;12324)
(534;404;12324)
(535;403;12341)
(536;403;12341)
(536;402;12357)
(537;402;12357)
(538;401;12374)
(538;401;12375)
(539;401;12395)
(540;400;12396)
(541;400;12419)
(542;399;12420)
(544;398;12420)
(545;398;12436)
(547;397;12436)
(548;397;12453)
(549;397;12453)
(550;397;12453)
(551;397;12470)
(552;397;12470)
(553;397;12486)
(554;397;12487)
(556;398;12503)
(557;398;12503)
(559;399;12520)
(561;399;12520)
(562;400;12520)
(563;400;12537)
(564;400;12537)
(565;400;12553)
(566;401;12554)
(566;401;12569)
(567;401;12570)
(567;401;12587)
(567;401;12587)
(568;401;12587)
(568;401;12602)
(568;401;12603)
(569;401;12620)
(569;401;12620)
(569;401;12636)
(569;401;12636)
(570;401;12653)
(570;401;12654)
(570;401;12670)
(570;401;12670)
(570;401;12670)
(570;400;12686)
(571;400;12686)
(571;399;12702)
(572;397;12703)
(573;395;12719)
(574;392;12720)
(574;390;12736)
(575;387;12736)
(576;385;12753)
(576;384;12753)
(578;379;12769)
(578;378;12786)
(578;377;12786)
(579;376;12804)
(579;374;12804)
(580;373;12804)
(580;372;12821)
(581;371;12821)
(581;370;12836)
(582;369;12837)
(582;368;12853)
(582;368;12854)
(583;367;12869)
(583;367;12870)
(583;366;12870)
(584;364;12887)
(585;362;12904)
(586;360;12904)
(587;359;12904)
(587;357;12919)
(588;356;12920)
(588;354;12937)
(589;353;12937)
(589;351;12953)
(590;350;12953)
(590;349;12970)
(591;348;12970)
(591;348;12971)
(591;347;12987)
(591;347;12987)
(591;347;13004)
(592;347;13004)
(592;346;13021)
(592;346;13021)
(593;346;13037)
(593;345;13037)
(594;345;13053)
(594;345;13054)
(595;344;13054)
(595;344;13071)
(596;343;13071)
(597;342;13087)
(598;342;13087)
(599;341;13104)
(600;341;13104)
(600;341;13104)
(601;340;13120)
(601;340;13121)
(602;340;13137)
(602;340;13137)
(603;339;13154)
(604;338;13154)
(605;338;13170)
(606;337;13170)
(607;336;13170)
(609;335;13187)
(610;334;13188)
(612;332;13203)
(613;331;13204)
(614;330;13221)
(615;329;13221)
(615;329;13237)
(616;328;13237)
(617;326;13254)
(619;325;13254)
(620;324;13254)
(621;323;13271)
(622;322;13271)
(623;321;13287)
(624;320;13287)
(625;319;13304)
(626;318;13304)
(627;317;13321)
(628;316;13321)
(629;315;13337)
(630;313;13337)
(633;310;13354)
(634;309;13355)
(635;307;13371)
(636;306;13371)
(636;305;13387)
(637;305;13388)
(637;304;13404)
(638;304;13404)
(638;303;13404)
(639;302;13421)
(639;301;13421)
(640;300;13438)
(641;299;13438)
(642;298;13454)
(643;297;13454)
(644;295;13471)
(644;295;13471)
(645;294;13487)
(646;293;13487)
(647;291;13504)
(648;290;13504)
(649;289;13521)
(649;289;13521)
(650;288;13537)
(651;287;13537)
(651;287;13554)
(652;287;13554)
(653;286;13554)
(654;286;13571)
(655;285;13571)
(656;284;13587)
(657;284;13588)
(658;283;13604)
(659;282;13605)
(662;281;13621)
(665;278;13637)
(666;278;13653)
(667;277;13654)
(668;276;13654)
(669;276;13671)
(669;275;13671)
(670;274;13687)
(671;274;13688)
(672;273;13704)
(672;273;13704)
(673;272;13704)
(673;272;13721)
(674;272;13721)
(674;271;13737)
(675;271;13737)
(676;270;13754)
(676;269;13755)
(677;269;13770)
(678;268;13770)
(678;268;13770)
(678;267;13787)
(679;267;13787)
(679;267;13804)
(680;267;13804)
(680;266;13821)
(681;266;13821)
(681;265;13837)
(682;264;13838)
(682;264;13838)
(683;263;13854)
(683;262;13854)
(684;262;13870)
(684;261;13870)
(685;261;13887)
(685;260;13887)
(685;259;13904)
(686;258;13904)
(686;257;13921)
(686;255;13921)
(687;254;13937)
(687;253;13938)
(687;251;13954)
(687;249;13954)
(687;248;13954)
(686;246;13970)
(686;243;13970)
(685;241;13987)
(685;239;13987)
(684;236;14003)
(684;234;14004)
(683;232;14004)
(683;230;14020)
(683;228;14021)
(682;227;14037)
(682;225;14037)
(682;223;14053)
(682;221;14054)
(681;220;14070)
(681;218;14070)
(681;217;14070)
(681;216;14087)
(681;215;14087)
(681;214;14104)
(681;214;14104)
(681;213;14121)
(681;213;14121)
(682;212;14137)
(682;211;14137)
(683;209;14153)
(683;208;14154)
(683;207;14170)
(684;205;14171)
(684;204;14171)
(684;203;14187)
(685;202;14187)
(685;200;14204)
(685;198;14204)
(685;196;14220)
(685;194;14221)
(685;192;14237)
(685;191;14238)
(685;189;14254)
(685;188;14254)
(685;186;14254)
(684;184;14271)
(684;183;14271)
(684;181;14287)
(683;180;14287)
(683;179;14304)
(683;177;14305)
(683;176;14305)
(682;174;14321)
(682;173;14321)
(682;172;14337)
(682;171;14338)
(681;170;14354)
(681;169;14354)
(681;169;14370)
(681;168;14371)
(681;168;14371)
(681;168;14388)
(681;168;14388)
(681;168;14404)
(681;168;14404)
(681;168;14420)
(681;168;14421)
(681;168;14437)
(681;168;14437)
(681;168;14454)
(681;168;14454)
(680;168;14454)
(680;168;14471)
(679;168;14472)
(678;168;14487)
(676;167;14488)
(674;166;14504)
(672;165;14504)
(670;164;14521)
(669;164;14521)
(667;163;14537)
(666;162;14538)
(666;162;14553)
(665;161;14554)
(665;161;14554)
(665;161;14571)
(665;161;14571)
(665;161;14588)
(665;161;14588)
(665;161;14604)
(665;161;14604)
(665;161;14604)
(665;160;14620)
(665;160;14621)
(666;160;14637)
(667;159;14637)
(668;157;14654)
(670;155;14654)
(674;150;14671)
(676;148;14671)
(678;145;14687)
(680;142;14687)
(682;139;14705)
(684;136;14705)
(686;133;14721)
(688;130;14722)
(690;127;14737)
(692;124;14738)
(694;121;14754)
(696;118;14754)
(697;116;14755)
(699;114;14771)
(700;112;14771)
(701;110;14787)
(702;108;14787)
(703;106;14804)
(703;105;14805)
(704;105;14821)
(704;104;14821)
(704;104;14837)
(704;104;14838)
(704;104;14854)
(704;103;14854)
(704;103;14854)
(704;103;14871)
(704;102;14871)
(704;102;14887)
(705;101;14888)
(705;100;14904)
(705;99;14904)
(706;98;14904)
(706;97;14921)
(706;97;14921)
(707;96;14937)
(707;95;14938)
(707;93;14953)
(708;92;14954)
(708;90;14971)
(709;89;14971)
(709;88;14971)
(710;86;14987)
(710;85;14987)
(710;84;15004)
(710;83;15005)
(711;82;15021)
(711;81;15021)
(711;79;15038)
(711;78;15038)
(711;77;15054)
(711;77;15054)
(711;77;15071)
(711;76;15071)
(711;76;15088)
(711;75;15088)
(711;75;15089)
(711;74;15104)
(710;73;15105)
(710;73;15121)
(709;71;15121)
(708;69;15137)
(707;67;15137)
(705;65;15153)
(704;63;15154)
(703;62;15154)
(702;60;15171)
(700;57;15171)
(699;55;15187)
(698;52;15187)
(696;50;15204)
(695;48;15204)
(694;46;15204)
(693;44;15222)
(693;43;15222)
(693;42;15237)
(692;41;15238)
(692;41;15254)
(692;40;15254)
(692;40;15271)
(692;40;15271)
(692;40;15287)
(692;40;15288)
(692;40;15288)
(692;40;15305)
(692;40;15305)
(692;39;15320)
(692;38;15321)
(692;37;15337)
(692;36;15337)
(692;35;15354)
(692;34;15354)
(692;32;15354)
(692;31;15371)
(692;29;15387)
(692;28;15388)
(692;28;15388)
(693;26;15404)
(693;25;15421)
(693;24;15421)
(693;23;15438)
(693;23;15438)
(693;23;15439)
(693;22;15454)
(693;22;15454)
(693;22;15470)
(693;22;15470)
(694;21;15487)
(694;20;15487)
(695;20;15504)
(695;19;15504)
(695;18;15504)
(695;18;15521)
(696;17;15522)
(696;17;15538)
(696;17;15538)
(697;17;15554)
(697;16;15554)
(698;16;15571)
(698;15;15571)
(699;15;15571)
(699;15;15587)
(699;14;15604)
(700;14;15604)
(700;14;15605)
(701;13;15621)
(701;13;15622)
(702;12;15637)
(702;12;15638)
(703;12;15654)
(703;12;15654)
(703;11;15654)
(703;11;15671)
(704;11;15672)
(704;11;15687)
(704;11;15687)
(704;11;15704)
(704;11;15704)
(704;11;15721)
(704;10;15721)
(704;10;15738)
(704;10;15738)
(704;10;15738)
(704;10;15754)
(704;10;15755)
(704;10;15771)
(704;10;15771)
(704;10;15788)
(704;9;15788)
(704;9;15804)
(704;9;15804)
(704;8;15804)
(704;7;15821)
(704;6;15822)
(704;6;15837)
(704;5;15837)
(704;4;15854)
(704;3;15854)
(704;2;15872)
(704;1;15872)
(704;0;15872)
(704;0;15888)
(704;0;15888)
(704;-1;15903)
(704;-1;15903)
(704;-1;15922)
(704;-1;15922)
(704;-1;15922)
(704;-1;15938)
(704;-1;15938)
(704;-1;15954)
(704;-1;15955)
(704;-1;15971)
(704;-1;15972)
(704;-1;15987)
(704;-1;15988)
(704;-1;16004)
(704;-1;16005)
(704;-1;16021)
(704;-1;16021)
(704;-1;16037)
(704;-1;16037)
(704;-1;16055)
(704;-1;16055)
(704;-1;16055)
(704;-1;16071)
(704;-1;16072)
(704;-1;16088)
(704;-1;16088)
(704;-1;16104)
(704;0;16104)
(705;3;16104)
(707;6;16121)
(709;11;16121)
(713;17;16137)
(718;24;16138)
(722;31;16154)
(725;39;16154)
