(476;455;0)
(475;455;15)
(475;455;15)
(475;455;31)
(475;455;32)
(475;455;48)
(475;455;48)
(475;455;48)
(475;455;64)
(475;455;65)
(475;455;81)
(475;455;81)
(475;455;98)
(475;455;99)
(475;455;115)
(475;455;115)
(475;455;131)
(475;455;132)
(475;455;148)
(475;455;148)
(475;455;164)
(475;455;165)
(475;455;181)
(475;455;182)
(476;455;198)
(477;455;198)
(478;455;215)
(480;455;215)
(481;455;215)
(483;455;232)
(485;455;232)
(486;455;248)
(488;455;248)
(489;455;265)
(490;455;265)
(491;455;282)
(492;455;282)
(494;454;298)
(495;454;299)
(496;453;299)
(497;453;315)
(498;453;315)
(498;453;331)
(498;452;331)
(498;452;348)
(498;452;348)
(498;452;348)
(498;452;385)
(498;452;385)
(498;452;402)
(498;452;402)
(498;452;418)
(498;452;419)
(498;452;419)
(498;452;435)
(498;452;435)
(498;452;451)
(498;452;452)
(498;452;468)
(498;452;469)
(498;452;469)
(498;452;485)
(498;452;485)
(498;452;501)
(498;452;502)
(498;452;518)
(498;452;518)
(498;452;535)
(497;451;535)
(497;451;535)
(496;450;551)
(496;449;552)
(495;449;568)
(495;448;568)
(494;448;585)
(494;447;586)
(493;446;602)
(493;445;602)
(492;444;618)
(491;443;619)
(491;442;635)
(490;441;636)
(490;440;636)
(490;440;652)
(490;439;652)
(489;439;668)
(489;438;668)
(489;438;685)
(488;437;685)
(488;437;702)
(488;436;703)
(487;435;719)
(486;435;719)
(485;434;720)
(485;433;735)
(484;433;735)
(484;433;752)
(484;432;753)
(483;431;769)
(482;431;769)
(481;430;769)
(480;429;785)
(480;428;785)
(479;428;802)
(478;427;803)
(478;426;818)
(477;426;818)
(477;426;835)
(476;425;835)
(476;425;835)
(476;425;851)
(476;425;852)
(476;425;868)
(476;425;868)
(475;425;885)
(475;425;885)
(474;425;902)
(474;425;902)
(473;425;918)
(473;425;919)
(473;425;935)
(472;425;935)
(472;425;952)
(471;425;952)
(470;424;952)
(470;424;968)
(469;424;969)
(469;424;985)
(469;424;985)
(469;424;1001)
(469;424;1002)
(469;424;1018)
(469;423;1018)
(469;423;1019)
(469;423;1035)
(469;423;1035)
(469;423;1052)
(469;423;1052)
(469;423;1068)
(469;423;1068)
(469;423;1068)
(469;423;1085)
(469;423;1085)
(469;423;1102)
(469;423;1102)
(469;423;1118)
(469;423;1119)
(469;423;1136)
(469;422;1136)
(469;421;1152)
(469;420;1152)
(469;419;1168)
(469;417;1169)
(469;416;1169)
(469;414;1184)
(469;413;1185)
(469;412;1202)
(469;411;1202)
(469;411;1218)
(469;411;1218)
(469;411;1235)
(469;411;1236)
(469;411;1252)
(469;411;1252)
(469;411;1253)
(469;411;1269)
(469;411;1269)
(469;411;1285)
(469;411;1286)
(469;411;1302)
(469;411;1302)
(469;411;1302)
(469;411;1319)
(469;411;1319)
(469;411;1335)
(469;411;1335)
(469;411;1352)
(468;411;1352)
(468;411;1368)
(467;411;1368)
(466;410;1368)
(465;410;1386)
(465;409;1386)
(464;409;1402)
(464;409;1402)
(464;409;1419)
(464;409;1419)
(464;409;1435)
(464;409;1435)
(464;409;1452)
(463;409;1452)
(463;409;1468)
(463;409;1468)
(463;409;1485)
(463;409;1485)
(463;409;1502)
(463;409;1502)
(463;409;1518)
(463;409;1518)
(463;409;1519)
(463;409;1535)
(463;409;1535)
(463;409;1552)
(463;409;1553)
(463;409;1569)
(463;409;1569)
(463;408;1585)
(463;408;1585)
(463;408;1602)
(463;408;1602)
(464;408;1603)
(464;408;1619)
(464;408;1619)
(464;408;1635)
(464;408;1635)
(464;407;1652)
(464;407;1652)
(464;406;1669)
(464;405;1669)
(464;405;1669)
(464;404;1686)
(464;403;1686)
(464;402;1702)
(464;401;1703)
(464;401;1719)
(464;401;1719)
(464;401;1735)
(464;401;1735)
(464;401;1735)
(464;401;1751)
(464;401;1752)
(464;401;1768)
(464;401;1768)
(464;401;1785)
(464;401;1785)
(464;401;1802)
(464;401;1802)
(464;401;1819)
(463;401;1819)
(463;401;1819)
(463;401;1836)
(463;400;1836)
(462;400;1852)
(462;400;1853)
(461;399;1868)
(460;399;1868)
(460;399;1885)
(460;398;1885)
(459;398;1902)
(459;398;1902)
(459;398;1919)
(459;398;1919)
(459;398;1919)
(459;398;1934)
(459;398;1935)
(459;398;1952)
(459;398;1952)
(459;398;1968)
(459;398;1968)
(459;398;1968)
(459;398;1984)
(459;397;1985)
(459;397;2002)
(459;397;2002)
(459;397;2018)
(459;397;2018)
(459;397;2035)
(459;397;2035)
(459;397;2035)
(459;397;2052)
(459;396;2052)
(459;395;2068)
(460;393;2069)
(460;391;2085)
(460;389;2085)
(460;387;2102)
(460;386;2102)
(461;386;2118)
(461;384;2118)
(461;383;2119)
(461;382;2135)
(462;381;2135)
(462;380;2152)
(462;379;2152)
(462;379;2168)
(463;378;2168)
(463;378;2184)
(463;377;2185)
(463;376;2202)
(464;375;2203)
(464;374;2203)
(465;372;2219)
(465;371;2219)
(465;371;2235)
(465;370;2236)
(466;369;2252)
(466;368;2253)
(466;367;2268)
(467;366;2268)
(467;365;2268)
(467;364;2285)
(467;363;2285)
(468;362;2301)
(468;362;2302)
(468;361;2318)
(468;361;2319)
(469;360;2336)
(469;359;2336)
(469;358;2336)
(470;357;2352)
(470;357;2352)
(470;356;2369)
(471;356;2369)
(471;356;2384)
(471;355;2385)
(471;355;2402)
(472;354;2403)
(472;354;2419)
(472;354;2419)
(472;353;2419)
(473;352;2435)
(473;351;2435)
(473;350;2452)
(474;350;2452)
(474;349;2468)
(474;349;2468)
(474;349;2485)
(474;349;2485)
(474;349;2502)
(474;349;2503)
(474;349;2503)
(474;349;2518)
(474;349;2519)
(474;349;2536)
(474;349;2536)
(474;349;2552)
(474;349;2552)
(474;349;2568)
(474;349;2568)
(474;349;2586)
(474;349;2586)
(474;349;2586)
(474;349;2602)
(474;349;2602)
(474;349;2618)
(474;349;2619)
(474;349;2635)
(474;349;2635)
(474;349;2635)
(474;349;2651)
(474;349;2652)
(474;349;2669)
(474;349;2669)
(474;349;2685)
(474;349;2686)
(474;349;2702)
(474;349;2702)
(474;349;2719)
(474;349;2719)
(474;349;2719)
(474;349;2735)
(474;349;2735)
(475;349;2751)
(475;349;2752)
(475;349;2768)
(475;349;2768)
(475;349;2785)
(475;349;2786)
(475;349;2801)
(475;349;2802)
(475;349;2818)
(475;349;2819)
(475;349;2835)
(475;349;2835)
(475;349;2852)
(475;349;2852)
(475;349;2869)
(475;349;2869)
(475;349;2869)
(475;349;2885)
(475;349;2885)
(475;349;2901)
(475;349;2902)
(475;349;2918)
(475;349;2919)
(475;349;2934)
(475;349;2935)
(475;349;2935)
(475;349;2951)
(475;349;2951)
(475;349;2968)
(475;349;2968)
(475;349;2984)
(475;349;2985)
(475;349;3001)
(475;349;3001)
(475;349;3018)
(475;349;3019)
(475;349;3019)
(475;349;3034)
(475;349;3034)
(475;349;3051)
(475;349;3051)
(475;349;3068)
(475;349;3068)
(475;349;3085)
(475;349;3085)
(475;349;3102)
(475;349;3102)
(475;349;3118)
(475;349;3118)
(475;349;3134)
(475;349;3134)
(475;349;3164)
(475;349;3165)
(475;349;3165)
(475;349;3165)
(475;349;3182)
(475;349;3198)
(475;349;3215)
(475;349;3215)
(475;349;3215)
(475;349;3215)
(475;349;3232)
(475;349;3232)
(475;349;3247)
(475;349;3248)
(475;349;3264)
(475;349;3264)
(475;349;3282)
(475;349;3282)
(475;349;3298)
(475;349;3299)
(475;349;3299)
(475;349;3315)
(475;349;3315)
(475;349;3332)
(475;349;3332)
(475;349;3348)
(475;349;3348)
(475;349;3348)
(475;349;3365)
(475;349;3365)
(475;349;3382)
(475;349;3382)
(475;349;3397)
(475;349;3398)
(475;349;3415)
(475;349;3415)
(475;349;3415)
(475;349;3431)
(475;349;3431)
(475;349;3448)
(475;349;3448)
(475;349;3464)
(475;349;3464)
(475;349;3482)
(475;349;3482)
(475;349;3498)
(475;349;3498)
(475;349;3515)
(475;349;3515)
(475;349;3515)
(475;349;3532)
(475;349;3532)
(475;349;3548)
(474;349;3549)
(474;349;3565)
(474;349;3565)
(474;349;3582)
(474;348;3582)
(474;348;3598)
(473;348;3598)
(473;348;3598)
(472;347;3615)
(472;347;3615)
(472;347;3632)
(471;346;3632)
(470;346;3648)
(470;345;3648)
(469;344;3648)
(468;344;3665)
(468;343;3665)
(467;342;3682)
(466;342;3682)
(466;341;3698)
(465;340;3699)
(465;340;3714)
(465;340;3715)
(464;339;3715)
(463;339;3732)
(463;338;3732)
(462;337;3748)
(461;337;3748)
(460;336;3765)
(459;335;3766)
(459;335;3782)
(458;334;3782)
(457;334;3799)
(456;333;3799)
(455;332;3799)
(454;332;3815)
(454;332;3815)
(453;331;3831)
(453;331;3832)
(453;331;3848)
(453;331;3848)
(453;331;3865)
(453;331;3865)
(453;331;3882)
(453;331;3882)
(453;331;3882)
(453;331;3898)
(452;331;3899)
(452;330;3914)
(451;330;3915)
(450;329;3931)
(449;329;3932)
(448;328;3948)
(448;328;3949)
(447;328;3949)
(447;327;3964)
(446;327;3965)
(445;326;3982)
(444;326;3982)
(443;325;3998)
(442;324;3999)
(441;323;4015)
(439;323;4016)
(438;322;4016)
(437;321;4032)
(436;320;4032)
(435;320;4048)
(434;319;4048)
(434;319;4065)
(433;318;4065)
(432;318;4082)
(432;317;4082)
(431;317;4082)
(430;316;4098)
(430;316;4115)
(429;316;4115)
(428;315;4116)
(427;315;4132)
(426;315;4132)
(425;314;4148)
(425;314;4148)
(424;314;4165)
(424;314;4165)
(423;314;4182)
(422;314;4182)
(421;314;4198)
(420;313;4199)
(419;313;4216)
(418;313;4216)
(418;313;4232)
(418;313;4232)
(418;313;4248)
(418;313;4248)
(417;313;4249)
(417;313;4265)
(417;312;4265)
(417;312;4282)
(417;312;4282)
(417;312;4298)
(416;311;4299)
(415;311;4314)
(414;309;4344)
(414;309;4344)
(413;308;4345)
(413;308;4345)
(413;307;4362)
(412;307;4362)
(412;306;4378)
(411;305;4378)
(411;304;4378)
(410;303;4395)
(410;302;4395)
(410;301;4412)
(409;300;4412)
(409;299;4428)
(409;298;4428)
(408;297;4429)
(408;296;4445)
(408;294;4446)
(407;293;4460)
(407;293;4461)
(407;292;4478)
(406;292;4478)
(406;291;4495)
(406;290;4495)
(405;289;4496)
(405;288;4511)
(405;287;4511)
(405;287;4528)
(404;286;4528)
(404;285;4544)
(404;284;4544)
(404;284;4562)
(404;283;4562)
(404;283;4579)
(404;283;4579)
(404;283;4579)
(404;283;4594)
(404;283;4595)
(404;283;4611)
(403;283;4612)
(403;283;4628)
(402;282;4628)
(402;281;4645)
(401;280;4645)
(400;280;4662)
(400;279;4662)
(400;279;4678)
(399;279;4678)
(399;278;4679)
(399;278;4695)
(398;278;4695)
(398;277;4711)
(398;277;4711)
(398;277;4728)
(398;276;4728)
(397;276;4728)
(397;275;4745)
(396;274;4745)
(396;273;4761)
(396;272;4761)
(396;272;4778)
(396;272;4779)
(396;272;4795)
(396;272;4796)
(396;272;4796)
(396;272;4811)
(396;272;4811)
(396;272;4828)
(396;272;4829)
(396;272;4845)
(396;272;4846)
(396;271;4862)
(396;271;4862)
(396;271;4879)
(396;271;4879)
(396;271;4879)
(396;271;4895)
(396;271;4896)
(396;271;4912)
(396;271;4912)
(396;271;4928)
(396;271;4928)
(396;271;4945)
(396;271;4945)
(396;271;4962)
(397;270;4962)
(398;268;4978)
(400;267;4978)
(401;265;4979)
(402;263;4995)
(403;262;4995)
(404;260;5012)
(405;259;5012)
(406;258;5028)
(407;257;5029)
(408;256;5029)
(408;255;5045)
(409;254;5045)
(409;254;5062)
(410;252;5062)
(411;251;5078)
(411;251;5079)
(412;250;5095)
(412;250;5095)
(412;250;5095)
(412;249;5112)
(412;249;5112)
(412;249;5128)
(413;249;5129)
(413;249;5144)
(413;248;5145)
(413;248;5162)
(413;248;5162)
(413;248;5178)
(413;248;5179)
(413;247;5179)
(414;245;5195)
(414;244;5196)
(415;243;5211)
(415;242;5212)
(415;241;5228)
(415;241;5228)
(415;240;5245)
(416;239;5245)
(416;239;5261)
(416;239;5262)
(416;239;5278)
(416;239;5278)
(416;239;5278)
(416;239;5295)
(416;239;5295)
(416;239;5312)
(416;239;5312)
(416;239;5328)
(416;238;5328)
(416;237;5329)
(416;237;5345)
(416;236;5345)
(416;236;5362)
(417;235;5362)
(417;235;5378)
(417;235;5379)
(417;235;5395)
(417;234;5395)
(417;234;5395)
(417;234;5412)
(417;234;5412)
(417;233;5429)
(418;233;5429)
(418;233;5445)
(418;233;5445)
(418;233;5461)
(418;232;5462)
(419;232;5478)
(419;231;5478)
(420;231;5512)
(420;231;5512)
(420;231;5512)
(420;231;5528)
(421;231;5528)
(421;230;5545)
(421;230;5545)
(421;230;5562)
(422;230;5562)
(422;230;5578)
(422;230;5578)
(423;229;5606)
(423;229;5606)
(423;229;5606)
(423;229;5607)
(423;229;5623)
(423;229;5624)
(423;229;5624)
(423;229;5640)
(423;229;5640)
(423;229;5656)
(423;229;5656)
(423;229;5673)
(423;229;5673)
(423;229;5690)
(423;229;5691)
(423;229;5691)
(422;229;5707)
(421;229;5707)
(421;229;5724)
(420;228;5724)
(419;228;5740)
(418;228;5740)
(417;228;5756)
(417;228;5756)
(416;228;5756)
(415;227;5774)
(415;227;5774)
(414;227;5790)
(413;227;5790)
(412;226;5807)
(412;226;5823)
(411;226;5823)
(411;226;5823)
(410;226;5823)
(410;226;5840)
(409;225;5856)
(408;225;5856)
(408;225;5857)
(408;225;5873)
(407;224;5873)
(407;224;5890)
(407;224;5890)
(407;224;5907)
(407;224;5907)
(407;224;5907)
(407;224;5923)
(406;224;5940)
(406;224;5940)
(406;224;5940)
(406;224;5956)
(406;224;5956)
(406;224;5973)
(406;224;5973)
(406;224;5990)
(406;224;5990)
(406;224;5990)
(406;224;6006)
(406;224;6006)
(406;224;6023)
(406;224;6023)
(406;224;6039)
(406;224;6040)
(406;224;6056)
(406;224;6056)
(406;224;6056)
(406;224;6073)
(406;224;6073)
(406;223;6089)
(406;223;6090)
(406;223;6107)
(406;223;6107)
(406;223;6107)
(406;223;6124)
(406;223;6124)
(407;222;6140)
(407;221;6140)
(408;219;6157)
(408;218;6157)
(409;217;6173)
(409;216;6173)
(409;216;6190)
(409;216;6190)
(409;215;6190)
(409;215;6207)
(409;215;6207)
(409;215;6224)
(409;215;6245)
(409;215;6246)
(409;215;6246)
(409;215;6262)
(409;215;6263)
(409;215;6280)
(409;215;6280)
(409;215;6296)
(408;215;6296)
(408;215;6296)
(407;215;6312)
(407;215;6313)
(406;215;6330)
(405;215;6330)
(404;215;6346)
(404;215;6346)
(404;215;6347)
(403;215;6362)
(403;215;6363)
(403;215;6380)
(402;215;6380)
(402;215;6396)
(401;215;6396)
(401;215;6413)
(400;215;6414)
(400;215;6429)
(399;215;6429)
(399;215;6446)
(399;215;6447)
(399;215;6462)
(399;215;6463)
(399;215;6463)
(399;215;6479)
(399;215;6480)
(399;215;6496)
(398;215;6496)
(398;215;6513)
(398;215;6513)
(398;214;6530)
(398;214;6530)
(398;214;6530)
(398;214;6546)
(398;214;6546)
(398;214;6563)
(398;214;6564)
(398;214;6580)
(398;214;6580)
(398;214;6596)
(398;214;6617)
(398;214;6617)
(397;214;6634)
(397;214;6651)
(397;213;6651)
(396;213;6652)
(395;212;6667)
(395;211;6668)
(394;210;6684)
(393;210;6684)
(393;209;6701)
(393;209;6701)
(393;209;6718)
(393;209;6718)
(393;209;6733)
(393;209;6734)
(393;208;6751)
(393;208;6751)
(393;208;6767)
(392;208;6768)
(392;208;6768)
(392;208;6784)
(392;208;6784)
(392;207;6801)
(391;207;6801)
(391;207;6818)
(391;207;6818)
(391;207;6834)
(390;206;6834)
(390;206;6835)
(389;205;6851)
(389;205;6851)
(388;204;6867)
(387;204;6868)
(387;203;6884)
(386;203;6885)
(386;202;6901)
(386;202;6901)
(385;202;6918)
(385;202;6918)
(385;202;6934)
(385;202;6934)
(385;202;6951)
(385;202;6951)
(385;202;6952)
(385;202;6967)
(385;202;6968)
(384;202;6984)
(384;202;6984)
(383;201;7002)
(382;201;7002)
(381;201;7017)
(380;200;7017)
(379;200;7017)
(378;199;7034)
(378;199;7035)
(377;199;7051)
(377;198;7052)
(376;198;7067)
(376;198;7068)
(376;198;7068)
(376;198;7084)
(376;198;7100)
(376;198;7100)
(376;198;7100)
(376;197;7118)
(376;197;7118)
(376;197;7133)
(375;196;7150)
(375;196;7151)
(375;195;7151)
(375;195;7168)
(374;194;7168)
(374;194;7184)
(374;194;7184)
(374;193;7201)
(373;193;7202)
(373;192;7218)
(373;191;7218)
(373;191;7234)
(373;191;7234)
(373;191;7252)
(373;191;7252)
(372;191;7252)
(372;191;7268)
(372;191;7268)
(372;191;7284)
(372;191;7285)
(371;191;7302)
(371;190;7302)
(370;190;7318)
(370;190;7318)
(369;190;7318)
(368;190;7334)
(368;190;7334)
(367;190;7351)
(367;190;7352)
(366;190;7367)
(366;189;7368)
(365;189;7368)
(365;189;7385)
(364;189;7385)
(364;189;7401)
(363;189;7401)
(362;189;7417)
(362;189;7418)
(362;189;7434)
(361;189;7435)
(361;189;7435)
(360;189;7451)
(360;189;7451)
(360;189;7468)
(359;189;7485)
(359;189;7485)
(359;188;7485)
(359;188;7501)
(359;188;7501)
(359;188;7518)
(359;188;7518)
(359;188;7535)
(359;188;7535)
(359;188;7535)
(359;188;7551)
(359;188;7552)
(359;188;7568)
(358;187;7568)
(358;187;7585)
(357;186;7585)
(357;185;7601)
(356;183;7601)
(356;182;7618)
(356;182;7619)
(356;181;7619)
(355;181;7634)
(355;181;7635)
(355;180;7651)
(355;180;7651)
(355;180;7668)
(355;179;7668)
(355;179;7668)
(355;179;7684)
(355;179;7684)
(354;179;7701)
(354;178;7701)
(354;178;7718)
(354;178;7718)
(354;178;7734)
(354;178;7734)
(354;178;7735)
(354;178;7751)
(354;178;7751)
(354;178;7767)
(354;178;7768)
(354;178;7785)
(354;177;7785)
(354;177;7801)
(354;177;7802)
(354;177;7818)
(354;177;7818)
(354;177;7818)
(354;177;7834)
(354;177;7835)
(354;177;7851)
(354;177;7852)
(354;177;7868)
(354;177;7868)
(354;177;7885)
(354;177;7885)
(354;177;7901)
(354;177;7901)
(355;177;7901)
(356;177;7918)
(357;176;7919)
(358;176;7934)
(358;176;7935)
(359;175;7951)
(361;175;7951)
(362;175;7968)
(363;174;7968)
(365;174;7968)
(366;173;7984)
(367;173;7985)
(368;173;8001)
(369;172;8002)
(370;172;8018)
(371;171;8018)
(372;171;8035)
(373;170;8036)
(374;170;8036)
(374;169;8051)
(375;168;8051)
(376;168;8068)
(377;167;8069)
(378;166;8085)
(379;165;8085)
(379;165;8101)
(380;164;8101)
(380;164;8118)
(381;164;8118)
(382;163;8119)
(383;162;8134)
(383;160;8134)
(384;160;8151)
(385;159;8151)
(386;158;8167)
(386;157;8168)
(387;156;8185)
(388;155;8185)
(389;155;8201)
(389;154;8201)
(390;153;8202)
(391;153;8218)
(392;152;8219)
(393;151;8240)
(394;151;8240)
(395;150;8240)
(395;149;8257)
(396;149;8257)
(397;148;8273)
(398;147;8274)
(399;146;8290)
(400;145;8290)
(401;145;8308)
(401;144;8308)
(402;144;8308)
(403;143;8323)
(403;142;8324)
(404;141;8341)
(404;141;8342)
(405;140;8358)
(405;140;8358)
(405;140;8373)
(405;140;8374)
(405;140;8390)
(405;140;8391)
(405;140;8408)
(405;140;8408)
(405;140;8424)
(405;140;8424)
(405;140;8440)
(405;140;8440)
(405;140;8440)
(405;140;8458)
(405;140;8458)
(405;140;8474)
(406;140;8474)
(406;140;8491)
(407;140;8491)
(408;140;8507)
(408;140;8508)
(409;141;8523)
(410;141;8523)
(411;141;8524)
(412;142;8541)
(413;142;8541)
(414;142;8557)
(415;143;8557)
(416;144;8573)
(416;144;8574)
(417;145;8591)
(418;145;8591)
(419;146;8591)
(420;146;8607)
(421;146;8624)
(422;147;8624)
(423;147;8624)
(424;148;8640)
(425;148;8640)
(426;149;8657)
(426;149;8658)
(427;149;8674)
(427;149;8674)
(428;149;8674)
(428;149;8690)
(428;149;8691)
(429;149;8706)
(429;149;8707)
(430;149;8724)
(430;149;8724)
(431;149;8741)
(431;148;8741)
(432;148;8758)
(433;147;8758)
(434;147;8758)
(434;146;8775)
(435;145;8775)
(435;145;8791)
(436;145;8791)
(436;144;8808)
(437;144;8808)
(438;143;8808)
(439;142;8824)
(440;141;8825)
(441;139;8840)
(442;139;8841)
(443;138;8857)
(444;138;8857)
(444;137;8874)
(444;137;8874)
(445;137;8891)
(445;136;8891)
(446;136;8891)
(447;136;8907)
(447;136;8907)
(448;136;8924)
(448;136;8924)
(449;135;8940)
(449;135;8940)
(450;135;8958)
(450;135;8958)
(450;135;8973)
(450;135;8973)
(450;136;8991)
(451;136;8991)
(451;136;9007)
(452;136;9007)
(453;137;9024)
(453;137;9024)
(454;137;9040)
(454;138;9040)
(455;138;9058)
(456;139;9058)
(457;140;9058)
(457;140;9073)
(458;141;9074)
(459;141;9091)
(460;142;9091)
(461;143;9107)
(461;144;9107)
(462;144;9107)
(463;145;9124)
(463;145;9124)
(464;146;9140)
(464;146;9140)
(464;147;9157)
(465;147;9157)
(466;148;9174)
(467;148;9175)
(468;149;9175)
(469;150;9190)
(470;150;9208)
(471;151;9208)
(473;152;9208)
(473;152;9224)
(474;152;9225)
(475;153;9240)
(476;153;9240)
(478;154;9258)
(479;154;9258)
(479;155;9274)
(480;155;9275)
(481;155;9275)
(481;156;9291)
(482;156;9291)
(484;156;9307)
(485;157;9307)
(486;157;9324)
(487;158;9324)
(488;158;9340)
(488;158;9340)
(489;159;9340)
(489;159;9357)
(490;159;9357)
(490;159;9375)
(491;159;9375)
(492;160;9390)
(492;160;9391)
(493;160;9406)
(494;160;9424)
(494;160;9424)
(495;161;9424)
(495;161;9441)
(495;161;9441)
(496;161;9456)
(496;161;9457)
(496;161;9474)
(497;161;9474)
(497;161;9490)
(498;162;9490)
(498;162;9506)
(498;162;9507)
(499;162;9507)
(499;162;9524)
(500;162;9524)
(501;162;9541)
(501;162;9541)
(501;162;9557)
(502;163;9558)
(502;163;9574)
(502;163;9574)
(502;163;9590)
(502;163;9591)
(503;163;9591)
(503;163;9607)
(504;163;9608)
(504;163;9624)
(504;163;9624)
(505;163;9640)
(505;163;9640)
(505;163;9640)
(505;163;9658)
(505;163;9658)
(505;163;9674)
(505;163;9675)
(505;163;9691)
(505;163;9691)
(505;163;9707)
(505;163;9707)
(505;163;9724)
(505;163;9725)
(505;163;9740)
(505;163;9741)
(505;163;9756)
(505;163;9757)
(505;163;9774)
(505;163;9775)
(505;163;9775)
(505;163;9791)
(505;163;9791)
(505;163;9806)
(505;163;9807)
(505;163;9824)
(505;163;9824)
(505;163;9840)
(505;163;9840)
(505;163;9856)
(505;164;9857)
(506;164;9874)
(506;164;9874)
(506;164;9891)
(506;165;9891)
(506;165;9892)
(506;166;9907)
(507;167;9907)
(507;168;9924)
(507;169;9924)
(507;170;9941)
(507;171;9941)
(508;171;9941)
(508;172;9957)
(508;174;9958)
(508;175;9974)
(509;177;9974)
(509;177;9990)
(509;178;9990)
(509;178;10007)
(509;179;10007)
(509;180;10007)
(509;181;10024)
(510;182;10024)
(510;182;10040)
(510;183;10040)
(510;184;10057)
(510;185;10057)
(510;187;10074)
(510;188;10074)
(511;189;10074)
(511;191;10090)
(511;191;10090)
(511;192;10108)
(511;194;10108)
(511;195;10123)
(512;196;10123)
(512;197;10140)
(512;197;10140)
(512;197;10157)
(512;197;10157)
(512;197;10173)
(512;197;10174)
(512;197;10191)
(512;197;10191)
(512;198;10191)
(512;198;10207)
(512;198;10208)
(512;198;10223)
(512;199;10224)
(513;199;10241)
(513;200;10241)
(513;201;10241)
(514;202;10257)
(514;204;10258)
(515;205;10274)
(515;206;10274)
(515;207;10291)
(516;208;10291)
(516;210;10307)
(516;210;10307)
(516;210;10323)
(516;210;10324)
(516;211;10340)
(516;211;10340)
(516;211;10357)
(517;211;10357)
(517;211;10374)
(517;211;10374)
(517;211;10374)
(517;211;10390)
(517;211;10407)
(517;211;10408)
(517;211;10424)
(517;211;10424)
(517;211;10424)
(517;211;10440)
(517;211;10440)
(517;211;10457)
(517;211;10457)
(517;211;10474)
(517;211;10491)
(517;211;10491)
(517;211;10521)
(517;211;10522)
(517;211;10522)
(517;211;10522)
(517;211;10538)
(517;211;10538)
(517;211;10556)
(517;211;10556)
(517;211;10556)
(517;211;10572)
(517;211;10572)
(517;211;10588)
(517;211;10588)
(517;211;10605)
(517;211;10606)
(517;211;10622)
(517;211;10622)
(517;211;10639)
(517;211;10639)
(517;211;10639)
(517;211;10655)
(517;211;10655)
(517;211;10672)
(517;211;10672)
(517;211;10688)
(517;211;10689)
(517;211;10705)
(517;211;10705)
(517;211;10721)
(517;211;10722)
(517;211;10739)
(517;211;10740)
(517;211;10740)
(517;211;10755)
(517;211;10756)
(517;211;10772)
(517;211;10772)
(517;211;10789)
(517;211;10789)
(517;211;10789)
(517;211;10805)
(517;211;10806)
(517;211;10822)
(517;211;10822)
(517;211;10838)
(517;211;10839)
(517;211;10839)
(517;211;10855)
(517;211;10855)
(517;211;10872)
(517;212;10888)
(517;212;10889)
(517;213;10889)
(517;214;10905)
(518;215;10905)
(518;215;10922)
(518;216;10922)
(518;216;10939)
(518;217;10940)
(518;217;10940)
(519;218;10955)
(519;219;10955)
(519;220;10972)
(519;220;10972)
(519;221;10989)
(519;222;10989)
(519;223;11005)
(520;223;11005)
(520;224;11021)
(520;224;11022)
(520;226;11022)
(521;227;11038)
(521;228;11039)
(521;230;11056)
(522;231;11056)
(522;232;11072)
(522;232;11072)
(522;233;11088)
(522;233;11089)
(522;233;11106)
(523;234;11106)
(523;235;11122)
(523;235;11122)
(523;235;11139)
(523;236;11139)
(523;236;11139)
(523;236;11155)
(523;237;11155)
(523;237;11172)
(523;237;11173)
(523;237;11188)
(523;237;11189)
(523;237;11205)
(523;237;11205)
(523;237;11222)
(523;238;11222)
(523;238;11222)
(523;238;11238)
(523;238;11239)
(523;238;11255)
(523;239;11255)
(523;240;11272)
(523;241;11272)
(523;241;11289)
(523;241;11290)
(523;242;11305)
(523;242;11306)
(523;243;11322)
(522;243;11323)
(522;244;11323)
(521;245;11339)
(520;245;11339)
(520;246;11355)
(519;246;11355)
(519;247;11372)
(518;248;11373)
(517;249;11388)
(516;250;11389)
(515;250;11389)
(514;251;11405)
(513;251;11405)
(513;252;11422)
(512;253;11422)
(512;253;11439)
(511;254;11439)
(511;254;11439)
(510;254;11455)
(510;254;11456)
(510;255;11472)
(510;255;11472)
(509;255;11489)
(509;255;11489)
(508;255;11505)
(508;255;11505)
(508;256;11522)
(508;256;11522)
(508;256;11522)
(508;256;11539)
(508;256;11539)
(508;256;11556)
(508;256;11556)
(508;256;11571)
(508;256;11572)
(508;256;11588)
(508;256;11588)
(508;256;11606)
(508;256;11606)
(508;256;11622)
(508;256;11622)
(508;256;11622)
(508;256;11639)
(508;256;11639)
(509;256;11655)
(510;256;11672)
(511;257;11672)
(514;259;11688)
(515;259;11689)
(518;261;11723)
(519;262;11723)
(520;262;11738)
(521;263;11738)
(522;264;11739)
(523;264;11756)
(524;265;11756)
(525;266;11772)
(526;267;11772)
(527;268;11788)
(529;269;11788)
(530;270;11806)
(532;272;11806)
(533;273;11822)
(535;274;11822)
(536;275;11839)
(537;276;11839)
(538;278;11839)
(540;279;11855)
(542;280;11856)
(543;282;11873)
(544;283;11873)
(546;284;11888)
(547;286;11889)
(548;287;11906)
(549;288;11906)
(550;289;11922)
(551;290;11923)
(552;290;11923)
(553;291;11938)
(554;293;11939)
(556;294;11955)
(557;295;11956)
(558;296;11972)
(559;297;11972)
(560;299;11989)
(561;299;11989)
(561;299;12005)
(562;299;12006)
(562;300;12022)
(562;300;12022)
(562;300;12039)
(563;300;12039)
(563;301;12039)
(564;301;12055)
(565;302;12055)
(566;302;12073)
(567;303;12073)
(568;303;12089)
(569;304;12089)
(570;304;12105)
(570;305;12106)
(571;305;12122)
(572;305;12122)
(572;305;12123)
(573;305;12138)
(573;305;12138)
(574;305;12155)
(574;305;12155)
(575;305;12172)
(576;305;12172)
(577;305;12188)
(578;305;12189)
(579;305;12205)
(579;305;12206)
(580;305;12222)
(581;305;12222)
(582;304;12223)
(583;304;12239)
(584;304;12239)
(584;303;12255)
(585;303;12255)
(586;302;12272)
(587;302;12273)
(587;302;12289)
(588;302;12289)
(589;302;12289)
(590;302;12305)
(591;301;12306)
(592;301;12322)
(593;301;12323)
(595;301;12339)
(596;301;12340)
(596;301;12340)
(597;301;12355)
(597;301;12355)
(598;301;12372)
(598;301;12373)
(599;302;12389)
(599;302;12389)
(599;302;12406)
(599;302;12406)
(600;303;12422)
(601;304;12422)
(601;304;12439)
(601;305;12439)
(602;305;12440)
(602;306;12455)
(602;306;12455)
(603;307;12472)
(603;308;12473)
(604;309;12489)
(604;309;12489)
(604;310;12506)
(605;311;12506)
(605;312;12522)
(605;312;12522)
(606;313;12522)
(606;314;12539)
(607;314;12539)
(608;315;12555)
(608;316;12556)
(609;317;12572)
(609;317;12573)
(610;318;12589)
(610;318;12589)
(611;319;12589)
(612;320;12606)
(613;320;12606)
(613;320;12622)
(614;321;12623)
(614;321;12639)
(614;321;12639)
(614;321;12639)
(615;321;12656)
(615;321;12657)
(615;321;12672)
(616;321;12672)
(616;321;12689)
(617;321;12689)
(618;321;12705)
(619;321;12705)
(620;322;12723)
(621;322;12723)
(622;322;12739)
(623;322;12739)
(624;323;12755)
(625;323;12756)
(625;324;12772)
(626;324;12773)
(627;324;12789)
(628;325;12789)
(628;325;12805)
(629;325;12805)
(629;326;12822)
(630;326;12822)
(630;327;12839)
(630;327;12840)
(631;327;12856)
(631;327;12856)
(632;328;12872)
(632;328;12872)
(634;329;12889)
(634;329;12890)
(634;330;12905)
(634;330;12906)
(635;330;12922)
(635;330;12922)
(635;330;12939)
(635;330;12939)
(635;330;12939)
(635;330;12955)
(635;330;12956)
(635;330;12972)
(635;330;12972)
(636;330;12989)
(636;330;12989)
(637;330;13005)
(637;329;13005)
(638;329;13022)
(639;329;13022)
(639;328;13039)
(640;328;13039)
(641;327;13039)
(641;327;13056)
(642;326;13056)
(643;326;13071)
(644;325;13072)
(644;325;13089)
(645;324;13090)
(646;324;13105)
(646;324;13105)
(647;323;13123)
(647;323;13123)
(648;323;13123)
(648;323;13140)
(649;323;13140)
(649;323;13156)
(649;323;13156)
(650;323;13172)
(650;323;13172)
(650;323;13188)
(650;323;13189)
(651;323;13189)
(651;323;13206)
(651;323;13206)
(652;323;13222)
(652;323;13222)
(653;323;13239)
(654;323;13239)
(655;324;13239)
(655;324;13255)
(656;324;13255)
(657;325;13272)
(658;326;13273)
(659;326;13289)
(660;327;13289)
(660;327;13305)
(661;328;13305)
(662;329;13323)
(663;329;13323)
(663;330;13339)
(664;330;13340)
(665;330;13355)
(665;331;13355)
(666;331;13355)
(667;332;13373)
(668;332;13373)
(669;333;13389)
(670;334;13390)
(671;335;13406)
(672;335;13406)
(674;336;13422)
(675;337;13422)
(676;338;13422)
(677;338;13440)
(677;339;13440)
(678;339;13455)
(678;339;13455)
(678;339;13473)
(678;339;13473)
(678;339;13489)
(678;339;13490)
(678;339;13490)
(678;339;13505)
(678;339;13505)
(678;339;13523)
(678;339;13523)
(678;340;13539)
(678;340;13539)
(678;340;13539)
(678;340;13556)
(678;340;13556)
(678;340;13572)
(678;340;13589)
(678;341;13589)
(678;341;13589)
(678;342;13605)
(677;343;13606)
(677;344;13622)
(677;345;13622)
(676;345;13638)
(676;345;13638)
(676;346;13656)
(675;347;13656)
(675;347;13656)
(675;347;13672)
(675;348;13672)
(675;348;13689)
(675;349;13689)
(674;349;13705)
(674;349;13706)
(674;349;13723)
(674;349;13723)
(674;349;13723)
(674;349;13739)
(674;349;13739)
(674;349;13756)
(674;349;13756)
(674;349;13772)
(674;349;13773)
(675;349;13788)
(675;350;13789)
(676;351;13806)
(677;352;13807)
(678;353;13823)
(679;355;13823)
(680;357;13839)
(681;358;13840)
(682;360;13840)
(683;362;13856)
(684;364;13856)
(685;365;13872)
(686;366;13873)
(686;367;13889)
(687;369;13889)
(687;370;13906)
(688;371;13906)
(689;372;13906)
(689;373;13922)
(690;375;13922)
(691;377;13939)
(692;379;13939)
(694;382;13955)
(695;384;13956)
(696;387;13972)
(697;389;13972)
(698;392;13989)
(699;393;13990)
(700;395;14005)
(701;397;14006)
(702;399;14022)
(703;400;14022)
(703;402;14022)
(704;404;14039)
(705;406;14039)
(706;407;14056)
(707;409;14057)
(708;411;14072)
(710;413;14072)
(711;416;14089)
(712;416;14089)
(712;417;14105)
(712;417;14106)
(712;417;14122)
(712;417;14123)
(712;417;14139)
(712;417;14139)
(712;417;14139)
(713;418;14156)
(713;418;14156)
(714;419;14172)
(714;419;14172)
(715;420;14188)
(715;420;14189)
(715;421;14206)
(716;421;14206)
(716;422;14222)
(716;422;14222)
(717;422;14223)
(717;423;14239)
(717;423;14239)
(718;424;14256)
(718;425;14256)
(719;426;14273)
(719;426;14273)
(720;427;14289)
(720;427;14289)
(720;427;14306)
(720;427;14306)
(720;428;14322)
(721;428;14323)
(721;428;14323)
(721;428;14339)
(721;428;14339)
(721;428;14355)
(721;428;14356)
(721;428;14373)
(721;428;14373)
(721;428;14389)
(721;428;14389)
(721;428;14389)
(721;428;14406)
(721;428;14406)
(721;428;14422)
(721;428;14422)
(721;428;14439)
(721;428;14440)
(721;428;14440)
(721;428;14456)
(721;428;14456)
(721;427;14473)
(721;427;14473)
(721;427;14489)
(721;427;14490)
(721;427;14505)
(721;427;14505)
(721;427;14522)
(721;427;14523)
(721;427;14523)
(721;427;14539)
(722;427;14540)
(722;427;14555)
(722;427;14556)
(722;427;14573)
(722;427;14573)
(722;427;14589)
(722;427;14590)
(722;427;14605)
(722;427;14606)
(722;427;14622)
(722;427;14622)
(722;427;14622)
(723;427;14640)
(723;427;14640)
(723;427;14655)
(723;427;14655)
(723;427;14673)
(723;427;14673)
(723;427;14690)
(723;427;14690)
(723;427;14690)
(723;427;14706)
(723;427;14706)
(723;427;14722)
(723;427;14723)
(722;427;14740)
(722;427;14740)
(722;427;14740)
(722;427;14755)
(722;427;14755)
(722;427;14772)
(722;427;14772)
(722;427;14788)
(722;427;14788)
(722;427;14806)
(722;427;14806)
(722;427;14823)
(722;427;14823)
(722;427;14823)
(722;427;14839)
(722;427;14839)
(722;427;14855)
(722;427;14855)
(722;427;14872)
(722;427;14873)
(722;427;14889)
(722;427;14889)
(722;427;14906)
(722;427;14906)
(722;427;14922)
(723;427;14922)
(723;427;14922)
(723;428;14940)
(724;428;14940)
(724;428;14955)
(725;428;14955)
(727;429;14973)
(729;429;14973)
(732;430;14988)
(734;430;14989)
(737;431;14989)
(739;432;15005)
(742;432;15005)
(745;433;15023)
(747;434;15023)
(749;434;15039)
(751;435;15040)
(752;435;15056)
(753;435;15056)
(753;435;15056)
(753;435;15072)
(753;435;15073)
(753;435;15089)
(753;435;15089)
(754;435;15105)
(754;435;15105)
(754;435;15122)
(755;435;15122)
(755;435;15122)
(756;436;15139)
(756;436;15139)
(757;436;15156)
(758;436;15156)
(759;436;15176)
(760;436;15176)
(761;436;15193)
(763;436;15194)
(764;436;15194)
(766;436;15209)
(767;436;15210)
(768;436;15227)
(769;436;15227)
(770;436;15227)
(770;436;15247)
(771;436;15280)
(772;436;15280)
(772;436;15281)
(772;436;15281)
(772;436;15281)
(772;436;15300)
(772;436;15300)
(772;436;15317)
(772;436;15333)
(772;436;15334)
(772;436;15350)
(772;436;15351)
(772;436;15351)
(772;436;15367)
(772;436;15367)
(772;436;15384)
(772;436;15384)
(772;436;15401)
(772;436;15401)
(772;436;15401)
(772;437;15417)
(772;437;15418)
(773;437;15434)
(773;438;15434)
(774;439;15450)
(775;441;15451)
(776;442;15466)
(777;444;15466)
(777;445;15466)
(778;446;15484)
(779;448;15484)
(779;449;15500)
(780;450;15500)
(781;452;15517)
(781;453;15517)
(782;454;15533)
(782;455;15533)
(783;456;15549)
(783;456;15550)
(783;457;15567)
(783;457;15568)
(784;457;15568)
(784;457;15584)
(784;457;15584)
(784;458;15600)
(784;458;15600)
(784;458;15617)
(784;458;15617)
(784;459;15634)
(785;460;15634)
(786;462;15634)
(787;464;15651)
(788;466;15651)
(789;468;15667)
(789;470;15667)
(790;471;15683)
(791;473;15684)
(791;474;15700)
(791;475;15700)
(792;475;15700)
(792;476;15717)
(792;476;15717)
(792;476;15734)
(792;476;15734)
(792;476;15751)
(792;476;15751)
(792;477;15767)
(792;477;15768)
(792;477;15768)
(792;477;15784)
(792;477;15784)
(792;477;15800)
(792;477;15801)
(792;477;15816)
(792;477;15816)
(792;478;15833)
(792;478;15833)
(792;478;15851)
(792;478;15851)
(792;479;15851)
(793;479;15866)
(793;479;15866)
(793;480;15884)
(794;480;15884)
(794;481;15900)
(795;481;15900)
(796;482;15917)
(797;482;15918)
(799;483;15933)
(800;483;15933)
(801;484;15950)
(802;484;15950)
(803;485;15950)
(804;486;15967)
(805;486;15967)
(806;487;15984)
(806;487;15984)
(806;487;16000)
(807;487;16000)
(807;487;16000)
(807;487;16017)
(807;487;16017)
(807;488;16034)
(807;488;16034)
(807;488;16050)
(807;488;16050)
(807;488;16067)
(807;488;16067)
(807;488;16067)
(807;488;16083)
(807;488;16084)
(807;488;16101)
(807;488;16101)
(807;488;16116)
(807;488;16116)
(807;488;16134)
(807;488;16134)
(807;488;16151)
(807;488;16151)
(807;488;16151)
(807;488;16167)
(807;488;16167)
(806;489;16184)
(806;490;16184)
(805;492;16200)
(804;494;16200)
(803;497;16218)
(803;498;16218)
(802;500;16234)
(802;501;16234)
(802;502;16251)
(801;503;16252)
(801;504;16252)
(801;505;16268)
(801;506;16268)
(801;508;16284)
(801;510;16284)
(801;512;16301)
(801;513;16301)
(801;514;16301)
(801;516;16317)
(801;517;16317)
(801;518;16334)
(801;519;16334)
(801;519;16350)
(801;520;16350)
(801;520;16368)
(801;521;16368)
(801;521;16368)
(801;522;16384)
(802;523;16384)
(802;524;16400)
(803;526;16400)
(804;527;16416)
(804;528;16417)
(805;530;16434)
(805;531;16434)
(806;533;16434)
(806;534;16451)
(807;535;16451)
(807;536;16467)
(807;537;16483)
(807;537;16484)
(807;537;16484)
(807;537;16500)
(807;537;16500)
(807;537;16517)
(807;537;16518)
(807;537;16534)
(807;537;16534)
(807;537;16535)
(807;537;16550)
(807;537;16566)
(807;537;16567)
(807;537;16567)
(807;538;16584)
(807;538;16584)
(806;538;16600)
(805;539;16601)
(804;540;16601)
(803;541;16617)
(802;542;16617)
(802;543;16633)
(801;544;16634)
(800;544;16650)
(799;545;16650)
(798;546;16667)
(797;547;16667)
(796;548;16667)
(796;549;16683)
(795;549;16684)
(795;550;16699)
(794;550;16700)
(793;551;16716)
(793;552;16716)
(793;552;16733)
(792;552;16734)
(792;553;16750)
(792;553;16751)
(791;554;16751)
(791;554;16766)
(790;554;16766)
(790;555;16783)
(790;556;16783)
(789;556;16799)
(789;556;16800)
(789;557;16816)
(788;557;16816)
(788;558;16834)
(787;559;16834)
(787;559;16834)
(787;560;16849)
(787;560;16850)
(787;560;16867)
(787;560;16867)
(787;560;16883)
(787;560;16883)
(787;560;16900)
(787;560;16900)
(787;560;16900)
(787;560;16916)
(787;560;16917)
(787;560;16933)
(787;560;16934)
(787;560;16950)
(787;560;16950)
(787;560;16967)
(787;560;16967)
(787;561;16967)
(786;561;16983)
(786;562;16984)
(786;564;17000)
(785;565;17000)
(785;567;17016)
(785;568;17017)
(785;568;17033)
(784;569;17034)
(784;570;17050)
(784;571;17050)
(784;571;17066)
(784;571;17067)
(784;571;17067)
(784;571;17084)
(784;571;17084)
(784;571;17100)
(784;571;17100)
(783;571;17117)
(783;571;17117)
(783;571;17134)
(783;571;17134)
(783;571;17134)
(783;572;17150)
(783;572;17150)
(783;572;17167)
(783;572;17167)
(783;572;17184)
(783;572;17184)
(783;572;17200)
(783;572;17200)
(783;572;17200)
(783;572;17216)
(783;572;17217)
(783;572;17233)
(783;572;17234)
(783;572;17251)
(783;572;17251)
(783;572;17267)
(783;572;17267)
(783;572;17284)
(783;572;17284)
(783;571;17299)
(783;570;17300)
(783;569;17317)
(784;567;17317)
(785;565;17333)
