(444;207;0)
(444;206;1315)
(444;206;1316)
(444;206;1332)
(444;206;1333)
(444;206;1349)
(444;206;1349)
(444;206;1366)
(444;205;1366)
(445;204;1382)
(446;203;1383)
(446;202;1398)
(447;201;1399)
(447;200;1415)
(447;200;1415)
(447;200;1415)
(448;199;1432)
(448;199;1432)
(448;199;1449)
(448;199;1449)
(448;199;1466)
(448;199;1466)
(448;199;1466)
(448;198;1482)
(448;198;1482)
(449;198;1498)
(449;197;1499)
(449;197;1515)
(450;196;1515)
(450;196;1532)
(450;195;1533)
(451;195;1533)
(451;194;1549)
(451;194;1549)
(451;193;1565)
(451;193;1565)
(452;193;1582)
(452;193;1583)
(452;192;1599)
(452;192;1599)
(452;192;1615)
(452;192;1615)
(453;191;1632)
(453;191;1632)
(453;190;1649)
(454;190;1650)
(454;189;1650)
(455;188;1665)
(455;188;1682)
(455;187;1683)
(455;187;1698)
(455;187;1699)
(456;187;1716)
(456;186;1716)
(456;185;1716)
(457;185;1732)
(457;184;1732)
(458;184;1748)
(458;183;1748)
(458;183;1765)
(459;182;1765)
(459;181;1765)
(459;181;1781)
(460;180;1782)
(460;180;1798)
(460;179;1798)
(461;179;1815)
(461;179;1815)
(461;179;1832)
(461;179;1832)
(461;179;1832)
(461;179;1848)
(461;179;1848)
(461;179;1865)
(461;179;1866)
(461;179;1882)
(461;179;1882)
(461;179;1899)
(461;179;1899)
(461;179;1915)
(461;179;1916)
(461;179;1916)
(461;179;1932)
(461;179;1932)
(461;179;1949)
(461;179;1949)
(461;179;1965)
(461;180;1965)
(461;180;1981)
(461;180;1982)
(462;180;1998)
(462;180;1999)
(464;181;2015)
(465;182;2015)
(467;183;2015)
(468;183;2032)
(469;184;2032)
(470;185;2049)
(470;185;2049)
(471;185;2065)
(471;186;2065)
(472;186;2082)
(472;186;2082)
(472;186;2082)
(473;186;2098)
(473;186;2098)
(473;186;2116)
(473;186;2116)
(474;186;2132)
(474;186;2132)
(474;186;2133)
(474;186;2148)
(474;186;2148)
(474;186;2166)
(474;186;2166)
(474;186;2182)
(474;186;2182)
(474;186;2199)
(475;185;2199)
(475;185;2215)
(475;184;2215)
(476;183;2231)
(476;183;2232)
(476;182;2232)
(476;182;2249)
(477;181;2249)
(477;181;2266)
(477;180;2266)
(477;180;2282)
(477;179;2283)
(477;179;2299)
(478;179;2299)
(478;178;2315)
(478;178;2315)
(478;178;2315)
(478;177;2332)
(478;177;2332)
(478;176;2349)
(478;175;2349)
(479;175;2366)
(479;173;2366)
(479;172;2366)
(479;171;2382)
(479;170;2382)
(479;168;2419)
(480;167;2419)
(480;166;2419)
(480;165;2435)
(480;165;2436)
(480;164;2436)
(480;163;2452)
(480;163;2452)
(480;163;2469)
(480;162;2470)
(480;161;2485)
(480;160;2486)
(480;159;2502)
(480;159;2502)
(480;159;2502)
(480;158;2519)
(480;158;2519)
(480;157;2536)
(480;157;2536)
(480;156;2553)
(480;156;2553)
(481;155;2553)
(481;155;2570)
(481;154;2570)
(481;154;2586)
(481;153;2586)
(481;153;2602)
(481;152;2603)
(481;151;2619)
(481;151;2619)
(481;150;2636)
(481;150;2636)
(481;149;2652)
(481;149;2653)
(481;149;2653)
(482;149;2669)
(482;149;2670)
(482;149;2686)
(482;148;2686)
(482;148;2702)
(482;148;2703)
(482;148;2719)
(482;148;2719)
(482;148;2736)
(482;148;2737)
(482;148;2737)
(482;148;2752)
(482;148;2752)
(482;148;2769)
(482;148;2769)
(482;148;2786)
(482;148;2786)
(482;148;2786)
(482;148;2803)
(482;148;2803)
(482;148;2819)
(482;148;2819)
(482;148;2836)
(482;149;2836)
(482;149;2852)
(482;149;2853)
(482;149;2853)
(482;149;2869)
(482;149;2870)
(482;149;2885)
(482;149;2886)
(482;149;2903)
(482;149;2903)
(482;149;2919)
(483;149;2919)
(483;150;2935)
(484;150;2936)
(485;151;2952)
(486;151;2953)
(487;152;2953)
(488;152;2969)
(488;153;2969)
(489;153;2986)
(489;154;2986)
(490;154;3003)
(490;154;3003)
(490;155;3019)
(491;155;3020)
(491;156;3036)
(492;156;3036)
(492;156;3036)
(492;157;3053)
(493;157;3053)
(493;158;3070)
(493;158;3070)
(494;159;3086)
(494;159;3087)
(494;159;3087)
(495;160;3103)
(495;160;3103)
(495;160;3119)
(496;161;3119)
(496;162;3136)
(496;162;3136)
(497;163;3152)
(497;163;3153)
(497;163;3153)
(497;163;3170)
(497;164;3170)
(497;164;3186)
(497;164;3187)
(498;165;3202)
(498;165;3203)
(499;166;3219)
(499;166;3220)
(499;166;3237)
(500;166;3237)
(500;167;3252)
(500;167;3253)
(500;167;3269)
(501;168;3270)
(501;168;3286)
(501;168;3286)
(502;168;3303)
(502;168;3304)
(502;168;3319)
(503;168;3319)
(503;168;3336)
(503;168;3336)
(504;168;3336)
(504;168;3353)
(504;168;3353)
(505;168;3369)
(505;167;3370)
(506;167;3386)
(506;167;3386)
(507;166;3386)
(508;166;3402)
(508;166;3403)
(508;166;3419)
(509;166;3419)
(509;165;3436)
(509;165;3436)
(509;165;3453)
(510;165;3453)
(510;165;3453)
(510;165;3470)
(510;165;3470)
(510;165;3486)
(510;165;3486)
(510;165;3503)
(510;165;3503)
(510;165;3503)
(510;165;3519)
(510;165;3520)
(510;165;3536)
(511;165;3536)
(511;165;3553)
(511;165;3553)
(511;166;3569)
(511;166;3569)
(511;166;3585)
(511;166;3586)
(512;166;3603)
(512;166;3603)
(512;166;3619)
(513;167;3619)
(514;168;3636)
(514;169;3636)
(515;169;3636)
(515;170;3653)
(515;170;3653)
(515;170;3670)
(515;170;3670)
(516;170;3685)
(516;170;3686)
(516;170;3686)
(516;170;3703)
(516;170;3704)
(516;170;3719)
(516;170;3719)
(516;170;3736)
(517;170;3737)
(518;170;3752)
(518;169;3752)
(519;169;3770)
(519;168;3770)
(520;168;3786)
(520;167;3786)
(521;167;3803)
(521;167;3803)
(521;167;3819)
(522;166;3819)
(522;166;3836)
(522;166;3836)
(522;166;3837)
(523;165;3853)
(523;165;3853)
(524;164;3869)
(524;164;3870)
(524;164;3887)
(525;164;3887)
(525;164;3903)
(525;164;3903)
(525;164;3919)
(526;164;3919)
(526;164;3936)
(526;164;3936)
(527;164;3936)
(527;164;3953)
(527;164;3953)
(527;164;3969)
(527;164;3969)
(527;164;3986)
(528;164;3987)
(528;164;3987)
(528;164;4003)
(529;164;4003)
(530;164;4019)
(530;164;4020)
(531;164;4037)
(532;165;4037)
(533;166;4053)
(534;166;4054)
(535;167;4069)
(535;167;4069)
(536;168;4086)
(536;168;4087)
(537;168;4102)
(537;169;4103)
(538;169;4119)
(539;170;4119)
(539;170;4136)
(540;170;4136)
(540;171;4136)
(541;171;4153)
(541;171;4153)
(541;172;4170)
(542;172;4170)
(542;173;4186)
(542;173;4186)
(542;173;4202)
(542;173;4203)
(542;173;4219)
(542;173;4220)
(542;173;4220)
(542;173;4237)
(542;173;4237)
(542;173;4253)
(542;173;4253)
(542;173;4269)
(542;173;4269)
(542;173;4286)
(542;173;4287)
(541;173;4287)
(541;173;4302)
(541;173;4303)
(541;173;4319)
(540;173;4319)
(540;173;4337)
(539;174;4337)
(538;174;4353)
(537;175;4353)
(536;175;4353)
(535;175;4369)
(534;176;4369)
(533;176;4386)
(533;176;4386)
(532;176;4403)
(531;176;4403)
(531;177;4419)
(530;177;4419)
(530;177;4436)
(529;177;4436)
(529;177;4436)
(529;177;4453)
(528;177;4453)
(528;178;4469)
(527;178;4469)
(526;178;4486)
(526;178;4486)
(525;178;4502)
(524;178;4503)
(524;179;4520)
(523;179;4520)
(523;179;4520)
(523;179;4535)
(523;179;4536)
(522;179;4553)
(522;179;4553)
(522;179;4570)
(521;179;4570)
(521;179;4586)
(520;179;4587)
(520;179;4587)
(520;179;4604)
(519;179;4604)
(519;179;4621)
(518;179;4638)
(518;179;4638)
(517;179;4638)
(517;179;4655)
(517;178;4655)
(516;178;4655)
(516;178;4671)
(516;178;4671)
(516;178;4688)
(516;178;4688)
(516;178;4705)
(516;178;4705)
(515;178;4705)
(515;178;4721)
(515;178;4721)
(515;178;4738)
(515;178;4738)
(514;178;4754)
(514;179;4754)
(513;179;4771)
(513;179;4771)
(512;179;4787)
(512;180;4788)
(512;180;4788)
(512;180;4804)
(512;180;4805)
(512;180;4821)
(512;180;4821)
(511;180;4838)
(511;181;4838)
(511;181;4855)
(510;181;4872)
(510;182;4872)
(509;182;4910)
(509;183;4910)
(509;183;4943)
(509;183;4944)
(509;184;4944)
(509;184;4944)
(509;185;4944)
(508;185;4960)
(508;185;4961)
(508;186;4977)
(508;186;4978)
(508;187;4994)
(508;187;4995)
(508;188;5010)
(508;188;5011)
(508;189;5028)
(508;189;5028)
(508;190;5028)
(508;190;5044)
(508;190;5044)
(508;191;5061)
(508;191;5061)
(509;191;5077)
(509;191;5077)
(509;191;5094)
(509;191;5094)
(509;191;5110)
(509;191;5111)
(509;191;5128)
(509;191;5128)
(510;192;5128)
(510;192;5144)
(511;192;5144)
(512;192;5160)
(512;192;5161)
(513;192;5177)
(514;192;5177)
(514;192;5195)
(515;192;5195)
(515;192;5195)
(515;192;5211)
(516;192;5211)
(516;192;5227)
(516;192;5227)
(517;192;5244)
(517;192;5244)
(517;192;5245)
(517;192;5261)
(518;192;5261)
(518;192;5277)
(518;192;5278)
(518;192;5295)
(518;192;5295)
(518;192;5311)
(519;192;5311)
(519;192;5328)
(519;192;5328)
(519;192;5328)
(519;192;5344)
(519;192;5344)
(519;192;5361)
(519;192;5362)
(519;192;5377)
(520;191;5378)
(520;191;5394)
(520;191;5394)
(520;191;5411)
(520;191;5411)
(521;191;5428)
(521;191;5428)
(521;191;5428)
(521;191;5444)
(521;191;5444)
(522;191;5461)
(522;191;5461)
(522;190;5477)
(523;190;5478)
(523;190;5494)
(523;190;5495)
(523;190;5495)
(523;190;5511)
(523;190;5511)
(523;190;5527)
(523;190;5528)
(524;190;5544)
(524;190;5544)
(524;190;5561)
(524;190;5562)
(524;190;5562)
(524;190;5578)
(524;191;5578)
(524;191;5594)
(524;191;5594)
(524;191;5611)
(524;191;5611)
(524;191;5627)
(524;191;5627)
(524;192;5644)
(524;192;5644)
(524;193;5661)
(524;193;5661)
(524;194;5677)
(524;194;5677)
(524;194;5677)
(524;195;5694)
(524;195;5694)
(524;196;5711)
(524;197;5711)
(524;197;5728)
(524;198;5729)
(524;199;5729)
(524;199;5744)
(524;200;5744)
(524;200;5761)
(524;200;5762)
(524;201;5777)
(524;201;5778)
(524;201;5793)
(524;202;5794)
(524;202;5794)
(524;203;5810)
(524;203;5810)
(525;204;5828)
(525;205;5828)
(525;205;5844)
(525;205;5844)
(525;206;5844)
(525;206;5861)
(526;206;5861)
(526;207;5877)
(526;207;5895)
(526;208;5895)
(527;208;5895)
(527;208;5911)
(527;209;5911)
(527;209;5927)
(528;209;5927)
(528;210;5927)
(528;210;5943)
(528;210;5961)
(528;210;5961)
(529;210;5961)
(529;210;5978)
(529;210;5979)
(529;211;5995)
(529;211;5995)
(530;211;6011)
(530;211;6012)
(530;211;6012)
(530;211;6027)
(531;211;6027)
(531;212;6045)
(531;212;6045)
(532;212;6060)
(533;213;6061)
(533;213;6078)
(534;213;6078)
(534;213;6094)
(534;214;6095)
(535;214;6095)
(535;214;6110)
(535;214;6110)
(535;214;6128)
(535;214;6128)
(535;214;6143)
(535;214;6144)
(535;214;6161)
(535;214;6161)
(535;214;6162)
(535;214;6178)
(535;214;6178)
(535;214;6195)
(535;214;6195)
(535;214;6211)
(535;214;6211)
(535;214;6228)
(535;214;6228)
(535;214;6228)
(535;214;6243)
(535;214;6244)
(535;215;6260)
(535;215;6260)
(535;216;6278)
(535;217;6279)
(535;218;6293)
(534;220;6294)
(534;221;6311)
(534;222;6311)
(534;223;6328)
(533;224;6328)
(533;226;6328)
(533;227;6344)
(533;228;6344)
(533;228;6361)
(533;228;6361)
(533;229;6378)
(533;229;6378)
(533;229;6393)
(532;230;6394)
(532;230;6394)
(532;230;6411)
(532;231;6411)
(532;231;6427)
(532;231;6427)
(532;231;6443)
(532;231;6444)
(532;231;6444)
(532;232;6461)
(532;232;6461)
(532;233;6478)
(532;233;6478)
(532;234;6494)
(532;234;6494)
(532;235;6511)
(532;235;6512)
(532;235;6512)
(532;235;6527)
(532;235;6544)
(532;235;6545)
(532;235;6545)
(532;235;6561)
(532;235;6561)
(532;235;6577)
(532;235;6577)
(531;235;6595)
(531;235;6595)
(531;235;6611)
(531;235;6611)
(531;235;6628)
(531;235;6628)
(530;235;6628)
(530;235;6644)
(529;235;6644)
(529;235;6660)
(528;235;6661)
(527;236;6677)
(527;236;6678)
(525;237;6694)
(524;237;6694)
(523;237;6710)
(522;237;6711)
(521;237;6728)
(521;237;6728)
(520;237;6743)
(519;237;6744)
(519;237;6744)
(518;237;6762)
(517;237;6762)
(517;237;6778)
(516;237;6778)
(516;237;6794)
(515;237;6794)
(515;237;6811)
(515;237;6811)
(515;237;6828)
(514;237;6828)
(514;237;6828)
(514;237;6844)
(514;237;6861)
(513;237;6862)
(513;237;6862)
(512;237;6878)
(512;237;6878)
(511;237;6895)
(511;237;6895)
(510;237;6911)
(510;237;6911)
(510;237;6928)
(510;237;6928)
(509;237;6928)
(509;237;6944)
(509;237;6944)
(509;237;6961)
(508;237;6961)
(508;237;6977)
(508;237;6978)
(508;238;6995)
(507;238;6995)
(507;238;6995)
(506;238;7010)
(506;239;7010)
(505;239;7027)
(504;240;7028)
(504;240;7045)
(503;241;7045)
(503;241;7045)
(502;241;7061)
(502;242;7061)
(501;242;7077)
(501;242;7078)
(501;243;7094)
(501;243;7094)
(501;243;7111)
(500;243;7112)
(500;244;7112)
(499;245;7128)
(499;245;7128)
(498;246;7143)
(498;247;7161)
(498;247;7161)
(497;247;7162)
(497;248;7178)
(497;248;7179)
(497;249;7194)
(496;249;7194)
(496;249;7210)
(495;250;7211)
(495;250;7228)
(495;250;7228)
(495;250;7228)
(494;250;7244)
(494;251;7244)
(494;251;7261)
(494;251;7261)
(494;251;7277)
(494;251;7277)
(493;251;7294)
(493;251;7294)
(493;251;7311)
(493;251;7311)
(492;251;7328)
(491;251;7328)
(490;251;7344)
(489;251;7344)
(489;251;7344)
(488;251;7360)
(487;251;7361)
(486;251;7378)
(485;250;7394)
(482;250;7424)
(481;250;7425)
(480;251;7425)
(479;251;7425)
(478;251;7445)
(477;251;7445)
(476;251;7462)
(475;252;7484)
(471;253;7501)
(470;253;7520)
(469;254;7520)
(468;254;7559)
(466;254;7559)
(465;254;7559)
(464;255;7559)
(463;255;7575)
(462;255;7575)
(460;255;7609)
(459;255;7610)
(458;255;7610)
(457;255;7625)
(457;255;7625)
(455;255;7642)
(454;255;7643)
(453;255;7659)
(452;255;7659)
(451;255;7676)
(451;255;7676)
(450;255;7676)
(449;255;7691)
(449;255;7692)
(448;255;7709)
(447;255;7709)
(447;255;7725)
(446;255;7726)
(446;256;7742)
(445;256;7743)
(444;256;7758)
(444;256;7759)
(443;256;7775)
(442;256;7775)
(441;256;7776)
(440;256;7792)
(439;256;7792)
(438;256;7809)
(437;256;7809)
(436;256;7825)
(436;256;7825)
(435;256;7825)
(435;256;7842)
(434;256;7843)
(434;256;7858)
(434;256;7858)
(433;256;7875)
(433;256;7875)
(432;256;7891)
(432;256;7892)
(432;256;7892)
(431;256;7908)
(431;256;7909)
(431;256;7925)
(431;256;7925)
(430;257;7942)
(430;257;7942)
(430;257;7959)
(430;257;7959)
(430;257;7976)
(430;257;7976)
(430;257;7976)
(430;258;7992)
(430;258;7992)
(429;258;8008)
(429;258;8009)
(429;259;8025)
(429;259;8025)
(429;259;8042)
(429;259;8042)
(429;260;8058)
(429;260;8059)
(429;260;8076)
(429;260;8076)
(429;260;8076)
(429;261;8092)
(429;261;8092)
(429;261;8109)
(428;261;8109)
(428;262;8125)
(428;262;8125)
(428;262;8125)
(428;262;8142)
(428;262;8142)
(428;262;8159)
(428;262;8159)
(428;262;8176)
(428;262;8176)
(428;263;8192)
(428;263;8193)
(428;263;8193)
(428;263;8208)
(428;263;8209)
(428;263;8225)
(428;264;8225)
(428;264;8242)
(428;264;8242)
(428;264;8259)
(428;264;8260)
(428;264;8260)
(428;265;8275)
(428;265;8275)
(428;265;8292)
(428;265;8292)
(428;265;8308)
(428;265;8308)
(428;265;8325)
(428;265;8325)
(428;265;8342)
(428;265;8342)
(428;265;8359)
(428;265;8359)
(428;265;8359)
(428;265;8376)
(427;266;8376)
(427;266;8392)
(426;266;8392)
(426;266;8409)
(425;267;8409)
(425;267;8425)
(425;267;8425)
(424;267;8425)
(424;267;8442)
(424;268;8443)
(423;268;8459)
(423;268;8459)
(423;268;8476)
(422;269;8476)
(421;270;8492)
(420;270;8492)
(420;271;8492)
(419;272;8509)
(419;273;8509)
(418;274;8526)
(418;274;8526)
(418;275;8559)
(418;276;8560)
(418;277;8575)
(418;277;8575)
(418;278;8592)
(418;278;8593)
(418;279;8593)
(418;279;8609)
(418;280;8610)
(418;280;8626)
(418;281;8627)
(419;281;8643)
(419;282;8643)
(419;283;8659)
(419;283;8660)
(419;284;8660)
(419;285;8676)
(419;285;8676)
(419;285;8693)
(419;286;8693)
(419;286;8710)
(419;287;8710)
(419;287;8726)
(419;287;8726)
(419;288;8726)
(419;288;8743)
(419;288;8743)
(419;289;8759)
(419;290;8759)
(419;290;8777)
(418;291;8777)
(418;291;8792)
(417;292;8793)
(417;292;8809)
(417;293;8809)
(417;293;8826)
(416;294;8826)
(416;294;8843)
(416;295;8843)
(415;295;8860)
(415;296;8860)
(415;296;8860)
(414;297;8876)
(414;297;8877)
(413;297;8893)
(413;298;8893)
(413;298;8909)
(413;298;8910)
(412;298;8926)
(412;298;8927)
(412;299;8943)
(412;299;8943)
(412;299;8960)
(412;299;8960)
(412;299;8960)
(412;299;8976)
(412;299;8976)
(412;299;8992)
(412;299;8993)
(411;299;9010)
(411;299;9010)
(411;299;9026)
(411;299;9026)
(411;300;9027)
(411;300;9043)
(411;301;9043)
(411;302;9060)
(411;303;9060)
(411;305;9076)
(411;305;9093)
(411;306;9093)
(411;307;9094)
(411;308;9110)
(411;309;9110)
(412;310;9127)
(412;311;9127)
(412;312;9143)
(413;313;9143)
(413;313;9143)
(413;314;9159)
(414;315;9176)
(414;316;9176)
(414;316;9176)
(415;317;9192)
(415;318;9193)
(415;318;9210)
(415;319;9210)
(415;320;9226)
(416;321;9227)
(416;322;9243)
(416;323;9243)
(416;324;9259)
(416;324;9259)
(416;325;9259)
(416;325;9276)
(416;325;9276)
(416;326;9293)
(416;326;9293)
(416;326;9310)
(417;326;9311)
(417;326;9326)
(417;326;9327)
(417;326;9327)
(417;326;9343)
(417;326;9343)
(417;326;9360)
(417;326;9360)
(417;326;9377)
(417;326;9377)
(417;326;9393)
(417;326;9393)
(417;326;9393)
(417;326;9409)
(417;326;9410)
(417;326;9444)
(417;326;9444)
(417;326;9444)
(417;326;9444)
(417;326;9459)
(417;326;9460)
(418;326;9476)
(418;326;9477)
(419;326;9493)
(420;325;9493)
(421;325;9509)
(422;324;9510)
(422;324;9526)
(423;323;9541)
(425;322;9541)
(426;321;9552)
(426;320;9552)
(427;320;9569)
(428;319;9570)
(428;319;9585)
(428;319;9586)
(429;318;9602)
(429;318;9602)
(430;317;9618)
(430;317;9619)
(431;316;9635)
(431;316;9635)
(431;316;9635)
(432;316;9652)
(432;316;9652)
(432;316;9669)
(432;316;9669)
(432;315;9686)
(432;315;9686)
(433;315;9686)
(433;315;9702)
(433;315;9703)
(434;315;9718)
(434;315;9719)
(435;315;9735)
(435;315;9735)
(436;315;9751)
(436;315;9752)
(437;315;9752)
(437;315;9768)
(438;315;9769)
(438;315;9785)
(439;315;9786)
(439;315;9802)
(440;315;9802)
(440;316;9818)
(441;316;9818)
(441;316;9836)
(442;316;9836)
(443;316;9836)
(443;316;9852)
(444;316;9853)
(445;317;9869)
(445;317;9870)
(446;317;9885)
(447;317;9885)
(448;317;9902)
(449;317;9903)
(450;317;9919)
(450;317;9919)
(451;317;9919)
(451;317;9936)
(452;317;9936)
(453;318;9952)
(454;318;9952)
(455;318;9969)
(456;318;9969)
(457;318;9986)
(457;318;9986)
(458;318;9986)
(458;318;10002)
(459;318;10002)
(459;318;10019)
(460;318;10019)
(460;318;10035)
(461;318;10035)
(462;318;10052)
(462;317;10052)
(463;317;10052)
(463;317;10068)
(464;317;10068)
(465;317;10085)
(465;317;10086)
(466;316;10102)
(467;316;10102)
(468;316;10119)
(469;315;10119)
(469;315;10119)
(470;315;10135)
(470;315;10135)
(470;315;10152)
(471;315;10152)
(471;314;10168)
(472;314;10169)
(472;314;10185)
(473;314;10185)
(473;313;10202)
(473;313;10202)
(474;313;10218)
(474;313;10219)
(475;312;10235)
(475;312;10235)
(476;312;10236)
(476;311;10252)
(476;311;10252)
(476;311;10269)
(476;311;10269)
(477;311;10285)
(477;310;10285)
(477;310;10285)
(478;310;10302)
(479;309;10303)
(479;308;10322)
(480;308;10323)
(480;307;10365)
(480;307;10365)
(481;307;10366)
(481;306;10380)
(481;306;10381)
(481;306;10397)
(481;306;10398)
(481;306;10415)
(482;306;10415)
(482;305;10415)
(482;305;10431)
(483;305;10432)
(483;305;10448)
(483;305;10448)
(483;304;10465)
(484;304;10465)
(484;304;10465)
(485;303;10481)
(485;303;10481)
(486;303;10498)
(486;302;10498)
(486;302;10513)
(486;302;10514)
(487;302;10531)
(487;301;10531)
(487;301;10531)
(488;301;10547)
(488;301;10547)
(488;300;10563)
(489;300;10564)
(489;299;10581)
(489;299;10582)
(490;299;10598)
(490;299;10598)
(490;299;10614)
(490;299;10614)
(490;299;10631)
(490;299;10631)
(490;299;10648)
(490;299;10648)
(490;299;10648)
(490;299;10665)
(491;299;10665)
(491;299;10682)
(491;298;10682)
(491;298;10697)
(492;298;10697)
(492;298;10715)
(493;298;10715)
(493;297;10715)
(493;297;10731)
(494;297;10731)
(495;296;10748)
(495;296;10748)
(496;296;10764)
(496;296;10764)
(496;296;10764)
(497;295;10781)
(497;295;10781)
(498;295;10797)
(499;295;10814)
(499;295;10815)
(500;294;10830)
(500;294;10847)
(501;294;10848)
(501;294;10848)
(501;294;10864)
(501;294;10865)
(501;294;10881)
(501;294;10881)
(502;294;10898)
(502;294;10898)
(502;294;10914)
(502;294;10914)
(503;294;10931)
(503;294;10931)
(503;294;10948)
(504;294;10948)
(504;294;10948)
(504;294;10964)
(504;294;10965)
(505;294;10980)
(505;294;10981)
(506;294;10997)
(506;294;10997)
(506;294;11014)
(507;294;11014)
(507;294;11014)
(507;294;11030)
(508;294;11031)
(508;294;11047)
(508;294;11047)
(508;294;11064)
(508;294;11064)
(508;294;11064)
(508;294;11080)
(508;294;11081)
(508;294;11098)
(508;294;11098)
(508;294;11114)
(508;294;11114)
(508;294;11130)
(508;294;11131)
(508;294;11147)
(508;294;11148)
(508;294;11148)
(508;294;11164)
(508;294;11164)
(508;294;11180)
(508;294;11180)
(508;294;11197)
(508;294;11197)
(508;294;11214)
(508;294;11214)
(508;294;11231)
(508;294;11231)
(508;294;11231)
(508;294;11247)
(508;294;11247)
(508;294;11264)
(508;294;11265)
(508;294;11281)
(508;294;11281)
(508;294;11298)
(508;294;11298)
(508;294;11314)
(508;294;11315)
(508;294;11315)
(508;294;11330)
(508;294;11330)
(508;294;11347)
(508;294;11348)
(508;294;11364)
(508;294;11364)
(508;293;11364)
(508;293;11381)
(508;293;11381)
(508;293;11397)
(508;293;11397)
(508;293;11414)
(508;293;11415)
(508;293;11430)
(508;293;11448)
(508;293;11448)
(508;293;11448)
(508;293;11464)
(508;293;11464)
(508;293;11481)
(508;293;11481)
(508;293;11498)
(508;293;11498)
(508;293;11514)
(508;293;11515)
(508;293;11531)
(508;293;11531)
(508;293;11548)
(508;293;11548)
(508;293;11548)
(508;293;11564)
(508;293;11564)
(508;293;11581)
(508;293;11582)
(508;293;11598)
(508;293;11598)
(508;293;11614)
(508;293;11615)
(508;293;11631)
(508;293;11631)
(508;293;11647)
(508;293;11647)
(508;293;11664)
(508;293;11664)
(508;293;11664)
(508;293;11681)
(508;293;11681)
(508;293;11697)
(508;293;11698)
(508;293;11715)
(508;293;11715)
(508;293;11731)
(508;293;11731)
(508;293;11748)
(508;293;11748)
(509;293;11748)
(509;293;11764)
(509;293;11765)
(509;293;11781)
(509;293;11781)
(510;293;11798)
(510;292;11798)
(510;292;11814)
(510;292;11814)
(511;292;11831)
(511;292;11832)
(511;292;11832)
(511;292;11848)
(512;292;11848)
(512;291;11864)
(513;291;11864)
(513;291;11881)
(514;291;11882)
(514;291;11897)
(514;290;11898)
(515;290;11914)
(515;290;11914)
(516;290;11915)
(516;290;11931)
(516;290;11931)
(516;290;11947)
(517;290;11948)
(517;290;11964)
(517;290;11965)
(517;290;11965)
(517;289;11980)
(518;289;11981)
(518;289;11998)
(518;289;11998)
(519;289;12014)
(519;289;12014)
(520;288;12031)
(520;288;12031)
(520;288;12048)
(520;288;12048)
(520;288;12063)
(520;288;12064)
(520;288;12081)
(520;288;12081)
(520;288;12097)
(520;288;12098)
(520;288;12114)
(520;288;12115)
(520;288;12115)
(520;288;12131)
(520;288;12147)
(520;288;12148)
(520;288;12148)
(520;288;12164)
(520;288;12164)
(520;288;12181)
(520;288;12181)
(520;288;12197)
(520;288;12198)
(520;287;12215)
(520;287;12215)
(520;287;12231)
(521;287;12231)
(521;287;12248)
(521;286;12248)
(521;286;12264)
(521;285;12264)
(522;285;12264)
(522;284;12281)
(522;283;12281)
(522;282;12298)
(523;281;12298)
(523;280;12314)
(523;279;12314)
(523;278;12331)
(523;278;12331)
(523;277;12347)
(524;277;12348)
(524;276;12348)
(524;276;12364)
(524;275;12364)
(524;274;12381)
(525;273;12381)
(525;272;12398)
(525;271;12398)
(526;271;12414)
(526;270;12414)
(526;269;12431)
(526;269;12431)
(526;269;12432)
(526;269;12447)
(526;269;12447)
(526;268;12465)
(526;268;12465)
(527;268;12481)
(527;267;12481)
(527;267;12498)
(527;266;12498)
(528;264;12515)
(529;263;12515)
(529;262;12530)
(530;261;12531)
(530;261;12548)
(530;261;12548)
(531;260;12563)
(531;259;12564)
(532;259;12564)
(532;258;12581)
(532;257;12581)
(532;257;12597)
(532;257;12598)
(533;256;12614)
(533;256;12614)
(533;255;12631)
(534;254;12631)
(534;253;12648)
(535;252;12648)
(535;251;12648)
(535;251;12665)
(535;250;12665)
(535;250;12681)
(535;250;12682)
(536;250;12698)
(536;250;12715)
(536;250;12731)
(536;250;12731)
(536;250;12731)
(536;250;12747)
(536;250;12748)
(536;249;12764)
(536;249;12764)
(536;249;12781)
(536;249;12781)
(536;249;12798)
(536;249;12799)
(537;249;12815)
(537;248;12815)
(537;248;12815)
(537;248;12832)
(537;248;12832)
(537;248;12847)
(537;247;12848)
(537;247;12864)
(537;247;12865)
(537;247;12865)
(537;247;12881)
(537;247;12882)
(537;247;12898)
(538;246;12898)
(538;246;12915)
(538;246;12915)
(538;246;12931)
(538;246;12932)
(538;246;12932)
(538;246;12948)
(538;246;12948)
(538;246;12964)
(538;246;12964)
(538;246;12981)
(538;246;12982)
(538;246;12998)
(538;246;12998)
(538;246;13015)
(538;246;13015)
(538;246;13030)
(538;246;13031)
(538;246;13048)
(538;246;13048)
(538;246;13048)
(538;246;13111)
(538;246;13197)
(538;246;13197)
(538;246;13197)
(538;246;13197)
(538;246;13197)
(539;246;13198)
(540;246;13198)
(540;246;13198)
(540;247;13198)
(541;247;13198)
(541;247;13214)
(542;247;13214)
(543;247;13231)
(544;247;13247)
(545;248;13248)
(546;248;13265)
(547;249;13265)
(547;249;13265)
(548;249;13280)
(548;249;13280)
(549;249;13297)
(549;249;13297)
(549;249;13314)
(549;249;13314)
(550;249;13331)
(550;249;13331)
(550;249;13347)
(550;249;13347)
(550;250;13347)
(550;250;13363)
(551;250;13364)
(551;250;13381)
(551;250;13381)
(552;251;13398)
(552;251;13398)
(553;252;13414)
(553;252;13414)
(554;252;13414)
(554;253;13431)
(554;253;13431)
(555;254;13448)
(555;255;13448)
(556;255;13463)
(556;255;13464)
(556;256;13480)
(556;256;13480)
(557;256;13481)
(557;256;13497)
(557;256;13497)
(557;257;13513)
(557;257;13514)
(557;257;13530)
(557;257;13531)
(557;257;13548)
(557;257;13548)
(557;257;13565)
(557;257;13565)
(557;257;13580)
(557;257;13580)
(558;257;13580)
(558;257;13598)
(558;258;13598)
(558;258;13614)
(558;258;13614)
(558;258;13631)
(558;258;13631)
(558;258;13648)
(558;258;13648)
(559;259;13649)
(559;259;13663)
(560;260;13663)
(560;260;13681)
(561;261;13681)
(561;261;13697)
(561;261;13698)
(561;261;13714)
(561;261;13714)
(562;262;13714)
(562;262;13731)
(562;262;13732)
(563;262;13748)
(564;263;13748)
(564;263;13764)
(565;263;13764)
(566;264;13780)
(566;264;13781)
(567;264;13781)
(568;265;13797)
(568;265;13798)
(569;266;13814)
(570;266;13814)
(571;266;13831)
(572;267;13831)
(573;267;13847)
(573;267;13847)
(573;267;13847)
(574;267;13864)
(574;267;13881)
(574;267;13881)
(574;267;13881)
(574;267;13897)
(574;267;13898)
(575;267;13915)
(575;268;13915)
(575;268;13915)
(576;268;13931)
(576;268;13948)
(577;268;13948)
(577;269;13948)
(577;269;13964)
(578;269;13964)
(578;269;13981)
(578;269;13981)
(578;270;13997)
(579;270;13997)
(579;270;14015)
(579;271;14015)
(580;271;14015)
(580;272;14031)
(581;273;14031)
(581;274;14047)
(582;274;14047)
(582;275;14064)
(582;275;14064)
(582;276;14065)
(583;277;14081)
(583;278;14081)
(583;278;14097)
(583;279;14098)
(584;280;14114)
(584;281;14115)
(584;281;14131)
(584;282;14131)
(584;282;14147)
(584;282;14148)
(584;283;14148)
(585;283;14164)
(585;283;14164)
(585;283;14180)
(585;283;14181)
(585;283;14197)
(585;283;14197)
(585;283;14214)
(585;283;14215)
(585;283;14230)
(585;284;14231)
(585;284;14248)
(585;284;14248)
(586;284;14248)
(586;284;14264)
(586;284;14264)
(586;284;14281)
(586;284;14281)
(586;284;14297)
(587;284;14297)
(587;284;14315)
(587;284;14315)
(587;284;14315)
(587;284;14330)
(588;284;14331)
(588;284;14348)
(589;284;14348)
(589;284;14364)
(590;284;14364)
(591;284;14381)
(592;284;14381)
(593;284;14381)
(594;284;14397)
(594;284;14398)
(595;284;14413)
(595;284;14414)
(596;284;14430)
(596;284;14431)
(596;284;14447)
(596;284;14448)
(596;284;14448)
(596;284;14464)
(596;284;14481)
(596;284;14481)
(596;284;14481)
(596;285;14497)
(596;285;14497)
(596;285;14514)
(596;285;14514)
(597;285;14531)
(597;285;14531)
(597;285;14548)
(597;286;14548)
(598;287;14549)
(598;288;14563)
(598;288;14564)
(599;290;14581)
(599;290;14581)
(600;291;14597)
(600;292;14597)
(600;292;14614)
(600;292;14615)
(600;292;14615)
(600;292;14630)
(600;292;14631)
(600;293;14647)
(600;293;14648)
(600;293;14664)
(601;293;14664)
(601;294;14664)
(601;294;14680)
(602;295;14680)
(602;295;14697)
(603;296;14697)
(603;297;14714)
(604;297;14715)
(604;298;14731)
(605;298;14731)
(606;299;14747)
(607;299;14747)
(607;300;14748)
(608;300;14765)
(609;301;14765)
(609;301;14781)
(609;301;14781)
(610;301;14798)
(610;301;14798)
(610;302;14814)
(611;302;14814)
(611;302;14831)
(612;302;14831)
(612;302;14848)
(613;303;14849)
(613;303;14849)
(614;303;14865)
(614;304;14865)
(615;304;14881)
(616;304;14881)
(616;305;14897)
(617;305;14898)
(617;305;14914)
(617;305;14915)
(617;306;14915)
(617;306;14931)
(617;306;14931)
(617;306;14948)
(617;306;14948)
(617;306;14964)
(618;307;14964)
(618;307;14981)
(618;308;14981)
(619;309;14981)
(619;310;14997)
(619;311;14997)
(619;311;15015)
(620;311;15015)
(620;312;15031)
(620;312;15031)
(620;313;15047)
(620;314;15048)
(620;314;15064)
(621;315;15065)
(621;316;15065)
(621;317;15081)
(621;317;15081)
(621;318;15097)
(622;318;15098)
(622;319;15114)
(622;319;15114)
(622;320;15131)
(622;321;15131)
(622;322;15148)
(622;322;15148)
(623;323;15148)
(623;324;15164)
(623;325;15164)
(624;326;15181)
(624;326;15181)
(624;327;15198)
(624;328;15198)
(625;328;15215)
(625;328;15215)
(625;329;15215)
(625;329;15231)
(625;330;15231)
(626;330;15248)
(626;330;15248)
(626;331;15264)
(627;331;15265)
(627;332;15265)
(628;332;15281)
(628;332;15281)
(628;332;15297)
(628;332;15297)
(628;332;15314)
(628;332;15314)
(628;332;15330)
(628;332;15330)
(629;332;15347)
(629;332;15347)
(629;332;15364)
(629;332;15364)
(629;332;15364)
(630;332;15381)
(631;332;15381)
(632;332;15397)
(633;333;15398)
(634;333;15414)
(635;333;15414)
(636;333;15430)
(636;333;15431)
(637;333;15431)
(637;333;15447)
(637;333;15447)
(637;333;15464)
(637;333;15465)
(637;333;15481)
(637;333;15481)
(637;333;15497)
(637;334;15497)
(637;334;15514)
(637;334;15515)
(637;334;15515)
(637;334;15530)
(638;334;15531)
(638;334;15547)
(638;335;15547)
(639;335;15564)
(639;336;15564)
(639;337;15564)
(640;338;15581)
(640;338;15581)
(640;339;15597)
(641;340;15597)
(641;341;15614)
(641;341;15615)
(641;342;15630)
(641;342;15631)
(641;342;15647)
(641;342;15647)
(641;342;15664)
(641;342;15664)
(641;342;15665)
(642;342;15681)
(642;342;15681)
(642;343;15697)
(642;343;15697)
(642;343;15714)
(642;343;15714)
(642;343;15731)
(642;343;15731)
(642;343;15731)
(642;343;15747)
(642;343;15747)
(642;343;15764)
(642;343;15764)
(642;343;15781)
(642;343;15781)
(642;343;15797)
(642;343;15797)
(642;343;15814)
(642;343;15815)
(643;343;15815)
(644;343;15830)
(644;343;15830)
(645;343;15847)
(646;343;15847)
(647;344;15864)
(648;344;15864)
(649;344;15864)
(650;344;15881)
(650;344;15881)
(651;344;15897)
(651;344;15897)
(652;344;15913)
(653;344;15914)
(653;344;15930)
(654;344;15931)
(655;344;15947)
(655;344;15947)
(655;344;15947)
(656;344;15963)
(656;344;15963)
(657;344;15980)
(657;344;15980)
(657;344;15997)
(657;345;15997)
(657;345;16014)
(657;345;16015)
(657;345;16031)
(658;345;16031)
(658;345;16031)
(658;345;16047)
(659;345;16047)
(659;345;16064)
(659;345;16064)
(659;346;16080)
(660;346;16081)
(660;346;16097)
(660;346;16098)
(660;346;16114)
(661;346;16115)
(661;347;16130)
(662;347;16130)
(662;348;16147)
(663;348;16147)
(663;349;16164)
(664;349;16164)
(664;349;16164)
(664;349;16181)
(664;350;16181)
(665;350;16197)
(665;350;16197)
(666;351;16215)
(666;352;16215)
(667;352;16231)
(668;353;16231)
(669;354;16247)
(669;355;16247)
(670;355;16247)
(670;356;16264)
(671;356;16264)
(671;357;16280)
(671;357;16280)
(672;357;16297)
(672;357;16297)
(672;358;16314)
(672;358;16315)
(672;358;16330)
(672;358;16331)
(672;358;16347)
(672;358;16348)
(673;358;16348)
(673;358;16364)
(673;358;16364)
(673;358;16380)
(673;358;16380)
(673;358;16397)
(674;357;16397)
(675;357;16414)
(676;357;16414)
(677;356;16430)
(678;355;16430)
(679;355;16447)
(679;354;16448)
(680;354;16464)
(680;354;16464)
(680;354;16465)
(680;354;16481)
(681;353;16481)
(681;353;16497)
(681;353;16498)
(681;353;16514)
(681;353;16514)
(682;353;16530)
(683;353;16547)
(683;353;16547)
(684;353;16547)
(685;353;16563)
(685;353;16564)
(686;353;16581)
(687;353;16581)
(687;353;16597)
(688;353;16597)
(689;354;16614)
(689;354;16615)
(691;355;16631)
(691;355;16648)
(692;355;16648)
(692;356;16648)
(693;356;16664)
(693;356;16664)
(694;356;16681)
(694;357;16681)
(694;357;16698)
(695;357;16698)
(695;357;16714)
(696;357;16715)
(696;358;16715)
(697;358;16730)
(698;358;16731)
(698;358;16747)
(699;359;16747)
(700;359;16764)
(700;359;16764)
(701;359;16764)
(702;359;16781)
(702;359;16781)
(702;359;16797)
(702;359;16797)
(703;359;16814)
(703;359;16814)
(703;359;16831)
(703;359;16831)
(704;359;16831)
(704;358;16847)
(704;358;16865)
(704;358;16865)
(704;358;16865)
(704;358;16880)
(705;358;16880)
(705;357;16898)
(706;355;16914)
(706;354;16931)
(706;354;16931)
(707;353;16947)
(707;353;16947)
(707;353;16947)
(707;352;16963)
(707;352;16964)
(707;352;16981)
(707;352;16981)
(707;352;16997)
(707;351;16997)
(708;351;17014)
(708;351;17015)
(708;351;17031)
(708;350;17031)
(708;350;17048)
(709;350;17048)
(709;349;17064)
(709;348;17064)
(710;348;17064)
(710;347;17081)
(711;346;17081)
(711;346;17097)
(712;345;17097)
(713;345;17115)
(713;344;17115)
(714;344;17130)
(715;343;17131)
(715;343;17147)
(716;343;17147)
(716;343;17147)
(717;343;17165)
(717;343;17165)
(718;342;17181)
(718;342;17181)
(719;342;17197)
(720;342;17198)
(721;341;17215)
(722;341;17215)
(723;341;17231)
(724;340;17232)
(725;340;17232)
(725;340;17248)
(726;339;17248)
(726;339;17264)
(726;339;17265)
(726;339;17280)
(726;339;17281)
(726;339;17298)
(726;339;17298)
(726;339;17314)
(726;339;17315)
(727;338;17315)
(727;338;17331)
(727;338;17332)
(727;338;17348)
(727;337;17348)
(727;336;17365)
(728;335;17365)
(728;333;17365)
(728;332;17381)
(728;331;17381)
(728;330;17398)
(728;329;17398)
(728;328;17414)
(728;328;17415)
(728;328;17430)
(728;328;17448)
(728;328;17448)
(728;328;17448)
(728;328;17464)
(728;328;17464)
(728;328;17481)
(728;327;17481)
(728;327;17498)
(728;327;17498)
(728;327;17514)
(729;326;17514)
(729;326;17531)
(729;326;17531)
(729;326;17548)
(729;325;17548)
(729;324;17548)
(729;324;17565)
(730;323;17565)
(730;323;17581)
(730;322;17581)
(731;321;17597)
(732;320;17597)
(732;318;17615)
(733;317;17615)
(733;317;17615)
(733;316;17631)
(734;315;17631)
(734;314;17647)
(734;313;17648)
(734;313;17665)
(735;311;17665)
(735;310;17665)
(735;309;17681)
(735;309;17681)
(735;308;17697)
(735;308;17697)
(735;308;17715)
(735;307;17715)
(735;307;17732)
(735;307;17732)
(735;307;17748)
(735;307;17748)
(735;307;17764)
(735;307;17765)
(735;307;17765)
(735;307;17781)
(735;307;17781)
(735;307;17798)
(735;307;17799)
(735;307;17815)
(735;307;17815)
(735;306;17832)
(735;306;17832)
(736;305;17848)
(736;304;17848)
(737;303;17848)
(737;302;17864)
(738;301;17865)
(739;300;17881)
(740;299;17881)
(740;298;17897)
(741;298;17898)
(741;297;17914)
(742;296;17914)
(742;295;17914)
(743;295;17932)
(743;294;17932)
(744;294;17948)
(744;293;17948)
(744;293;17965)
(745;292;17965)
(745;292;17965)
(745;291;17981)
(746;291;17981)
(746;290;17998)
(746;290;17998)
(746;290;18014)
(746;290;18014)
(747;289;18032)
(747;289;18032)
(747;288;18032)
(748;288;18047)
(748;287;18064)
(748;287;18064)
(748;286;18081)
(749;286;18081)
(749;286;18081)
(749;286;18098)
(749;286;18099)
(749;286;18115)
(749;286;18115)
(749;286;18131)
(749;285;18132)
(749;285;18132)
(749;285;18148)
(749;285;18148)
(750;285;18165)
(750;285;18165)
(750;285;18181)
(750;285;18181)
(750;285;18197)
(750;285;18198)
(750;285;18215)
(750;285;18215)
(750;285;18215)
(750;285;18231)
(750;285;18232)
(750;285;18248)
(750;285;18249)
(750;285;18265)
(750;285;18265)
(750;285;18265)
(750;285;18281)
(750;285;18281)
(750;285;18298)
(750;285;18298)
(750;285;18314)
(750;285;18314)
(750;285;18331)
(750;285;18331)
(750;285;18331)
(750;285;18348)
(750;285;18348)
(750;285;18365)
(750;285;18365)
(750;285;18381)
(750;285;18381)
(750;285;18397)
(750;285;18397)
(750;285;18414)
(750;285;18415)
(750;285;18431)
(750;285;18431)
(750;285;18431)
(750;285;18449)
(750;285;18449)
(750;285;18464)
(750;285;18464)
(750;285;18481)
(750;285;18481)
(750;285;18498)
(750;285;18498)
(750;285;18514)
(750;285;18514)
(750;285;18515)
(750;285;18531)
(750;285;18531)
(750;285;18548)
(750;285;18548)
(750;285;18564)
(750;285;18565)
(750;285;18565)
(750;285;18581)
(750;285;18581)
(750;285;18598)
(750;285;18598)
(750;285;18615)
(750;285;18615)
(750;285;18631)
(750;285;18632)
(750;285;18632)
(750;285;18648)
(750;285;18649)
(750;285;18664)
(750;285;18665)
(750;285;18681)
(749;284;18681)
(749;284;18697)
(749;284;18698)
(749;284;18714)
(749;284;18714)
(749;284;18730)
(749;284;18731)
(749;284;18747)
(749;284;18748)
(749;284;18748)
(749;284;18764)
(749;284;18764)
(749;284;18781)
(749;284;18781)
(749;284;18798)
(749;284;18798)
(749;284;18815)
(749;284;18815)
(749;284;18815)
(749;284;18832)
(749;284;18832)
(749;284;18848)
(749;284;18848)
(749;284;18864)
(749;284;18864)
(749;284;18864)
(749;284;18881)
(749;284;18882)
(749;284;18898)
(749;284;18898)
(749;284;18915)
(749;284;18915)
(749;284;18915)
(749;284;18931)
(749;284;18931)
(749;284;18948)
(749;284;18949)
(749;284;18964)
(749;284;18964)
(749;284;18981)
(749;284;18982)
(749;284;18998)
(749;284;18998)
(749;284;19014)
(749;284;19015)
(749;284;19031)
(749;284;19031)
(749;284;19032)
(749;284;19048)
(749;284;19049)
(749;284;19064)
(749;284;19065)
(749;284;19081)
(750;284;19082)
(750;284;19097)
(750;284;19097)
(750;284;19114)
(750;284;19115)
(750;285;19115)
(751;285;19131)
(751;286;19131)
(752;286;19148)
(753;287;19148)
(753;287;19164)
(754;288;19165)
(755;289;19165)
(756;290;19181)
(757;291;19181)
(758;292;19198)
(759;293;19198)
(760;294;19214)
(761;295;19214)
(762;296;19231)
(763;297;19231)
(764;298;19231)
(765;299;19248)
(765;300;19248)
(766;300;19264)
(767;301;19265)
(768;302;19281)
(769;303;19282)
(769;304;19299)
(769;304;19299)
(770;304;19314)
(770;304;19315)
(771;305;19331)
(771;306;19331)
(772;307;19348)
(773;308;19348)
(774;309;19349)
(775;310;19365)
(776;311;19365)
(776;311;19381)
(777;312;19382)
(777;312;19397)
(778;312;19398)
(778;312;19414)
(778;312;19415)
(778;312;19415)
(778;312;19431)
(778;312;19431)
(778;312;19448)
(778;312;19448)
(778;312;19465)
(778;312;19465)
(778;312;19465)
(779;312;19482)
(779;311;19482)
(779;311;19498)
(780;310;19498)
(781;310;19515)
(781;309;19515)
(782;308;19531)
(783;307;19532)
(783;305;19532)
(784;304;19549)
(784;303;19549)
(784;302;19564)
(784;301;19565)
(785;301;19581)
(785;300;19581)
(785;299;19598)
(785;297;19599)
(786;296;19615)
(787;291;19631)
(787;288;19662)
(787;286;19662)
(788;286;19662)
(788;285;19663)
(788;285;19663)
(788;284;19679)
(789;283;19680)
(790;282;19695)
(790;281;19696)
(790;280;19713)
(791;279;19713)
(792;278;19713)
(792;278;19730)
(793;277;19730)
(794;277;19746)
(794;277;19747)
(795;277;19762)
(796;277;19763)
(797;277;19763)
(798;278;19779)
(799;278;19780)
(800;279;19796)
(800;280;19796)
(801;280;19813)
(801;280;19813)
(801;281;19829)
(802;281;19829)
(803;283;19847)
(803;284;19847)
(804;285;19847)
(805;287;19862)
(805;289;19879)
(806;290;19879)
(807;292;19879)
(807;293;19896)
(807;295;19896)
(807;296;19912)
(808;298;19913)
(808;299;19929)
(808;301;19930)
(809;302;19945)
(809;303;19946)
(809;304;19946)
(809;305;19963)
(809;305;19963)
(809;305;19980)
(809;305;19980)
(809;305;19995)
(809;305;19995)
(809;305;20016)
(810;305;20033)
(811;307;20033)
(811;308;20049)
(812;309;20050)
(813;311;20066)
(814;312;20067)
(815;313;20067)
(816;314;20083)
(816;315;20084)
(817;315;20100)
(817;316;20100)
(818;317;20116)
(819;317;20116)
(821;319;20134)
(822;320;20134)
(823;321;20150)
(824;322;20150)
(825;323;20166)
(826;324;20167)
(826;324;20183)
(827;325;20183)
(828;326;20183)
(829;326;20200)
(829;327;20200)
(830;327;20217)
(830;327;20217)
(830;327;20233)
(830;327;20233)
(830;327;20250)
(830;327;20251)
(830;327;20266)
(830;327;20267)
(830;327;20283)
(831;327;20283)
(831;327;20283)
(832;328;20299)
(833;328;20300)
(834;328;20317)
(835;328;20317)
(835;328;20333)
(836;328;20334)
(837;328;20350)
(837;328;20351)
(839;328;20366)
(839;328;20367)
(840;328;20383)
(840;327;20384)
(841;327;20399)
(842;327;20400)
(842;326;20416)
(843;326;20417)
(844;326;20417)
(844;325;20433)
(845;325;20434)
(845;325;20450)
(846;325;20450)
(846;324;20467)
(847;324;20467)
(847;324;20483)
(848;323;20483)
(849;323;20500)
(850;322;20500)
(851;322;20501)
(851;321;20516)
(852;320;20517)
(852;320;20534)
(853;320;20534)
(853;319;20550)
(853;319;20551)
(853;319;20567)
(853;319;20567)
(853;319;20567)
(853;319;20583)
(853;319;20600)
(854;319;20600)
(854;319;20600)
(854;319;20617)
(855;319;20617)
(855;319;20633)
(856;319;20633)
(857;319;20650)
(857;319;20651)
(858;319;20666)
(858;319;20666)
(859;319;20666)
(859;319;20683)
(859;319;20683)
(860;319;20700)
(860;319;20701)
(860;319;20716)
(860;318;20716)
(861;318;20716)
(861;318;20734)
(861;318;20734)
(861;318;20750)
(862;318;20751)
(862;318;20766)
(863;318;20766)
(863;317;20783)
(863;317;20783)
(864;316;20800)
(864;316;20801)
(865;316;20801)
(865;315;20817)
(866;315;20818)
(866;315;20834)
(866;315;20834)
(866;315;20850)
(866;315;20851)
(866;315;20867)
(866;315;20867)
(866;315;20883)
(866;314;20883)
(867;314;20883)
(867;314;20900)
(867;314;20900)
(867;314;20916)
(867;314;20917)
(867;314;20933)
(867;314;20933)
(867;314;20950)
(867;314;20951)
(867;314;20966)
(867;314;20967)
(867;314;20967)
(867;314;20983)
(867;314;20983)
(867;314;21000)
(867;314;21000)
(867;314;21016)
(867;314;21017)
(867;314;21033)
(867;314;21033)
(868;314;21050)
(870;314;21050)
(873;315;21066)
(878;316;21067)
(887;319;21083)
(887;318;21100)
