(267;352;0)
(267;353;181)
(267;354;215)
(267;355;216)
(267;356;216)
(267;357;217)
(268;357;217)
(268;358;226)
(268;358;244)
(268;359;245)
(268;359;260)
(268;360;261)
(268;360;276)
(268;361;277)
(268;361;277)
(269;362;293)
(269;363;294)
(269;364;310)
(269;365;311)
(269;366;327)
(269;366;327)
(269;367;344)
(269;368;344)
(269;369;345)
(269;369;360)
(269;370;361)
(269;371;377)
(269;372;378)
(269;372;393)
(269;372;394)
(269;373;410)
(269;373;411)
(269;374;427)
(269;375;428)
(269;376;444)
(269;377;445)
(269;377;445)
(269;378;460)
(269;378;461)
(269;379;477)
(269;379;478)
(269;380;493)
(269;381;512)
(269;381;529)
(269;381;530)
(269;381;546)
(269;381;563)
(269;381;564)
(269;381;564)
(269;381;580)
(269;381;580)
(269;381;596)
(269;381;597)
(269;381;613)
(269;381;614)
(269;381;629)
(269;381;631)
(269;381;645)
(269;381;646)
(269;381;646)
(269;381;662)
(269;380;663)
(270;380;680)
(270;380;681)
(270;380;696)
(271;380;696)
(271;380;712)
(272;379;712)
(272;379;730)
(273;379;730)
(273;379;731)
(274;378;746)
(275;378;747)
(275;378;763)
(276;377;764)
(276;377;764)
(277;377;778)
(277;377;796)
(278;376;797)
(278;376;797)
(279;376;812)
(280;375;829)
(280;375;830)
(281;375;830)
(282;374;846)
(282;374;862)
(282;373;863)
(282;373;879)
(283;373;880)
(283;373;880)
(284;372;895)
(284;372;896)
(284;372;913)
(285;371;914)
(285;371;929)
(285;371;930)
(286;371;946)
(286;370;947)
(287;370;963)
(287;370;963)
(287;370;979)
(288;369;980)
(288;369;995)
(288;369;996)
(289;368;996)
(290;368;1012)
(291;367;1030)
(291;367;1030)
(292;366;1045)
(292;366;1046)
(292;366;1062)
(293;365;1063)
(293;365;1079)
(294;365;1080)
(294;365;1080)
(294;364;1096)
(295;364;1096)
(295;364;1112)
(295;364;1113)
(295;363;1129)
(295;363;1130)
(296;363;1146)
(296;363;1146)
(296;363;1162)
(296;363;1163)
(296;363;1180)
(296;363;1180)
(296;363;1180)
(297;363;1196)
(297;363;1197)
(297;363;1212)
(297;363;1213)
(297;363;1229)
(297;363;1230)
(297;363;1246)
(297;363;1247)
(297;363;1247)
(297;363;1262)
(297;363;1263)
(297;363;1280)
(297;363;1280)
(297;363;1296)
(297;363;1297)
(297;363;1297)
(297;363;1312)
(298;363;1312)
(298;363;1329)
(298;363;1330)
(299;363;1346)
(299;363;1346)
(300;363;1362)
(300;363;1363)
(301;363;1379)
(302;363;1380)
(302;363;1380)
(303;363;1396)
(304;363;1397)
(305;363;1413)
(305;364;1414)
(306;364;1429)
(307;364;1430)
(307;364;1446)
(308;364;1447)
(308;364;1463)
(309;364;1464)
(309;365;1464)
(310;365;1479)
(310;365;1480)
(311;365;1496)
(312;365;1497)
(312;365;1513)
(313;365;1514)
(313;365;1529)
(314;365;1530)
(315;365;1546)
(316;365;1547)
(316;365;1562)
(317;365;1563)
(317;365;1579)
(318;365;1580)
(318;365;1596)
(319;365;1596)
(320;365;1597)
(320;365;1613)
(321;365;1614)
(321;365;1629)
(322;364;1630)
(322;364;1646)
(322;364;1646)
(323;364;1662)
(323;364;1663)
(323;364;1678)
(324;363;1679)
(324;363;1697)
(325;363;1697)
(325;362;1697)
(326;362;1712)
(326;362;1713)
(327;361;1729)
(328;361;1730)
(328;360;1746)
(329;360;1747)
(329;359;1763)
(330;358;1764)
(330;358;1764)
(331;357;1779)
(331;357;1780)
(332;356;1796)
(332;355;1796)
(333;355;1812)
(333;354;1813)
(334;354;1829)
(334;353;1830)
(335;353;1845)
(335;352;1846)
(335;352;1846)
(336;352;1862)
(336;351;1863)
(336;351;1879)
(337;351;1880)
(337;350;1896)
(337;350;1897)
(337;350;1897)
(337;350;1913)
(338;350;1929)
(338;350;1946)
(338;350;1947)
(338;350;1947)
(338;350;1963)
(338;350;1963)
(338;350;1980)
(338;350;1980)
(338;350;1981)
(338;350;1996)
(338;350;1996)
(338;350;2013)
(338;350;2014)
(338;350;2029)
(338;350;2030)
(338;350;2046)
(338;350;2047)
(338;350;2062)
(338;350;2063)
(338;350;2080)
(338;350;2081)
(338;349;2081)
(338;349;2098)
(338;349;2098)
(339;349;2127)
(339;348;2127)
(339;348;2128)
(340;347;2144)
(340;347;2144)
(341;346;2161)
(341;346;2161)
(342;346;2181)
(342;345;2182)
(344;344;2218)
(344;344;2218)
(344;343;2234)
(345;343;2235)
(345;343;2250)
(346;342;2251)
(346;342;2267)
(346;342;2267)
(347;342;2268)
(347;342;2283)
(347;341;2284)
(347;341;2300)
(348;341;2301)
(348;341;2317)
(348;341;2334)
(348;341;2335)
(348;341;2335)
(348;341;2336)
(348;341;2368)
(348;341;2369)
(348;341;2369)
(348;341;2385)
(349;341;2386)
(349;341;2386)
(349;341;2402)
(349;341;2402)
(349;341;2418)
(349;341;2419)
(349;341;2435)
(349;341;2436)
(350;341;2451)
(350;341;2452)
(351;341;2452)
(351;341;2468)
(352;341;2469)
(353;341;2485)
(354;341;2486)
(357;341;2521)
(358;341;2522)
(359;341;2522)
(361;341;2556)
(362;341;2557)
(363;341;2557)
(364;341;2572)
(365;341;2573)
(366;341;2573)
(367;341;2590)
(368;341;2590)
(370;341;2606)
(371;341;2607)
(372;341;2623)
(373;341;2624)
(374;342;2624)
(376;342;2639)
(377;342;2640)
(378;342;2656)
(379;342;2657)
(379;342;2673)
(380;342;2690)
(380;342;2690)
(380;342;2691)
(380;342;2705)
(381;342;2706)
(381;342;2722)
(381;342;2723)
(381;342;2739)
(381;342;2739)
(381;342;2739)
(381;342;2756)
(381;342;2756)
(381;342;2773)
(381;342;2773)
(381;342;2790)
(381;342;2791)
(381;342;2806)
(381;342;2807)
(381;342;2822)
(381;342;2823)
(381;342;2840)
(381;342;2840)
(381;342;2857)
(381;342;2857)
(381;342;2857)
(381;342;2873)
(381;341;2873)
(381;341;2889)
(381;341;2890)
(381;341;2906)
(381;341;2907)
(381;341;2923)
(381;341;2924)
(381;341;2941)
(381;340;2942)
(380;338;2942)
(380;337;2958)
(380;335;2958)
(380;334;2979)
(380;333;2980)
(380;332;2980)
(380;331;2996)
(381;329;2997)
(381;328;3015)
(381;327;3015)
(382;325;3032)
(382;325;3033)
(382;323;3048)
(383;322;3065)
(383;321;3065)
(384;321;3082)
(384;319;3083)
(385;318;3098)
(386;316;3099)
(386;316;3115)
(386;315;3116)
(387;314;3131)
(387;313;3132)
(388;313;3149)
(388;312;3150)
(389;311;3165)
(389;311;3166)
(390;310;3166)
(390;309;3182)
(391;308;3182)
(392;307;3198)
(392;306;3199)
(393;305;3215)
(394;304;3215)
(394;303;3232)
(395;303;3233)
(395;301;3265)
(396;301;3266)
(396;301;3266)
(396;301;3282)
(396;301;3282)
(396;301;3299)
(396;301;3300)
(396;301;3316)
(396;301;3317)
(396;301;3317)
(396;301;3332)
(396;301;3332)
(396;301;3348)
(396;301;3366)
(396;301;3366)
(396;301;3366)
(396;301;3382)
(396;301;3383)
(396;301;3398)
(396;301;3399)
(396;301;3399)
(396;301;3416)
(396;301;3417)
(396;301;3431)
(396;301;3432)
(396;301;3449)
(396;301;3450)
(397;301;3465)
(397;302;3466)
(397;302;3466)
(397;302;3482)
(397;302;3483)
(397;302;3499)
(397;302;3499)
(397;302;3515)
(397;302;3516)
(397;302;3516)
(397;302;3532)
(397;303;3533)
(397;303;3548)
(398;303;3549)
(398;303;3565)
(398;303;3566)
(398;303;3582)
(398;303;3598)
(398;303;3599)
(398;303;3615)
(398;303;3616)
(398;303;3616)
(398;303;3632)
(398;303;3632)
(398;303;3649)
(398;303;3650)
(398;303;3666)
(398;303;3666)
(398;303;3682)
(398;303;3683)
(398;303;3699)
(398;303;3699)
(398;303;3699)
(398;303;3716)
(398;303;3716)
(398;303;3732)
(398;303;3733)
(398;303;3749)
(399;303;3750)
(400;303;3765)
(401;303;3766)
(402;304;3766)
(403;304;3782)
(405;305;3783)
(406;306;3799)
(407;306;3800)
(407;307;3816)
(408;308;3816)
(409;308;3817)
(410;309;3832)
(411;310;3833)
(412;311;3849)
(412;312;3849)
(413;313;3866)
(413;313;3866)
(413;313;3881)
(413;314;3882)
(414;314;3899)
(414;314;3900)
(414;314;3900)
(414;315;3915)
(414;315;3932)
(414;315;3933)
(414;315;3933)
(414;315;3949)
(414;315;3949)
(414;315;3965)
(414;315;3966)
(414;315;3982)
(414;315;3982)
(414;315;3998)
(414;315;3999)
(414;315;3999)
(414;315;4016)
(414;315;4017)
(414;315;4033)
(414;315;4033)
(414;315;4049)
(414;315;4050)
(414;315;4065)
(414;315;4065)
(414;315;4066)
(415;315;4082)
(415;315;4082)
(415;315;4099)
(415;315;4100)
(415;316;4115)
(415;316;4116)
(415;316;4134)
(416;317;4134)
(417;318;4135)
(418;318;4150)
(418;319;4150)
(419;319;4165)
(420;320;4166)
(420;320;4182)
(421;321;4183)
(421;321;4199)
(421;322;4200)
(422;322;4216)
(422;322;4217)
(422;322;4232)
(423;322;4233)
(423;322;4249)
(423;323;4250)
(424;323;4250)
(424;323;4266)
(425;323;4266)
(425;324;4283)
(426;324;4284)
(427;324;4298)
(428;325;4299)
(428;325;4299)
(429;326;4316)
(429;326;4317)
(430;326;4333)
(431;326;4333)
(432;327;4349)
(432;327;4368)
(432;327;4369)
(433;327;4369)
(433;327;4385)
(433;327;4386)
(433;327;4402)
(433;327;4403)
(434;327;4419)
(434;327;4419)
(434;327;4419)
(434;327;4436)
(435;327;4463)
(435;327;4464)
(436;328;4464)
(436;328;4481)
(437;328;4482)
(437;328;4497)
(437;328;4498)
(438;328;4514)
(438;329;4514)
(438;329;4530)
(439;329;4531)
(439;329;4547)
(439;329;4548)
(440;330;4564)
(441;330;4581)
(441;330;4581)
(441;330;4597)
(441;330;4598)
(441;330;4599)
(441;330;4614)
(442;330;4615)
(442;331;4630)
(442;331;4631)
(442;331;4648)
(442;331;4648)
(442;331;4665)
(442;331;4665)
(442;331;4681)
(442;331;4682)
(442;331;4682)
(442;331;4698)
(442;332;4698)
(442;333;4714)
(442;334;4715)
(442;335;4731)
(442;336;4732)
(442;337;4748)
(442;338;4749)
(442;338;4765)
(442;339;4765)
(442;339;4766)
(442;339;4781)
(442;339;4782)
(442;339;4798)
(442;339;4799)
(442;339;4814)
(442;339;4815)
(442;339;4831)
(442;339;4832)
(442;339;4848)
(442;339;4848)
(442;339;4849)
(442;339;4864)
(442;339;4865)
(442;339;4880)
(443;339;4881)
(444;340;4897)
(445;340;4915)
(447;341;4916)
(448;342;4916)
(449;342;4916)
(450;343;4932)
(451;343;4933)
(451;344;4952)
(452;344;4952)
(453;344;4968)
(453;345;4969)
(453;345;4969)
(454;345;4986)
(454;345;4986)
(454;345;5003)
(455;345;5003)
(455;345;5004)
(455;345;5019)
(455;346;5020)
(455;346;5036)
(455;346;5036)
(455;346;5053)
(455;346;5053)
(455;346;5069)
(455;346;5070)
(455;346;5087)
(455;346;5087)
(455;346;5088)
(455;346;5103)
(455;346;5104)
(455;346;5121)
(455;346;5121)
(455;346;5137)
(455;346;5138)
(455;346;5138)
(455;346;5153)
(455;346;5153)
(455;346;5170)
(455;346;5170)
(455;346;5186)
(455;346;5187)
(455;346;5204)
(455;346;5204)
(455;346;5204)
(455;346;5220)
(456;346;5221)
(456;347;5236)
(457;348;5237)
(457;349;5253)
(458;350;5254)
(459;350;5270)
(459;351;5271)
(459;352;5287)
(460;352;5287)
(460;353;5303)
(460;353;5304)
(461;353;5304)
(461;353;5320)
(461;353;5320)
(462;353;5336)
(462;353;5337)
(463;354;5353)
(463;354;5354)
(464;355;5370)
(465;355;5370)
(465;356;5387)
(466;356;5388)
(467;356;5388)
(468;357;5404)
(469;357;5404)
(470;358;5420)
(470;358;5421)
(471;359;5436)
(472;359;5437)
(473;360;5437)
(473;360;5454)
(474;360;5455)
(474;361;5470)
(474;361;5471)
(475;361;5487)
(476;362;5487)
(476;362;5504)
(476;362;5504)
(477;363;5505)
(477;363;5520)
(477;363;5521)
(477;364;5537)
(477;364;5554)
(477;364;5554)
(478;364;5554)
(478;364;5570)
(478;364;5571)
(478;365;5587)
(478;365;5587)
(478;365;5604)
(478;366;5604)
(478;368;5604)
(478;369;5620)
(478;370;5621)
(479;371;5638)
(479;372;5638)
(479;373;5653)
(479;374;5654)
(479;375;5670)
(479;375;5671)
(479;375;5688)
(479;375;5688)
(479;375;5704)
(479;375;5704)
(479;375;5721)
(480;375;5721)
(480;376;5737)
(480;376;5738)
(481;377;5738)
(482;377;5754)
(483;378;5755)
(484;379;5773)
(485;380;5789)
(485;381;5790)
(486;381;5806)
(487;381;5807)
(487;382;5807)
(488;383;5823)
(488;383;5839)
(488;383;5840)
(488;384;5856)
(488;384;5857)
(489;384;5857)
(489;384;5873)
(489;385;5873)
(490;386;5890)
(490;387;5890)
(490;388;5907)
(491;389;5907)
(491;390;5924)
(491;391;5924)
(491;392;5925)
(492;393;5940)
(492;393;5940)
(492;393;5957)
(492;393;5957)
(492;393;5972)
(492;394;5973)
(492;394;5990)
(492;394;5991)
(492;394;6007)
(492;394;6008)
(492;394;6023)
(492;394;6024)
(493;395;6040)
(493;396;6040)
(493;397;6057)
(493;397;6057)
(493;397;6074)
(494;398;6074)
(494;398;6090)
(494;398;6091)
(494;398;6107)
(494;398;6108)
(494;398;6123)
(494;398;6124)
(495;398;6140)
(495;399;6140)
(495;399;6157)
(496;399;6157)
(496;399;6157)
(497;400;6173)
(498;400;6191)
(499;401;6191)
(499;401;6191)
(500;401;6207)
(501;402;6207)
(501;402;6223)
(502;403;6224)
(502;403;6240)
(503;403;6241)
(503;403;6241)
(503;404;6257)
(503;404;6258)
(504;404;6273)
(504;404;6273)
(504;404;6290)
(504;404;6290)
(504;404;6307)
(504;404;6308)
(505;404;6324)
(505;404;6324)
(505;404;6340)
(505;404;6340)
(506;404;6341)
(506;404;6357)
(506;404;6358)
(507;404;6373)
(507;404;6374)
(508;404;6390)
(508;404;6390)
(508;404;6407)
(509;404;6407)
(509;404;6407)
(510;404;6423)
(510;404;6423)
(511;404;6441)
(511;404;6441)
(512;404;6456)
(513;404;6457)
(513;404;6457)
(513;404;6472)
(513;404;6473)
(514;404;6490)
(514;404;6491)
(514;404;6507)
(514;404;6507)
(514;404;6523)
(515;404;6524)
(515;405;6524)
(515;405;6540)
(515;405;6556)
(515;405;6557)
(515;405;6557)
(515;405;6574)
(515;405;6575)
(515;406;6590)
(515;406;6591)
(516;406;6607)
(516;407;6607)
(516;408;6623)
(516;408;6624)
(516;408;6640)
(517;408;6640)
(517;409;6662)
(517;409;6663)
(517;409;6663)
(517;409;6663)
(517;409;6679)
(517;409;6679)
(518;409;6696)
(518;410;6696)
(518;410;6696)
(519;411;6712)
(520;411;6712)
(520;412;6729)
(521;413;6729)
(522;413;6746)
(522;414;6746)
(523;414;6763)
(523;415;6764)
(523;415;6764)
(524;415;6779)
(524;415;6780)
(524;415;6796)
(524;415;6797)
(524;415;6813)
(524;415;6814)
(524;415;6830)
(524;415;6830)
(524;415;6846)
(524;415;6847)
(524;415;6863)
(524;415;6863)
(525;415;6864)
(525;415;6880)
(526;415;6881)
(526;415;6897)
(527;415;6897)
(527;415;6913)
(527;415;6914)
(528;415;6931)
(528;415;6931)
(529;415;6931)
(529;415;6947)
(530;415;6947)
(531;415;6964)
(531;414;6965)
(532;414;6980)
(533;414;6981)
(535;414;6996)
(535;414;6997)
(536;414;7014)
(536;414;7014)
(537;414;7030)
(537;414;7031)
(537;414;7047)
(538;414;7047)
(538;414;7064)
(538;414;7065)
(538;414;7065)
(539;414;7080)
(539;414;7081)
(539;414;7097)
(539;414;7098)
(539;414;7113)
(540;414;7114)
(540;414;7131)
(541;414;7131)
(542;414;7147)
(542;414;7147)
(543;414;7164)
(543;414;7164)
(543;414;7164)
(543;414;7180)
(544;414;7181)
(544;414;7197)
(544;415;7197)
(544;415;7214)
(544;415;7215)
(545;415;7230)
(545;415;7231)
(545;415;7231)
(545;415;7247)
(545;415;7247)
(546;415;7264)
(546;415;7265)
(546;415;7280)
(547;415;7281)
(547;416;7297)
(548;416;7298)
(548;416;7298)
(549;417;7313)
(550;417;7314)
(551;418;7331)
(552;418;7331)
(552;418;7347)
(553;419;7348)
(553;419;7348)
(554;419;7364)
(554;419;7364)
(555;420;7380)
(555;420;7381)
(555;420;7397)
(555;420;7398)
(556;420;7414)
(556;420;7414)
(556;420;7431)
(556;420;7431)
(556;420;7451)
(556;420;7494)
(558;420;7495)
(558;420;7495)
(559;420;7495)
(559;420;7515)
(559;420;7516)
(559;420;7532)
(559;420;7533)
(559;420;7533)
(559;420;7549)
(559;420;7550)
(559;420;7565)
(560;419;7566)
(560;419;7583)
(560;419;7583)
(560;418;7599)
(560;417;7599)
(560;416;7599)
(560;416;7615)
(560;415;7615)
(560;414;7632)
(560;413;7632)
(561;412;7659)
(561;412;7660)
(561;411;7693)
(561;411;7694)
(562;410;7694)
(562;410;7694)
(562;410;7710)
(562;409;7711)
(562;409;7711)
(562;409;7726)
(563;408;7727)
(563;408;7743)
(564;407;7744)
(564;407;7759)
(565;406;7760)
(566;406;7777)
(566;405;7778)
(567;405;7778)
(567;404;7793)
(568;404;7793)
(569;403;7809)
(570;402;7810)
(570;402;7826)
(571;401;7826)
(571;401;7843)
(572;400;7843)
(572;400;7859)
(573;400;7860)
(573;399;7860)
(574;399;7876)
(574;399;7877)
(575;398;7893)
(575;398;7893)
(576;398;7909)
(577;397;7910)
(578;397;7927)
(578;396;7927)
(579;396;7943)
(579;395;7943)
(580;395;7960)
(580;395;7960)
(581;394;7960)
(582;394;7976)
(582;394;7977)
(583;393;7993)
(583;393;7994)
(583;393;8010)
(584;392;8011)
(584;392;8011)
(585;392;8027)
(585;391;8028)
(586;391;8043)
(586;390;8044)
(587;390;8059)
(587;390;8060)
(587;389;8076)
(587;389;8077)
(587;389;8077)
(587;389;8093)
(587;389;8093)
(587;389;8110)
(587;389;8110)
(587;388;8127)
(587;388;8127)
(587;388;8143)
(587;388;8144)
(587;387;8144)
(587;386;8160)
(587;384;8160)
(587;383;8177)
(587;382;8178)
(587;381;8193)
(587;380;8193)
(587;379;8210)
(587;378;8210)
(587;377;8227)
(587;377;8244)
(587;377;8244)
(587;376;8244)
(587;376;8260)
(587;376;8260)
(587;376;8277)
(587;375;8278)
(587;374;8294)
(587;373;8294)
(587;372;8310)
(587;370;8311)
(587;369;8326)
(587;368;8327)
(587;367;8327)
(587;366;8343)
(587;365;8344)
(587;364;8360)
(587;364;8361)
(587;363;8376)
(587;363;8377)
(587;363;8393)
(587;363;8393)
(587;362;8411)
(587;362;8411)
(587;362;8426)
(587;362;8427)
(587;362;8444)
(587;362;8444)
(587;362;8445)
(587;362;8460)
(587;362;8461)
(587;362;8476)
(587;362;8477)
(587;362;8494)
(587;362;8494)
(587;362;8511)
(587;362;8511)
(587;362;8512)
(587;362;8527)
(587;362;8543)
(587;362;8544)
(587;362;8544)
(587;362;8560)
(587;362;8561)
(587;362;8577)
(587;362;8577)
(587;362;8593)
(587;362;8594)
(587;362;8610)
(587;362;8611)
(587;362;8611)
(587;362;8627)
(587;363;8627)
(587;363;8644)
(587;363;8644)
(587;363;8660)
(587;363;8661)
(587;363;8677)
(587;363;8678)
(587;363;8678)
(587;363;8693)
(587;363;8694)
(587;363;8710)
(587;363;8710)
(587;363;8727)
(587;363;8728)
(587;363;8744)
(587;363;8744)
(587;363;8744)
(587;363;8760)
(587;363;8761)
(587;363;8776)
(587;363;8777)
(587;363;8793)
(587;363;8794)
(587;363;8811)
(587;363;8811)
(587;363;8826)
(587;363;8843)
(587;363;8844)
(587;363;8844)
(587;363;8860)
(587;363;8861)
(587;363;8877)
(587;363;8877)
(587;363;8893)
(587;363;8893)
(587;363;8910)
(587;363;8911)
(587;363;8911)
(587;363;8928)
(587;363;8928)
(587;363;8944)
(587;363;8945)
(587;363;8961)
(587;363;8962)
(587;363;8978)
(587;363;8979)
(587;363;8979)
(587;363;8995)
(587;363;9019)
(587;363;9019)
(587;363;9020)
(587;363;9035)
(587;363;9036)
(587;363;9053)
(587;363;9053)
(587;363;9069)
(587;363;9070)
(587;363;9070)
(587;363;9086)
(587;363;9087)
(587;363;9104)
(587;363;9104)
(587;363;9104)
(587;363;9119)
(587;363;9119)
(587;362;9137)
(587;362;9138)
(587;362;9154)
(587;362;9155)
(587;362;9170)
(587;362;9171)
(587;362;9188)
(587;362;9188)
(587;362;9188)
(587;362;9204)
(587;362;9205)
(587;362;9221)
(587;362;9221)
(587;362;9238)
(587;362;9238)
(587;362;9254)
(587;362;9255)
(586;362;9271)
(586;362;9271)
(586;362;9288)
(586;362;9288)
(586;362;9304)
(586;362;9305)
(586;362;9321)
(586;362;9321)
(586;362;9338)
(586;362;9338)
(586;362;9338)
(586;362;9355)
(586;362;9355)
(586;362;9371)
(586;362;9372)
(586;362;9390)
(586;362;9390)
(586;362;9390)
(586;362;9407)
(586;362;9407)
(586;362;9423)
(586;362;9423)
(586;362;9439)
(586;362;9440)
(586;362;9456)
(586;362;9457)
(586;362;9473)
(586;362;9474)
(586;362;9490)
(586;362;9490)
(586;362;9506)
(586;362;9507)
(586;362;9523)
(586;362;9523)
(586;362;9539)
(586;362;9540)
(586;362;9540)
(586;362;9557)
(586;362;9557)
(586;362;9573)
(586;362;9573)
(586;362;9590)
(586;362;9590)
(586;362;9607)
(586;362;9607)
(587;362;9623)
(587;362;9624)
(587;362;9639)
(588;362;9640)
(589;362;9640)
(589;362;9656)
(589;362;9656)
(590;362;9673)
(590;362;9673)
(590;362;9690)
(591;362;9690)
(591;363;9690)
(591;363;9706)
(592;363;9707)
(592;363;9722)
(593;363;9723)
(593;363;9740)
(594;363;9741)
(594;363;9757)
(595;364;9758)
(596;364;9758)
(597;364;9773)
(597;364;9773)
(598;365;9790)
(598;365;9791)
(599;365;9807)
(599;365;9808)
(600;365;9823)
(600;366;9824)
(601;366;9840)
(602;366;9840)
(602;366;9840)
(603;366;9856)
(604;367;9857)
(605;367;9874)
(606;367;9874)
(607;367;9890)
(607;368;9890)
(608;368;9907)
(608;368;9908)
(609;368;9908)
(609;368;9923)
(609;368;9940)
(609;368;9941)
(609;368;9956)
(609;368;9957)
(609;368;9973)
(609;368;9974)
(609;367;9990)
(609;367;9991)
(609;367;9991)
(609;367;10007)
(609;367;10008)
(609;367;10024)
(609;366;10024)
(610;365;10040)
(610;364;10041)
(610;363;10057)
(610;362;10058)
(611;360;10058)
(611;359;10073)
(611;358;10073)
(611;357;10090)
(611;357;10091)
(611;356;10107)
(612;356;10107)
(612;355;10124)
(612;355;10124)
(612;355;10139)
(612;355;10140)
(612;354;10157)
(613;354;10157)
(613;353;10157)
(614;353;10173)
(614;352;10174)
(615;352;10189)
(615;351;10190)
(616;351;10207)
(616;351;10208)
(617;351;10223)
(617;351;10224)
(617;350;10224)
(617;350;10240)
(617;350;10240)
(618;350;10257)
(618;350;10257)
(619;350;10273)
(620;351;10273)
(620;351;10290)
(621;351;10291)
(622;351;10291)
(622;352;10307)
(623;352;10307)
(624;353;10324)
(625;353;10324)
(627;355;10340)
(629;357;10357)
(630;358;10358)
(631;358;10373)
(631;359;10374)
(632;359;10390)
(632;359;10391)
(632;359;10406)
(632;359;10407)
(632;359;10423)
(633;359;10424)
(633;359;10441)
(633;359;10441)
(633;359;10442)
(633;359;10456)
(633;359;10457)
(633;358;10473)
(634;358;10473)
(634;358;10490)
(635;357;10491)
(635;356;10507)
(636;355;10508)
(636;354;10524)
(637;354;10524)
(637;353;10525)
(638;352;10540)
(638;351;10540)
(639;351;10557)
(639;350;10557)
(640;349;10573)
(640;348;10574)
(641;347;10590)
(641;347;10591)
(642;346;10591)
(642;346;10609)
(643;345;10610)
(643;344;10624)
(644;344;10624)
(644;343;10640)
(645;343;10641)
(646;342;10658)
(646;341;10658)
(647;340;10674)
(648;339;10675)
(648;338;10690)
(649;337;10691)
(650;336;10708)
(650;336;10708)
(650;335;10725)
(651;335;10725)
(651;335;10726)
(651;335;10741)
(651;334;10742)
(651;334;10757)
(651;334;10758)
(651;334;10774)
(651;334;10775)
(651;334;10791)
(651;334;10791)
(651;334;10808)
(651;334;10808)
(651;335;10824)
(651;335;10825)
(651;335;10825)
(651;335;10840)
(651;335;10841)
(651;335;10858)
(651;335;10858)
(652;335;10873)
(652;335;10874)
(653;335;10892)
(654;335;10892)
(654;335;10892)
(655;336;10907)
(657;336;10908)
(658;337;10924)
(660;338;10925)
(661;339;10941)
(662;340;10941)
(663;340;10958)
(664;341;10958)
(664;341;10958)
(665;342;10974)
(666;342;10975)
(666;343;10991)
(667;343;10992)
(667;343;11007)
(667;344;11007)
(667;344;11025)
(667;344;11025)
(668;345;11041)
(668;345;11041)
(668;345;11042)
(668;345;11057)
(669;346;11074)
(669;347;11091)
(669;348;11092)
(670;349;11107)
(670;351;11108)
(671;353;11124)
(671;355;11125)
(671;357;11141)
(672;358;11141)
(672;359;11142)
(672;360;11158)
(672;360;11159)
(672;361;11174)
(672;361;11174)
(673;362;11191)
(673;363;11191)
(673;364;11191)
(673;365;11207)
(674;366;11208)
(674;367;11224)
(674;368;11225)
(674;368;11241)
(674;368;11241)
(674;368;11258)
(674;368;11258)
(674;368;11274)
(674;368;11275)
(674;368;11292)
(674;368;11292)
(674;368;11308)
(675;368;11308)
(675;369;11309)
(675;369;11324)
(675;369;11325)
(675;370;11341)
(676;371;11341)
(677;373;11358)
(678;374;11358)
(679;375;11375)
(679;376;11375)
(680;377;11390)
(680;378;11391)
(680;378;11408)
(680;378;11408)
(681;378;11409)
(681;378;11425)
(681;379;11425)
(681;379;11440)
(681;379;11441)
(681;379;11458)
(681;379;11459)
(682;380;11475)
(683;380;11475)
(684;381;11475)
(684;381;11491)
(685;382;11492)
(685;382;11507)
(686;382;11508)
(686;383;11525)
(686;383;11525)
(686;383;11541)
(687;383;11542)
(688;384;11557)
(688;384;11558)
(688;384;11558)
(689;384;11574)
(689;384;11575)
(689;384;11590)
(690;384;11591)
(690;384;11608)
(690;384;11609)
(691;384;11609)
(691;384;11624)
(692;384;11625)
(692;384;11640)
(693;384;11641)
(693;384;11658)
(693;384;11658)
(694;384;11675)
(694;384;11675)
(695;384;11691)
(695;384;11691)
(696;384;11708)
(696;384;11708)
(696;384;11708)
(696;383;11724)
(697;383;11725)
(697;383;11741)
(697;383;11741)
(697;383;11758)
(697;382;11758)
(698;382;11775)
(698;382;11776)
(698;382;11776)
(698;381;11792)
(699;381;11792)
(699;381;11807)
(699;381;11808)
(699;380;11824)
(700;380;11825)
(700;380;11841)
(700;380;11841)
(700;379;11860)
(701;379;11860)
(701;379;11877)
(702;378;11894)
(703;377;11910)
(703;377;11911)
(703;377;11911)
(704;377;11927)
(704;377;11928)
(704;376;11944)
(705;376;11944)
(705;376;11960)
(705;376;11961)
(705;376;11978)
(705;376;11978)
(706;376;11994)
(706;376;11994)
(706;376;12010)
(707;376;12010)
(707;376;12027)
(708;376;12027)
(708;376;12027)
(709;376;12043)
(709;376;12044)
(710;376;12060)
(711;377;12060)
(711;377;12077)
(711;377;12077)
(711;377;12094)
(712;377;12094)
(712;377;12110)
(712;377;12111)
(712;377;12127)
(712;377;12127)
(712;377;12144)
(712;377;12144)
(712;378;12145)
(712;378;12160)
(712;378;12161)
(712;378;12177)
(712;378;12178)
(712;378;12194)
(712;379;12194)
(712;379;12211)
(712;380;12211)
(712;382;12211)
(712;388;12227)
(712;391;12243)
(713;394;12244)
(713;396;12261)
(713;397;12261)
(714;399;12277)
(714;400;12278)
(714;401;12278)
(714;401;12294)
(714;401;12294)
(714;401;12310)
(714;401;12311)
(714;401;12327)
(714;401;12327)
(714;401;12344)
(714;401;12344)
(714;401;12344)
(714;401;12360)
(714;401;12361)
(714;401;12378)
(714;401;12378)
(714;401;12394)
(714;401;12394)
(714;401;12411)
(714;401;12411)
(714;401;12427)
(714;401;12427)
(714;401;12428)
(714;401;12444)
(714;401;12445)
(714;401;12461)
(714;401;12461)
(714;401;12478)
(715;401;12479)
(715;401;12495)
(716;401;12495)
(717;401;12512)
(718;401;12512)
(720;401;12513)
(721;401;12529)
(721;401;12529)
(722;401;12545)
(723;402;12545)
(724;402;12565)
(725;402;12581)
(725;402;12582)
(727;402;12582)
(727;402;12599)
(728;403;12599)
(728;403;12615)
(729;403;12615)
(730;404;12631)
(730;404;12632)
(731;404;12632)
(731;405;12649)
(732;405;12649)
(733;406;12665)
(734;407;12682)
(735;407;12698)
(735;408;12699)
(736;408;12699)
(736;409;12714)
(737;409;12715)
(738;410;12732)
(738;410;12733)
(739;411;12749)
(739;411;12749)
(740;412;12750)
(740;412;12765)
(740;413;12766)
(740;413;12782)
(741;413;12783)
(741;413;12799)
(742;414;12799)
(742;415;12815)
(743;415;12816)
(743;415;12832)
(743;415;12832)
(743;416;12855)
(743;416;12856)
(744;416;12856)
(744;416;12866)
(744;416;12866)
(744;416;12884)
(744;416;12884)
(745;416;12884)
(745;416;12899)
(745;416;12917)
(746;416;12917)
(746;416;12918)
(746;416;12933)
(746;416;12933)
(747;416;12950)
(747;416;12950)
(748;416;12967)
(748;416;12967)
(749;416;12983)
(749;416;12984)
(750;416;12984)
(751;416;12999)
(751;416;13000)
(752;415;13017)
(753;415;13017)
(754;415;13055)
(755;414;13055)
(756;414;13071)
(756;414;13072)
(757;414;13072)
(757;414;13072)
(758;413;13088)
(758;413;13089)
(759;413;13105)
(760;413;13105)
(761;413;13122)
(761;412;13123)
(762;412;13139)
(763;412;13139)
(763;412;13155)
(764;412;13156)
(765;411;13156)
(765;411;13172)
(766;411;13173)
(767;411;13189)
(768;411;13189)
(768;411;13206)
(769;411;13206)
(769;411;13222)
(770;411;13223)
(771;410;13239)
(771;410;13239)
(772;410;13240)
(772;410;13256)
(773;410;13256)
(774;410;13273)
(774;410;13273)
(775;409;13290)
(775;409;13290)
(776;409;13290)
(776;409;13306)
(776;409;13306)
(776;409;13322)
(777;409;13322)
(777;409;13339)
(777;409;13340)
(777;409;13356)
(777;409;13357)
(777;409;13357)
(777;409;13372)
(777;409;13373)
(777;409;13390)
(777;409;13390)
(777;409;13406)
(777;409;13407)
(777;409;13423)
(777;409;13423)
(777;409;13439)
(777;409;13440)
(777;409;13456)
(777;409;13457)
(777;409;13457)
(777;409;13472)
(777;409;13473)
(777;409;13490)
(777;409;13490)
(777;409;13506)
(777;409;13507)
(777;409;13523)
(777;409;13524)
(777;409;13524)
(777;409;13540)
(777;409;13540)
(777;409;13556)
(777;409;13556)
(777;409;13573)
(777;409;13573)
(777;409;13590)
(777;409;13590)
(778;409;13590)
(778;409;13606)
(778;409;13607)
(778;409;13623)
(778;409;13624)
(778;409;13640)
(778;409;13640)
(778;409;13656)
(778;409;13657)
(778;409;13673)
(778;410;13673)
(778;410;13689)
(778;410;13690)
(778;410;13706)
(778;410;13707)
(778;410;13723)
(778;410;13740)
(778;410;13786)
(778;410;13786)
(778;410;13786)
(778;410;13786)
(778;410;13801)
(778;410;13802)
(778;410;13818)
(778;410;13819)
(778;410;13835)
(778;410;13835)
(778;410;13851)
(778;410;13852)
(778;410;13852)
(778;410;13868)
(778;410;13885)
(778;410;13885)
(778;410;13885)
(778;410;13901)
(778;410;13902)
(778;410;13918)
(778;410;13919)
(778;410;13935)
(778;410;13935)
(778;410;13952)
(777;410;13953)
(777;410;13953)
(777;410;13969)
(777;410;13969)
(777;410;13985)
(777;410;13985)
(777;410;14001)
(777;410;14002)
(777;410;14018)
(777;410;14019)
(777;410;14019)
(777;410;14035)
(777;410;14035)
(777;410;14052)
(777;410;14052)
(777;410;14068)
(777;410;14068)
(777;410;14068)
(777;410;14085)
(777;410;14101)
(777;410;14102)
(777;410;14102)
(777;410;14118)
(777;410;14118)
(777;410;14135)
(777;410;14135)
(777;410;14151)
(777;410;14151)
(777;410;14168)
(777;410;14185)
(777;410;14202)
(777;410;14203)
(777;410;14218)
(777;410;14218)
(777;410;14234)
(777;410;14235)
(777;410;14251)
(777;410;14252)
(777;410;14252)
(777;410;14268)
(777;410;14269)
(777;410;14285)
(777;410;14286)
(777;410;14302)
(777;410;14302)
(777;410;14319)
(777;410;14319)
(777;410;14319)
(777;410;14335)
(777;410;14335)
(777;410;14352)
(777;410;14352)
(777;410;14368)
(777;410;14368)
(777;410;14369)
(777;410;14384)
(777;410;14385)
(777;410;14402)
(777;410;14402)
(777;410;14418)
(777;410;14418)
(777;410;14435)
(777;410;14435)
(777;410;14452)
(777;410;14452)
(777;410;14452)
(777;410;14469)
(777;410;14469)
(777;410;14485)
(777;410;14485)
(777;410;14501)
(777;410;14502)
(777;411;14519)
(777;412;14519)
(778;413;14520)
(778;415;14535)
(779;417;14536)
(780;419;14552)
(780;420;14552)
(780;421;14569)
(781;423;14569)
(781;423;14585)
(781;424;14585)
(781;424;14601)
(781;424;14601)
(781;424;14618)
(781;424;14619)
(781;424;14619)
(781;424;14635)
(781;424;14635)
(781;424;14652)
(782;424;14652)
(783;425;14669)
(783;426;14669)
(784;427;14669)
(784;427;14685)
(785;427;14685)
(785;427;14702)
(786;428;14702)
(787;429;14718)
(787;429;14719)
(788;430;14735)
(789;430;14736)
(789;431;14736)
(790;431;14752)
(791;431;14753)
(791;432;14768)
(792;432;14769)
(793;432;14785)
(794;433;14786)
(797;434;14807)
(798;434;14825)
(799;434;14841)
(799;434;14841)
(800;435;14858)
(800;435;14858)
(801;435;14858)
(803;435;14874)
(804;436;14875)
(806;436;14891)
(807;437;14891)
(809;438;14908)
(810;438;14908)
(812;439;14924)
(814;439;14941)
(815;440;14942)
(816;440;14942)
(817;440;14958)
(817;441;14958)
(818;441;14974)
(819;441;14975)
(820;442;14991)
(820;442;14992)
(821;442;15008)
(821;442;15008)
(822;442;15008)
(823;442;15024)
(824;442;15025)
(825;442;15042)
(826;442;15042)
(827;442;15057)
(828;443;15058)
(829;443;15075)
(829;443;15075)
(830;443;15090)
(830;443;15091)
(831;443;15091)
(832;444;15108)
(832;444;15109)
(833;444;15124)
(833;444;15125)
(834;444;15141)
(834;444;15142)
(835;444;15158)
(835;444;15160)
(836;444;15174)
(836;445;15174)
(837;445;15191)
(837;445;15192)
(838;445;15208)
(838;445;15208)
(838;445;15225)
(839;445;15226)
(840;445;15226)
(840;446;15241)
(841;446;15242)
(842;446;15257)
(842;446;15258)
(843;446;15275)
(843;446;15276)
(844;446;15291)
(844;446;15292)
(844;446;15308)
(844;446;15308)
(845;446;15324)
(845;446;15325)
(845;446;15325)
(845;446;15342)
(845;446;15342)
(845;446;15357)
(845;446;15358)
(845;446;15375)
(846;446;15375)
(846;446;15391)
(846;446;15391)
(846;446;15392)
(846;446;15408)
(846;446;15408)
(846;446;15425)
(846;447;15425)
(846;447;15440)
(846;447;15441)
(846;447;15458)
(846;447;15458)
(846;447;15475)
(846;447;15476)
(846;447;15491)
(846;447;15491)
(846;447;15508)
(846;447;15508)
(846;447;15524)
(846;447;15524)
(846;447;15525)
(846;447;15541)
(846;447;15541)
(846;447;15558)
(846;447;15559)
(846;448;15574)
(846;448;15575)
(846;449;15591)
(846;450;15591)
(846;451;15608)
(847;451;15608)
(847;451;15608)
(847;451;15625)
(847;451;15625)
(847;451;15642)
(847;451;15642)
(847;451;15657)
(847;451;15657)
(847;451;15675)
(847;452;15675)
(847;452;15691)
(847;453;15691)
(848;454;15691)
(849;456;15708)
(849;457;15708)
(849;458;15725)
(850;459;15726)
(850;460;15742)
(851;461;15742)
(851;462;15757)
(851;462;15757)
(851;462;15775)
(851;462;15775)
(851;462;15792)
(851;462;15792)
(851;462;15807)
(851;462;15808)
(851;462;15808)
(851;462;15825)
(851;462;15826)
(851;462;15841)
(852;462;15842)
(852;462;15858)
(852;462;15858)
(853;463;15874)
(853;463;15875)
(853;463;15891)
(854;463;15892)
(854;463;15892)
(855;464;15908)
(855;464;15909)
(856;464;15924)
(856;464;15925)
(857;464;15941)
(857;465;15942)
(858;465;15957)
(858;465;15958)
(859;465;15974)
(859;465;15975)
(860;465;15991)
(860;466;15991)
(860;466;15991)
(860;466;16008)
(861;466;16008)
(861;466;16025)
(861;467;16025)
(861;467;16041)
(862;467;16042)
(862;468;16058)
(863;468;16058)
(863;469;16058)
(863;469;16074)
(864;470;16074)
(864;471;16091)
(865;472;16091)
(865;473;16108)
(865;474;16108)
(866;475;16108)
(866;477;16124)
(866;478;16125)
(866;479;16142)
(866;480;16142)
(866;482;16158)
(867;483;16158)
(867;484;16174)
(867;485;16175)
(867;485;16191)
(867;486;16191)
(867;487;16208)
(867;488;16208)
(867;489;16208)
(867;489;16225)
(867;490;16226)
(868;493;16242)
(868;494;16258)
(868;495;16258)
(868;496;16275)
(868;497;16275)
(868;498;16291)
(869;499;16291)
(869;499;16291)
(869;500;16308)
(869;500;16308)
(869;500;16324)
(869;500;16325)
(869;500;16340)
(869;500;16341)
(869;500;16358)
(869;500;16359)
(870;501;16359)
(870;502;16374)
(871;502;16374)
(872;503;16391)
(872;504;16391)
(873;504;16408)
(874;505;16408)
(874;505;16408)
(875;506;16424)
(875;506;16425)
(876;507;16441)
(876;507;16458)
(876;507;16458)
(876;507;16458)
(876;507;16474)
(876;507;16475)
(876;507;16492)
(876;507;16493)
(876;507;16507)
(876;507;16508)
(877;507;16525)
(877;507;16525)
(877;507;16525)
(878;508;16541)
(878;508;16558)
(879;508;16559)
(880;509;16575)
(881;509;16575)
(882;509;16592)
(883;509;16592)
(884;510;16592)
(885;510;16609)
(886;511;16609)
(887;511;16625)
(888;511;16625)
(889;511;16641)
(890;512;16641)
(892;513;16657)
(892;513;16658)
(893;513;16675)
(894;513;16676)
(895;513;16691)
(895;514;16691)
(896;514;16708)
(897;514;16708)
(897;514;16709)
(898;514;16725)
(899;514;16726)
(899;514;16741)
(900;514;16741)
(901;514;16758)
(902;514;16759)
(903;514;16776)
(904;514;16776)
(905;514;16792)
(906;514;16793)
(907;515;16793)
(908;515;16809)
(909;515;16810)
(910;515;16826)
(911;515;16827)
(912;515;16843)
(912;515;16843)
(913;516;16859)
(914;516;16860)
(915;516;16860)
(916;516;16876)
(916;516;16877)
(917;516;16892)
(918;516;16893)
(918;516;16910)
(919;516;16910)
(919;516;16926)
(920;516;16926)
(920;516;16942)
(921;517;16943)
(921;517;16959)
(921;517;16959)
(922;517;16960)
(922;517;16976)
(923;517;16976)
(923;517;16993)
(924;517;16993)
(924;517;17010)
(924;517;17011)
(925;517;17011)
(925;518;17026)
(926;518;17027)
(926;518;17044)
(927;518;17044)
(927;518;17060)
(928;518;17060)
(928;518;17076)
(929;519;17076)
(929;519;17077)
(930;519;17092)
(930;519;17093)
(931;519;17109)
(931;519;17110)
(931;519;17126)
(931;519;17127)
(932;520;17143)
(932;520;17144)
(933;520;17144)
(933;520;17159)
(934;521;17160)
(934;521;17179)
(935;521;17189)
(935;521;17209)
(936;522;17210)
(936;522;17210)
(937;522;17243)
(938;523;17243)
(938;523;17243)
(938;523;17244)
(939;524;17277)
(940;525;17277)
(940;525;17278)
(941;526;17278)
(942;527;17295)
(944;529;17329)
(945;530;17329)
(947;531;17330)
(948;532;17362)
(949;533;17363)
(950;533;17363)
(951;534;17363)
(953;536;17395)
(954;536;17396)
(955;536;17412)
(956;537;17412)
(956;537;17428)
(957;537;17429)
(958;537;17429)
(958;538;17445)
(959;538;17446)
(960;538;17462)
(961;539;17462)
(962;539;17479)
(962;539;17479)
(963;539;17495)
(964;539;17512)
(965;540;17512)
(966;540;17512)
(967;540;17529)
(968;540;17529)
(968;540;17545)
(969;540;17545)
(970;540;17563)
(971;540;17563)
(972;540;17579)
(972;540;17579)
(973;540;17596)
(974;539;17596)
(975;539;17596)
(976;539;17612)
(977;539;17612)
(978;539;17629)
(979;539;17630)
(980;539;17645)
(981;539;17645)
(981;539;17662)
(982;539;17662)
(984;539;17679)
(985;539;17679)
(985;539;17695)
(986;539;17696)
(987;539;17712)
(988;539;17712)
(989;539;17729)
(989;539;17729)
(990;539;17729)
(991;539;17745)
(992;539;17746)
(993;539;17762)
(994;539;17762)
(995;539;17779)
(996;539;17779)
(996;539;17795)
(997;539;17796)
(998;539;17796)
(999;539;17812)
(1000;539;17812)
(1000;539;17828)
(1001;539;17829)
(1001;539;17847)
(1002;539;17847)
(1002;539;17865)
(1003;539;17865)
(1003;539;17865)
(1004;539;17880)
(1004;539;17881)
(1005;539;17898)
(1005;539;17898)
(1005;539;17914)
(1006;539;17915)
(1006;539;17931)
(1006;539;17931)
(1006;539;17947)
(1007;539;17948)
(1007;539;17964)
(1008;539;17965)
(1008;539;17965)
(1009;539;17980)
(1009;539;17981)
(1010;539;17998)
(1010;539;17998)
(1011;539;18014)
(1012;539;18015)
(1012;539;18031)
(1013;539;18031)
(1013;539;18031)
(1014;539;18048)
(1014;539;18048)
(1015;540;18064)
(1016;540;18064)
(1017;541;18080)
(1018;541;18081)
(1019;542;18097)
(1020;543;18097)
(1020;544;18098)
(1021;544;18114)
(1021;545;18115)
(1021;546;18131)
(1022;546;18131)
(1022;547;18148)
(1022;547;18148)
(1022;547;18164)
(1022;547;18165)
(1022;548;18181)
(1023;548;18181)
(1023;548;18181)
(1023;549;18197)
(1023;549;18198)
(1024;550;18213)
(1024;551;18214)
(1024;552;18231)
(1025;552;18231)
(1025;553;18248)
(1025;554;18248)
(1025;554;18264)
(1025;554;18265)
(1025;554;18265)
(1025;554;18281)
(1025;554;18281)
(1025;554;18298)
(1025;554;18298)
(1025;554;18314)
(1025;554;18315)
(1026;555;18330)
(1026;556;18331)
(1027;557;18331)
(1027;558;18348)
(1027;560;18348)
(1028;561;18364)
(1028;562;18364)
(1029;564;18381)
(1030;565;18381)
(1030;567;18398)
(1030;568;18398)
(1031;568;18398)
(1031;568;18413)
(1031;569;18414)
(1031;569;18431)
(1031;569;18431)
(1032;570;18448)
(1032;570;18448)
(1032;571;18448)
(1033;571;18465)
(1033;572;18465)
(1033;572;18480)
(1034;574;18480)
(1034;576;18498)
(1035;577;18499)
(1035;578;18515)
(1036;579;18515)
(1036;580;18530)
(1036;580;18531)
(1036;580;18548)
(1036;580;18548)
(1036;580;18548)
(1036;580;18565)
(1036;580;18565)
(1036;580;18640)
(1036;580;18640)
(1036;580;18640)
(1036;580;18640)
(1036;580;18641)
(1036;580;18641)
(1036;580;18655)
(1036;580;18656)
(1036;580;18691)
(1036;580;18691)
(1036;580;18691)
(1036;580;18706)
(1036;580;18707)
(1036;580;18723)
(1036;580;18723)
(1036;580;18740)
(1036;580;18741)
(1036;580;18756)
(1036;580;18757)
(1036;580;18757)
(1036;580;18773)
(1036;580;18773)
(1036;580;18790)
(1036;580;18791)
(1036;580;18806)
(1036;580;18807)
(1036;580;18823)
(1036;580;18824)
(1036;580;18824)
(1036;580;18840)
(1036;580;18841)
(1036;580;18857)
(1036;580;18857)
(1036;580;18874)
(1036;580;18874)
(1036;580;18890)
(1036;580;18891)
(1036;580;18907)
(1036;580;18907)
(1037;580;18924)
(1037;580;18924)
(1037;580;18924)
(1038;580;18957)
(1038;580;18957)
(1039;580;18978)
(1039;580;18979)
(1040;580;18995)
(1040;580;18995)
(1040;580;19012)
(1040;580;19012)
(1040;580;19012)
(1041;580;19029)
(1041;580;19030)
(1041;580;19046)
(1042;580;19046)
(1042;580;19063)
(1043;580;19063)
(1043;580;19079)
(1044;580;19079)
(1044;580;19095)
(1044;580;19096)
(1045;580;19096)
(1045;580;19113)
(1045;580;19113)
(1045;580;19129)
(1046;580;19130)
(1046;580;19145)
(1046;580;19146)
(1047;580;19162)
(1047;580;19162)
(1047;580;19178)
(1047;580;19178)
(1047;580;19178)
(1047;580;19195)
(1047;580;19196)
(1047;580;19213)
(1047;580;19213)
(1047;580;19229)
(1047;580;19229)
(1047;580;19229)
(1047;580;19245)
(1047;580;19246)
(1047;580;19263)
(1047;580;19263)
(1047;580;19279)
(1047;580;19280)
(1047;580;19296)
(1047;580;19296)
(1047;580;19296)
(1047;580;19313)
(1046;580;19313)
(1044;580;19328)
(1043;579;19329)
(1043;579;19346)
(1042;578;19346)
(1041;577;19363)
(1039;575;19363)
(1037;572;19379)
