(429;22;0)
(428;23;132)
(428;24;132)
(427;26;149)
(426;28;149)
(425;30;149)
(424;32;166)
(424;34;166)
(423;36;182)
(422;37;182)
(422;38;199)
(422;39;199)
(421;41;215)
(421;42;215)
(420;43;232)
(420;44;232)
(420;45;232)
(420;45;248)
(420;45;249)
(420;45;265)
(420;46;265)
(420;46;282)
(419;46;282)
(419;46;298)
(419;47;298)
(419;47;316)
(419;48;316)
(419;48;316)
(419;48;332)
(419;48;332)
(419;48;348)
(419;48;348)
(419;48;365)
(419;48;365)
(419;48;382)
(419;48;382)
(419;48;382)
(419;48;398)
(419;48;398)
(419;48;415)
(419;48;416)
(419;48;431)
(419;48;431)
(419;48;448)
(419;48;448)
(419;48;448)
(419;48;464)
(419;48;465)
(419;48;481)
(419;48;482)
(419;48;498)
(419;48;499)
(419;48;514)
(419;48;514)
(419;48;531)
(419;48;532)
(419;48;548)
(419;48;548)
(419;48;548)
(419;48;565)
(419;48;565)
(419;48;581)
(419;48;581)
(419;48;598)
(419;48;598)
(419;48;615)
(419;48;615)
(419;48;632)
(419;48;632)
(419;48;632)
(419;48;648)
(419;48;648)
(419;48;665)
(419;48;665)
(419;48;681)
(419;48;682)
(419;48;682)
(419;48;699)
(419;48;699)
(419;48;715)
(419;48;715)
(419;48;731)
(419;48;731)
(419;48;748)
(419;48;748)
(419;48;748)
(419;48;765)
(419;48;765)
(419;48;782)
(419;48;782)
(419;48;798)
(419;48;798)
(419;48;814)
(419;48;815)
(419;48;831)
(419;48;831)
(419;48;848)
(419;49;849)
(419;49;849)
(419;50;865)
(419;50;865)
(418;50;882)
(418;51;882)
(418;51;898)
(418;51;899)
(418;52;914)
(418;52;915)
(417;53;932)
(417;53;932)
(417;54;948)
(417;55;948)
(417;55;965)
(417;56;966)
(416;56;981)
(416;57;981)
(416;57;981)
(416;58;998)
(415;58;999)
(415;59;1015)
(415;60;1015)
(414;60;1031)
(414;61;1032)
(414;62;1048)
(413;63;1048)
(413;64;1048)
(413;65;1064)
(412;65;1065)
(412;66;1082)
(411;67;1098)
(411;68;1098)
(411;69;1098)
(410;70;1115)
(410;71;1115)
(410;71;1116)
(410;71;1132)
(410;72;1132)
(409;72;1148)
(409;72;1149)
(409;72;1165)
(409;73;1165)
(409;73;1181)
(408;74;1181)
(408;75;1199)
(408;75;1199)
(407;76;1215)
(407;76;1215)
(406;77;1215)
(406;78;1231)
(406;78;1231)
(405;79;1249)
(405;80;1249)
(404;81;1264)
(404;82;1265)
(403;83;1282)
(403;83;1282)
(403;84;1282)
(402;84;1298)
(402;85;1299)
(401;86;1314)
(401;87;1315)
(400;88;1332)
(399;89;1332)
(399;90;1349)
(398;91;1349)
(398;91;1349)
(398;92;1364)
(397;92;1365)
(396;93;1381)
(396;94;1382)
(396;95;1398)
(395;95;1398)
(395;95;1415)
(395;96;1415)
(395;96;1432)
(395;96;1432)
(395;96;1432)
(395;96;1448)
(395;96;1448)
(395;96;1465)
(395;96;1465)
(395;96;1482)
(395;96;1482)
(395;96;1498)
(395;96;1499)
(395;96;1515)
(395;96;1516)
(395;96;1516)
(395;96;1531)
(395;96;1532)
(395;96;1548)
(395;96;1549)
(395;96;1565)
(395;96;1565)
(395;96;1582)
(395;96;1582)
(395;96;1582)
(395;96;1598)
(394;96;1598)
(394;96;1615)
(393;96;1615)
(392;97;1631)
(391;97;1632)
(390;97;1632)
(389;98;1648)
(388;98;1648)
(387;98;1665)
(386;98;1666)
(385;99;1681)
(384;99;1682)
(383;99;1698)
(382;100;1699)
(380;100;1715)
(378;101;1715)
(377;101;1731)
(375;102;1732)
(374;102;1749)
(373;102;1749)
(373;102;1749)
(372;102;1764)
(371;103;1765)
(369;103;1782)
(368;104;1782)
(366;104;1798)
(365;104;1798)
(364;105;1815)
(364;105;1815)
(363;105;1815)
(362;105;1832)
(362;105;1833)
(361;105;1848)
(360;105;1849)
(359;106;1865)
(358;106;1865)
(358;106;1881)
(357;106;1882)
(356;106;1882)
(355;106;1898)
(354;106;1898)
(353;106;1915)
(353;106;1915)
(352;107;1932)
(351;107;1932)
(351;107;1949)
(351;107;1949)
(350;107;1965)
(350;107;1965)
(350;107;1982)
(350;107;1982)
(350;107;1999)
(350;107;1999)
(350;107;2014)
(350;107;2015)
(350;107;2031)
(350;107;2032)
(350;107;2048)
(350;107;2049)
(350;107;2049)
(350;107;2065)
(350;107;2065)
(350;107;2081)
(350;107;2081)
(350;107;2099)
(350;107;2099)
(350;107;2115)
(350;107;2131)
(350;107;2132)
(350;107;2148)
(350;107;2148)
(350;107;2165)
(350;107;2166)
(350;107;2182)
(350;107;2182)
(350;107;2182)
(350;107;2198)
(350;107;2199)
(350;108;2215)
(350;108;2215)
(350;109;2232)
(350;110;2232)
(350;111;2232)
(350;113;2249)
(350;115;2249)
(350;116;2265)
(350;118;2266)
(350;119;2282)
(349;120;2282)
(349;121;2298)
(349;122;2299)
(349;123;2314)
(349;124;2315)
(349;125;2332)
(349;126;2332)
(349;127;2332)
(349;128;2349)
(349;130;2349)
(349;131;2365)
(349;133;2365)
(349;134;2382)
(349;136;2382)
(349;137;2399)
(350;138;2399)
(350;139;2415)
(350;139;2415)
(350;140;2415)
(350;141;2432)
(350;143;2433)
(350;144;2449)
(350;145;2449)
(350;147;2465)
(350;148;2465)
(350;151;2481)
(350;152;2482)
(350;153;2498)
(350;154;2498)
(350;156;2516)
(350;158;2516)
(350;160;2531)
(350;162;2532)
(350;164;2532)
(350;166;2548)
(350;168;2548)
(350;169;2565)
(350;171;2565)
(350;172;2582)
(350;173;2582)
(350;174;2598)
(350;176;2598)
(350;177;2615)
(350;179;2615)
(350;182;2631)
(350;184;2648)
(350;185;2648)
(350;187;2649)
(350;188;2665)
(350;190;2665)
(350;191;2682)
(350;193;2682)
(350;194;2698)
(350;196;2698)
(350;197;2716)
(350;199;2716)
(350;201;2716)
(350;202;2732)
(350;204;2733)
(350;205;2749)
(350;207;2749)
(350;208;2765)
(350;210;2765)
(350;211;2782)
(350;213;2783)
(350;214;2783)
(350;215;2799)
(350;217;2799)
(350;218;2815)
(350;219;2815)
(350;221;2833)
(350;222;2833)
(350;224;2833)
(350;225;2849)
(350;226;2865)
(350;227;2866)
(350;228;2882)
(350;228;2883)
(350;229;2883)
(350;229;2898)
(350;229;2898)
(350;229;2915)
(350;229;2915)
(350;229;2932)
(350;229;2935)
(350;229;2935)
(350;229;2948)
(350;229;2949)
(350;229;2966)
(350;229;2966)
(350;229;2982)
(350;229;2982)
(350;229;2998)
(350;229;2998)
(350;229;3014)
(350;229;3015)
(350;229;3015)
(350;229;3031)
(350;229;3032)
(350;229;3049)
(350;229;3049)
(350;229;3066)
(350;229;3066)
(349;230;3082)
(349;230;3082)
(348;231;3099)
(347;231;3099)
(346;232;3099)
(345;233;3115)
(344;234;3115)
(343;234;3132)
(342;235;3132)
(341;235;3148)
(341;235;3149)
(340;236;3149)
(340;236;3166)
(340;236;3166)
(340;236;3182)
(340;236;3182)
(340;236;3198)
(340;236;3199)
(340;236;3216)
(340;236;3216)
(340;236;3216)
(340;236;3231)
(340;236;3249)
(340;236;3249)
(340;236;3249)
(340;236;3265)
(340;236;3265)
(340;236;3281)
(340;236;3282)
(340;236;3298)
(340;236;3299)
(340;236;3314)
(340;236;3315)
(340;236;3315)
(340;236;3332)
(340;236;3332)
(340;236;3348)
(340;236;3348)
(340;236;3365)
(339;236;3366)
(339;236;3382)
(338;237;3382)
(338;237;3382)
(337;237;3398)
(336;238;3398)
(335;238;3415)
(334;239;3416)
(333;239;3433)
(333;240;3433)
(332;240;3433)
(332;240;3449)
(332;240;3449)
(331;240;3466)
(331;240;3466)
(331;240;3482)
(331;240;3482)
(331;240;3499)
(331;240;3499)
(331;240;3515)
(331;240;3516)
(331;240;3532)
(331;240;3532)
(331;240;3532)
(331;240;3548)
(331;240;3549)
(331;240;3566)
(331;240;3566)
(331;241;3582)
(331;241;3582)
(331;241;3598)
(331;241;3599)
(331;241;3615)
(331;241;3615)
(331;241;3616)
(331;241;3632)
(331;242;3632)
(331;243;3648)
(331;245;3649)
(331;248;3665)
(330;250;3665)
(330;252;3681)
(330;253;3682)
(330;254;3682)
(330;254;3699)
(330;255;3699)
(330;255;3715)
(330;256;3715)
(329;257;3732)
(329;258;3732)
(329;259;3732)
(329;259;3749)
(329;260;3749)
(328;261;3765)
(328;261;3765)
(328;261;3782)
(328;262;3782)
(328;262;3798)
(328;262;3799)
(328;262;3815)
(328;262;3832)
(328;262;3832)
(328;262;3832)
(328;262;3849)
(328;262;3849)
(328;262;3864)
(328;262;3865)
(328;262;3881)
(328;262;3882)
(328;262;3898)
(327;262;3898)
(327;262;3915)
(326;262;3915)
(325;262;3915)
(324;263;3932)
(322;263;3933)
(320;263;3949)
(318;264;3949)
(317;264;3965)
(316;264;3966)
(315;264;3981)
(313;265;3981)
(312;265;3981)
(311;265;3998)
(310;265;3998)
(309;265;4016)
(308;265;4016)
(307;265;4031)
(307;266;4032)
(306;266;4049)
(306;266;4049)
(306;266;4049)
(306;266;4064)
(306;266;4065)
(306;266;4082)
(306;266;4082)
(305;266;4098)
(305;266;4099)
(305;266;4115)
(305;266;4115)
(305;266;4116)
(304;266;4132)
(304;266;4132)
(304;266;4148)
(303;266;4149)
(303;266;4166)
(303;266;4166)
(302;266;4182)
(302;266;4182)
(302;266;4198)
(302;266;4199)
(302;266;4215)
(302;266;4216)
(302;266;4216)
(302;266;4231)
(302;266;4232)
(302;266;4249)
(302;266;4249)
(302;266;4265)
(302;266;4266)
(302;266;4282)
(302;266;4282)
(302;266;4282)
(302;266;4298)
(302;266;4298)
(302;266;4315)
(301;266;4315)
(301;266;4331)
(301;266;4331)
(301;266;4349)
(301;266;4349)
(301;266;4349)
(301;266;4365)
(301;266;4365)
(300;266;4382)
(299;266;4382)
(298;266;4398)
(297;267;4399)
(295;267;4416)
(294;267;4416)
(293;268;4416)
(292;268;4431)
(291;268;4432)
(289;269;4448)
(288;269;4449)
(286;269;4465)
(284;270;4466)
(283;270;4481)
(281;271;4482)
(279;271;4498)
(277;272;4498)
(276;272;4515)
(274;273;4515)
(272;273;4515)
(271;274;4532)
(269;274;4532)
(267;275;4549)
(265;276;4549)
(264;276;4566)
(262;277;4566)
(261;277;4581)
(259;278;4581)
(258;279;4581)
(256;279;4599)
(255;280;4599)
(255;280;4615)
(254;280;4615)
(253;281;4631)
(253;281;4632)
(252;281;4632)
(252;281;4648)
(252;281;4648)
(252;282;4665)
(252;282;4665)
(252;282;4681)
(252;282;4681)
(252;282;4698)
(252;282;4698)
(252;282;4714)
(252;282;4715)
(252;282;4732)
(251;282;4732)
(251;282;4732)
(251;282;4748)
(251;282;4749)
(251;282;4765)
(251;282;4765)
(250;282;4782)
(249;282;4782)
(248;282;4798)
(247;283;4798)
(247;283;4815)
(246;283;4816)
(246;283;4816)
(245;284;4831)
(244;284;4832)
(243;284;4848)
(242;284;4848)
(241;285;4865)
(240;285;4865)
(240;285;4882)
(238;286;4882)
(237;287;4882)
(236;287;4898)
(235;288;4898)
(234;289;4915)
(233;289;4915)
(232;290;4931)
(231;290;4931)
(230;291;4931)
(230;291;4948)
(229;292;4949)
(228;292;4964)
(227;293;4965)
(227;293;4981)
(226;293;4982)
(225;294;4999)
(225;294;4999)
(223;295;5015)
(222;295;5015)
(221;296;5031)
(220;296;5032)
(220;297;5032)
(219;297;5048)
(218;297;5048)
(218;297;5064)
(217;298;5065)
(217;298;5082)
(217;298;5082)
(216;298;5098)
(216;298;5098)
(215;299;5114)
(214;299;5115)
(213;299;5115)
(213;299;5131)
(212;300;5131)
(212;300;5149)
(211;300;5149)
(210;300;5164)
(210;301;5164)
(209;301;5181)
(208;301;5181)
(207;301;5181)
(206;302;5198)
(204;302;5198)
(203;302;5215)
(202;303;5215)
(200;303;5231)
(199;304;5232)
(198;304;5232)
(197;305;5248)
(196;305;5248)
(195;305;5265)
(195;306;5265)
(194;306;5282)
(194;306;5282)
(193;306;5298)
(193;307;5298)
(192;307;5315)
(191;307;5315)
(190;308;5331)
(190;308;5331)
(189;308;5349)
(189;309;5349)
(189;309;5349)
(189;309;5365)
(189;309;5365)
(189;309;5381)
(189;309;5381)
(189;309;5398)
(188;309;5399)
(188;309;5415)
(188;309;5415)
(188;309;5415)
(188;309;5432)
(188;309;5432)
(188;309;5448)
(188;309;5449)
(188;309;5465)
(188;310;5465)
(187;310;5481)
(187;310;5481)
(187;310;5481)
(185;312;5515)
(184;313;5515)
(183;313;5531)
(183;314;5532)
(182;315;5532)
(182;315;5548)
(182;315;5548)
(182;316;5564)
(182;316;5565)
(182;316;5582)
(182;316;5582)
(182;316;5597)
(182;316;5598)
(182;316;5615)
(182;316;5615)
(182;316;5632)
(182;316;5632)
(182;316;5632)
(182;316;5648)
(182;316;5649)
(182;316;5664)
(182;316;5665)
(182;316;5681)
(182;316;5682)
(182;316;5698)
(182;316;5699)
(182;316;5715)
(182;316;5715)
(182;316;5731)
(182;316;5731)
(182;316;5749)
(182;316;5749)
(182;316;5765)
(182;316;5766)
(182;316;5781)
(182;316;5781)
(183;316;5781)
(183;315;5799)
(183;315;5799)
(183;315;5815)
(183;315;5816)
(184;315;5831)
(186;315;5832)
(187;315;5832)
(188;315;5848)
(189;315;5848)
(190;315;5865)
(191;315;5866)
(191;315;5882)
(192;315;5882)
(192;315;5899)
(192;315;5900)
(193;315;5915)
(194;315;5915)
(196;315;5931)
(197;315;5931)
(199;315;5948)
(200;315;5949)
(202;315;5949)
(203;315;5965)
(204;315;5965)
(205;315;5982)
(206;315;5982)
(207;315;5998)
(209;315;5999)
(210;315;6015)
(211;315;6015)
(212;315;6015)
(213;315;6031)
(215;315;6032)
(216;315;6048)
(218;315;6049)
(220;315;6065)
(221;315;6065)
(224;315;6081)
(226;315;6081)
(228;315;6098)
(230;315;6098)
(232;314;6114)
(234;314;6115)
(235;314;6132)
(237;314;6132)
(239;313;6132)
(240;313;6148)
(242;313;6148)
(244;313;6165)
(247;313;6165)
(249;313;6181)
(251;313;6182)
(255;313;6198)
(257;313;6215)
(259;313;6215)
(261;314;6232)
(263;314;6232)
(264;314;6232)
(265;314;6248)
(267;314;6248)
(269;314;6266)
(271;314;6266)
(273;314;6281)
(275;314;6281)
(277;314;6298)
(278;314;6298)
(279;313;6315)
(280;313;6316)
(281;313;6316)
(281;313;6331)
(282;313;6331)
(282;313;6348)
(283;313;6349)
(283;313;6364)
(283;313;6365)
(284;313;6382)
(284;313;6382)
(284;313;6382)
(285;313;6399)
(285;313;6399)
(285;313;6415)
(286;312;6415)
(286;312;6431)
(287;312;6432)
(288;312;6432)
(288;312;6449)
(289;312;6449)
(290;312;6464)
(290;312;6465)
(291;312;6482)
(291;312;6483)
(292;312;6499)
(292;312;6499)
(293;312;6515)
(293;312;6515)
(293;312;6531)
(293;312;6532)
(294;312;6532)
(295;312;6549)
(296;312;6549)
(296;312;6566)
(297;312;6581)
(297;312;6582)
(297;312;6598)
(297;312;6598)
(297;312;6615)
(297;312;6615)
(297;312;6615)
(297;312;6631)
(297;312;6632)
(297;312;6648)
(297;312;6649)
(297;312;6664)
(298;312;6665)
(298;312;6682)
(298;312;6682)
(298;312;6682)
(298;312;6698)
(298;312;6698)
(298;312;6715)
(298;312;6716)
(298;312;6732)
(298;312;6732)
(298;312;6732)
(298;312;6748)
(298;312;6749)
(298;312;6766)
(298;312;6766)
(298;312;6782)
(298;312;6782)
(298;312;6799)
(298;312;6799)
(298;312;6815)
(298;312;6815)
(299;312;6832)
(299;312;6832)
(299;312;6848)
(299;312;6849)
(299;312;6849)
(299;312;6866)
(299;312;6866)
(300;312;6882)
(300;312;6882)
(300;313;6898)
(300;313;6899)
(300;313;6914)
(300;313;6915)
(300;313;6915)
(300;313;6932)
(300;313;6932)
(300;313;6948)
(300;313;6949)
(300;313;6964)
(300;313;6965)
(300;313;6982)
(300;313;6982)
(300;313;6982)
(300;313;6998)
(300;313;6999)
(300;313;7016)
(300;313;7016)
(300;313;7032)
(301;313;7032)
(301;313;7032)
(301;313;7048)
(301;313;7048)
(301;313;7066)
(301;313;7066)
(301;313;7082)
(301;313;7082)
(301;313;7098)
(301;313;7099)
(301;313;7115)
(301;313;7115)
(301;313;7133)
(301;313;7133)
(301;313;7148)
(301;313;7148)
(301;313;7148)
(301;313;7165)
(301;313;7165)
(301;313;7182)
(301;313;7183)
(301;313;7199)
(301;313;7199)
(301;313;7216)
(301;313;7216)
(301;313;7216)
(301;313;7231)
(301;313;7232)
(301;313;7248)
(301;313;7248)
(301;313;7266)
(301;313;7266)
(301;313;7282)
(301;313;7283)
(301;313;7283)
(301;313;7299)
(301;313;7299)
(301;313;7315)
(301;313;7315)
(301;313;7332)
(301;313;7332)
(301;313;7348)
(301;313;7349)
(301;313;7364)
(301;313;7365)
(301;313;7365)
(301;313;7383)
(301;313;7383)
(301;313;7399)
(301;313;7399)
(301;313;7415)
(302;313;7416)
(302;312;7432)
(304;312;7432)
(306;311;7449)
(307;310;7449)
(309;309;7465)
(311;308;7465)
(313;307;7465)
(315;306;7481)
(317;305;7482)
(318;304;7498)
(319;303;7498)
(321;302;7514)
(322;301;7515)
(323;300;7515)
(325;299;7533)
(325;298;7533)
(326;298;7548)
(326;298;7549)
(327;298;7566)
(327;297;7566)
(327;297;7582)
(327;297;7582)
(327;297;7582)
(328;297;7599)
(329;296;7621)
(330;295;7621)
(331;295;7637)
(331;295;7637)
(331;294;7655)
(331;294;7655)
(331;294;7671)
(331;294;7671)
(331;294;7672)
(331;294;7688)
(331;294;7688)
(332;294;7704)
(332;294;7704)
(332;294;7721)
(332;294;7722)
(332;294;7737)
(332;294;7738)
(332;294;7754)
(332;294;7754)
(332;294;7754)
(332;294;7771)
(332;294;7772)
(332;294;7787)
(332;294;7788)
(332;294;7804)
(332;294;7805)
(332;294;7821)
(332;294;7821)
(332;294;7838)
(333;294;7838)
(333;294;7854)
(333;294;7855)
(334;294;7870)
(335;294;7871)
(335;293;7888)
(335;293;7888)
(335;293;7888)
(335;293;7905)
(335;293;7905)
(335;293;7921)
(335;293;7922)
(335;293;7937)
(335;293;7938)
(335;293;7954)
(335;293;7955)
(335;293;7972)
(335;293;7972)
(335;293;7972)
(335;293;7988)
(335;293;7988)
(335;293;8005)
(335;294;8005)
(335;294;8021)
(335;294;8021)
(335;294;8038)
(335;294;8038)
(335;294;8055)
(335;294;8055)
(335;294;8055)
(335;294;8071)
(335;294;8071)
(335;294;8087)
(335;294;8087)
(335;294;8105)
(335;294;8105)
(335;294;8121)
(335;294;8121)
(335;294;8138)
(335;294;8138)
(335;294;8154)
(335;294;8154)
(335;294;8172)
(335;294;8172)
(335;294;8172)
(335;294;8188)
(335;294;8188)
(335;294;8205)
(335;294;8205)
(335;294;8221)
(335;294;8222)
(335;294;8238)
(335;294;8238)
(335;294;8254)
(335;294;8254)
(335;294;8271)
(335;294;8272)
(335;294;8272)
(335;294;8288)
(335;294;8288)
(335;294;8326)
(335;294;8326)
(336;295;8326)
(336;295;8326)
(336;295;8342)
(336;295;8342)
(336;295;8359)
(336;295;8359)
(336;295;8375)
(336;295;8376)
(336;295;8376)
(336;295;8392)
(336;295;8392)
(336;295;8409)
(336;295;8409)
(336;295;8425)
(336;295;8426)
(336;295;8442)
(336;295;8442)
(336;295;8459)
(336;295;8459)
(336;295;8475)
(336;295;8476)
(336;295;8476)
(336;295;8492)
(336;295;8493)
(336;295;8509)
(336;295;8509)
(336;295;8525)
(336;295;8526)
(336;295;8542)
(336;295;8542)
(336;295;8558)
(336;295;8559)
(336;294;8575)
(336;294;8576)
(336;294;8592)
(336;294;8593)
(336;294;8593)
(336;294;8608)
(336;294;8609)
(336;294;8625)
(336;294;8626)
(336;294;8642)
(336;294;8643)
(336;294;8659)
(336;294;8659)
(337;296;8675)
(338;298;8692)
(339;300;8692)
(341;302;8693)
(342;305;8709)
(344;307;8710)
(345;309;8725)
(346;311;8726)
(347;312;8744)
(348;314;8744)
(349;315;8758)
(350;316;8759)
(351;317;8775)
(352;318;8776)
(352;319;8776)
(353;320;8792)
(353;320;8793)
(353;320;8809)
(353;320;8809)
(353;320;8826)
(353;320;8826)
(354;321;8843)
(355;322;8843)
(356;323;8859)
(357;325;8859)
(359;327;8875)
(360;329;8875)
(362;331;8893)
(364;334;8893)
(366;336;8893)
(368;339;8909)
(369;341;8909)
(371;343;8926)
(374;346;8926)
(376;348;8942)
(378;350;8943)
(381;353;8959)
(383;355;8959)
(384;356;8975)
(386;358;8975)
(387;359;8992)
(389;361;8992)
(390;362;9009)
(392;363;9009)
(393;364;9026)
(394;365;9026)
(396;367;9026)
(397;368;9042)
(399;369;9043)
(400;371;9059)
(402;372;9059)
(404;374;9076)
(406;375;9076)
(408;377;9076)
(409;378;9092)
(411;380;9092)
(413;381;9109)
(415;383;9109)
(416;384;9125)
(417;386;9125)
(419;387;9141)
(420;388;9142)
(422;390;9142)
(423;392;9159)
(425;393;9159)
(426;394;9175)
(428;396;9176)
(429;397;9192)
(430;398;9193)
(431;399;9209)
(432;400;9209)
(433;400;9226)
(434;401;9226)
(434;402;9226)
(435;402;9242)
(436;402;9242)
(436;403;9259)
(436;403;9260)
(436;403;9260)
(437;403;9276)
(437;403;9293)
(437;403;9293)
(437;403;9293)
(437;403;9309)
(438;403;9326)
(438;403;9326)
(438;403;9326)
(439;404;9342)
(440;404;9342)
(441;404;9358)
(442;405;9358)
(443;406;9374)
(445;406;9375)
(446;407;9375)
(447;408;9392)
(448;408;9392)
(449;409;9409)
(450;410;9409)
(450;410;9426)
(450;410;9426)
(451;410;9442)
(451;411;9443)
(451;411;9443)
(451;411;9459)
(451;411;9459)
(451;411;9475)
(451;411;9475)
(451;411;9492)
(451;411;9492)
(451;411;9492)
(451;411;9509)
(451;411;9510)
(451;411;9526)
(451;411;9526)
(451;411;9543)
(451;411;9543)
(452;411;9558)
(452;411;9558)
(452;411;9576)
(453;412;9576)
(453;412;9576)
(453;412;9592)
(453;412;9593)
(454;413;9609)
(454;413;9609)
(455;413;9626)
(456;413;9626)
(456;414;9641)
(457;414;9641)
(457;414;9659)
(457;414;9659)
(458;414;9676)
(458;414;9676)
(458;414;9676)
(458;414;9692)
(458;414;9693)
(458;414;9709)
(459;415;9709)
(459;415;9725)
(459;415;9726)
(459;415;9743)
(459;415;9743)
(459;415;9743)
(459;415;9759)
(459;415;9759)
(459;415;9776)
(459;415;9776)
(459;415;9792)
(459;415;9792)
(459;415;9792)
(459;415;9808)
(459;415;9808)
(459;415;9826)
(459;415;9826)
(459;415;9842)
(459;415;9843)
(459;415;9859)
(459;415;9859)
(460;415;9876)
(460;416;9876)
(461;416;9876)
(461;416;9893)
(462;417;9893)
(463;417;9909)
(463;417;9910)
(464;418;9925)
(465;418;9925)
(465;418;9942)
(465;418;9943)
(465;418;9959)
(465;418;9959)
(466;418;9976)
(466;419;9976)
(466;419;9976)
(466;419;9992)
(467;419;9992)
(468;420;10009)
(468;420;10009)
(469;420;10025)
(469;420;10025)
(470;421;10042)
(470;421;10042)
(470;421;10042)
(470;421;10059)
(470;421;10060)
(470;421;10075)
(470;421;10075)
(470;421;10093)
(470;421;10093)
(470;421;10093)
(470;421;10109)
(470;421;10109)
(470;421;10126)
(470;421;10126)
(470;421;10143)
(470;421;10143)
(470;421;10158)
(470;421;10159)
(470;421;10175)
(470;421;10176)
(470;421;10176)
(470;421;10192)
(470;421;10192)
(470;422;10209)
(470;422;10209)
(470;422;10226)
(470;422;10227)
(470;422;10241)
(470;422;10242)
(470;422;10258)
(470;422;10258)
(470;422;10276)
(470;422;10276)
(470;422;10276)
(470;422;10292)
(470;422;10292)
(470;422;10309)
(470;422;10309)
(470;422;10325)
(470;422;10326)
(470;423;10342)
(471;423;10342)
(472;424;10343)
(473;426;10359)
(474;428;10359)
(475;429;10375)
(475;430;10375)
(476;431;10392)
(476;432;10392)
(477;432;10392)
(477;433;10409)
(478;433;10409)
(478;433;10424)
(478;433;10425)
(478;434;10442)
(478;434;10442)
(478;434;10459)
(478;434;10459)
(478;434;10476)
(478;434;10476)
(478;434;10476)
(478;434;10492)
(478;435;10509)
(478;435;10509)
(478;435;10509)
(479;435;10525)
(479;436;10526)
(479;436;10542)
(479;436;10542)
(479;436;10559)
(479;436;10559)
(480;436;10576)
(480;436;10576)
(480;437;10576)
(480;437;10592)
(480;437;10592)
(480;437;10609)
(481;438;10609)
(481;438;10626)
(481;438;10626)
(482;439;10641)
(482;439;10641)
(482;439;10658)
(483;440;10658)
(483;440;10676)
(484;441;10676)
(484;442;10692)
(485;442;10692)
(485;443;10692)
(486;443;10709)
(486;444;10709)
(486;444;10726)
(486;444;10726)
(486;444;10743)
(486;444;10743)
(486;444;10758)
(486;444;10759)
(486;444;10775)
(486;444;10775)
(486;444;10775)
(486;444;10800)
(486;444;10800)
(486;444;10801)
(486;444;10817)
(486;444;10834)
(486;444;10834)
(486;444;10851)
(486;444;10851)
(486;444;10867)
(487;443;10884)
(487;443;10884)
(487;443;10884)
(487;443;10901)
(488;443;10902)
(490;443;10918)
(492;442;10918)
(494;442;10934)
(496;442;10934)
(498;441;10934)
(500;441;10951)
(502;440;10952)
(504;440;10968)
(505;440;10968)
(507;440;10984)
(508;439;10984)
(510;439;11000)
(511;439;11001)
(513;439;11001)
(515;439;11018)
(516;439;11018)
(517;439;11033)
(519;439;11034)
(520;439;11051)
(521;439;11052)
(522;439;11067)
(523;439;11068)
(524;439;11084)
(525;439;11084)
(526;439;11101)
(527;439;11101)
(528;439;11101)
(528;439;11118)
(529;439;11118)
(529;439;11134)
(530;439;11134)
(530;439;11151)
(530;439;11151)
(530;439;11168)
(530;439;11168)
(530;439;11183)
(530;439;11184)
(530;439;11184)
(530;439;11201)
(530;439;11201)
(530;439;11218)
(530;439;11218)
(530;439;11233)
(530;439;11233)
(530;439;11233)
(530;439;11250)
(530;439;11250)
(530;439;11268)
(530;439;11268)
(530;439;11283)
(530;439;11284)
(530;439;11301)
(530;439;11301)
(530;439;11301)
(530;439;11317)
(530;439;11318)
(530;439;11333)
(530;439;11334)
(530;439;11351)
(530;439;11351)
(530;439;11368)
(530;439;11368)
(530;439;11368)
(530;439;11383)
(530;439;11401)
(530;439;11401)
(530;439;11401)
(530;439;11418)
(530;439;11418)
(530;439;11434)
(530;439;11434)
(530;439;11450)
(530;440;11450)
(531;440;11468)
(531;440;11468)
(531;440;11468)
(532;440;11485)
(533;441;11485)
(534;442;11501)
(534;443;11502)
(536;444;11518)
(537;444;11518)
(538;445;11534)
(539;446;11534)
(540;447;11534)
(541;448;11550)
(541;449;11551)
(542;450;11568)
(543;450;11568)
(543;450;11584)
(543;451;11585)
(544;451;11600)
(545;451;11600)
(545;452;11600)
(546;452;11618)
(547;453;11618)
(548;453;11634)
(549;454;11634)
(550;454;11651)
(551;455;11651)
(552;455;11667)
(553;456;11668)
(553;456;11668)
(554;457;11683)
(555;457;11684)
(556;458;11701)
(557;458;11702)
(557;458;11717)
(558;458;11718)
(559;459;11734)
(559;459;11734)
(560;459;11751)
(560;459;11751)
(561;460;11752)
(561;460;11768)
(561;460;11768)
(561;460;11784)
(561;460;11784)
(561;460;11801)
(561;460;11801)
(561;460;11817)
(561;460;11817)
(561;460;11834)
(562;460;11834)
(562;460;11834)
(562;460;11851)
(562;460;11852)
(562;460;11867)
(562;460;11868)
(562;460;11884)
(562;460;11884)
(563;460;11901)
(563;461;11901)
(564;461;11901)
(564;461;11917)
(565;462;11918)
(566;463;11934)
(567;463;11935)
(568;464;11951)
(568;464;11952)
(568;464;11968)
(568;464;11968)
(569;464;11968)
(569;464;11984)
(569;464;11985)
(569;464;12000)
(569;464;12000)
(569;464;12018)
(569;464;12018)
(569;464;12033)
(569;464;12034)
(569;464;12051)
(569;464;12051)
(569;464;12068)
(569;464;12068)
(569;464;12069)
(569;464;12084)
(569;464;12084)
(569;464;12101)
(569;464;12102)
(569;464;12118)
(569;464;12118)
(569;464;12134)
(569;464;12134)
(569;464;12134)
(569;464;12151)
(569;464;12152)
(569;464;12168)
(569;464;12168)
(569;464;12184)
(569;464;12184)
(569;464;12201)
(569;464;12201)
(569;464;12202)
(569;464;12218)
(569;464;12218)
(569;464;12235)
(569;464;12235)
(569;464;12250)
(569;464;12251)
(569;464;12267)
(569;464;12268)
(569;464;12268)
(569;464;12285)
(569;464;12285)
(569;464;12300)
(569;464;12301)
(569;464;12318)
(569;464;12318)
(569;464;12334)
(569;464;12334)
(569;464;12351)
(569;464;12351)
(569;464;12368)
(569;464;12368)
(569;464;12368)
(569;464;12384)
(569;464;12384)
(570;464;12401)
(570;464;12401)
(570;464;12418)
(570;464;12418)
(570;464;12434)
(570;464;12434)
(570;464;12434)
(570;464;12451)
(571;465;12451)
(571;465;12468)
(572;465;12468)
(572;465;12484)
(573;465;12484)
(574;465;12500)
(575;466;12501)
(575;466;12501)
(576;466;12517)
(576;466;12518)
(577;467;12534)
(577;467;12535)
(577;467;12553)
(577;467;12553)
(578;467;12553)
(578;467;12567)
(578;467;12568)
(578;467;12584)
(578;467;12601)
(578;467;12601)
(578;467;12601)
(578;467;12618)
(578;467;12618)
(578;467;12634)
(578;468;12635)
(578;468;12650)
(578;468;12651)
(578;468;12667)
(578;468;12667)
(578;468;12684)
(578;468;12701)
(578;468;12701)
(578;468;12701)
(578;468;12717)
(578;468;12718)
(579;469;12734)
(579;469;12734)
(579;470;12734)
(579;471;12750)
(580;472;12750)
(580;473;12767)
(581;474;12767)
(581;475;12784)
(582;477;12784)
(582;478;12800)
(583;479;12801)
(584;481;12801)
(584;482;12817)
(585;484;12833)
(586;485;12834)
(586;486;12851)
(586;486;12851)
(586;486;12867)
(586;486;12868)
(586;486;12868)
(586;486;12883)
(586;486;12884)
(586;486;12901)
(586;486;12901)
(586;486;12917)
(586;486;12917)
(586;486;12933)
(586;486;12934)
(586;486;12950)
(586;486;12950)
(586;486;12968)
(586;486;12968)
(587;486;12968)
(587;486;12984)
(587;486;12984)
(587;486;13000)
(587;486;13001)
(587;486;13017)
(587;486;13018)
(587;486;13034)
(587;486;13034)
(587;486;13034)
(587;486;13051)
(587;486;13051)
(587;486;13067)
(587;486;13068)
(587;486;13084)
(587;486;13084)
(587;486;13101)
(587;486;13101)
(587;486;13101)
(587;486;13118)
(587;486;13118)
(587;486;13134)
(587;486;13135)
(587;486;13151)
(587;486;13151)
(587;486;13168)
(587;486;13168)
(587;486;13168)
(587;486;13184)
(587;486;13185)
(587;486;13201)
(587;486;13201)
(587;486;13217)
(587;486;13218)
(587;486;13234)
(587;486;13235)
(587;486;13251)
(587;486;13251)
(587;486;13268)
(587;486;13268)
(587;486;13268)
(587;486;13284)
(587;486;13285)
(587;486;13300)
(587;486;13301)
(587;486;13317)
(587;486;13318)
(587;486;13334)
(587;486;13334)
(587;486;13334)
(587;486;13351)
(587;486;13352)
(587;486;13368)
(587;486;13368)
(587;486;13384)
(587;486;13385)
(587;486;13401)
(587;486;13401)
(587;486;13401)
(587;486;13418)
(587;486;13418)
(587;486;13434)
(587;486;13434)
(587;486;13451)
(587;486;13451)
(587;486;13467)
(587;486;13467)
(587;486;13468)
(587;486;13484)
(587;486;13485)
(587;486;13501)
(587;486;13502)
(587;486;13518)
(587;486;13518)
(587;486;13534)
(587;486;13534)
(587;486;13551)
(587;486;13551)
(587;486;13552)
(587;486;13568)
(587;486;13568)
(587;486;13584)
(587;486;13585)
(587;486;13601)
(587;486;13602)
(587;486;13617)
(587;485;13618)
(587;485;13634)
(587;485;13634)
(587;485;13634)
(587;485;13650)
(587;485;13651)
(587;485;13668)
(588;485;13668)
(588;485;13684)
(588;485;13684)
(588;485;13701)
(588;485;13701)
(588;485;13701)
(588;485;13717)
(588;485;13717)
(588;485;13734)
(589;485;13734)
(589;484;13751)
(589;484;13751)
(589;484;13752)
(589;484;13767)
(589;484;13767)
(589;484;13784)
(589;484;13785)
(590;484;13801)
(590;484;13802)
(590;484;13817)
(590;484;13818)
(590;484;13834)
(590;484;13834)
(591;484;13851)
(591;484;13851)
(591;484;13852)
(591;484;13868)
(591;484;13868)
(591;484;13884)
(591;484;13884)
(591;484;13901)
(591;483;13902)
(591;483;13917)
(591;483;13917)
(591;483;13934)
(591;483;13935)
(591;483;13935)
(591;483;13951)
(591;483;13952)
(591;483;13968)
(591;483;13968)
(591;483;13984)
(591;483;13984)
(591;483;14001)
(591;483;14002)
(591;483;14002)
(591;483;14018)
(591;483;14018)
(591;483;14035)
(591;483;14035)
(591;483;14051)
(591;483;14052)
(591;483;14052)
(591;483;14068)
(591;483;14068)
(591;483;14084)
(591;483;14084)
(591;483;14102)
(591;483;14102)
(591;483;14118)
(591;483;14119)
(591;483;14135)
(591;483;14135)
(591;483;14151)
(591;483;14151)
(591;483;14168)
(591;483;14168)
(591;483;14168)
(591;483;14185)
(591;483;14185)
(591;483;14201)
(591;483;14201)
(591;483;14218)
(591;483;14218)
(591;483;14234)
(591;483;14234)
(591;483;14234)
(591;483;14251)
(591;483;14251)
(591;483;14268)
(591;483;14268)
(591;483;14284)
(591;483;14284)
(591;483;14301)
(591;483;14301)
(591;483;14317)
(591;483;14318)
(591;483;14334)
(591;483;14334)
(591;483;14351)
(591;483;14352)
(591;483;14352)
(591;483;14367)
(591;483;14368)
(591;483;14384)
(591;483;14385)
(591;483;14401)
(591;483;14402)
(591;483;14417)
(591;483;14418)
(591;483;14435)
(591;483;14435)
(591;483;14451)
(591;483;14451)
(591;483;14452)
(591;483;14468)
(591;483;14468)
(591;483;14484)
(591;483;14484)
(591;483;14502)
(591;483;14502)
(591;483;14517)
(591;483;14517)
(591;483;14534)
(591;483;14534)
(591;482;14535)
(591;482;14551)
(591;482;14552)
(593;482;14568)
(594;481;14568)
(596;480;14584)
(598;479;14584)
(599;479;14601)
(601;478;14601)
(603;477;14601)
(605;476;14618)
(608;475;14618)
(609;474;14634)
(610;474;14634)
(610;474;14650)
(611;474;14651)
(612;473;14668)
(613;473;14668)
(614;473;14668)
(614;473;14684)
(615;472;14684)
(616;472;14702)
(617;472;14702)
(618;471;14718)
(619;471;14719)
(620;471;14734)
(621;470;14734)
(623;470;14751)
(624;470;14751)
(625;470;14767)
(626;470;14768)
(626;470;14768)
(627;470;14784)
(627;470;14785)
(627;470;14801)
(627;470;14802)
(627;470;14818)
(627;470;14818)
(627;470;14834)
(627;470;14834)
(627;470;14852)
(627;470;14852)
(627;470;14852)
(627;470;14868)
(627;470;14869)
(627;470;14884)
(627;470;14885)
(627;470;14901)
(627;470;14902)
(627;470;14918)
(627;470;14918)
(627;470;14934)
(627;470;14935)
(627;470;14951)
(627;470;14952)
(627;470;14968)
(627;470;14969)
(627;470;14969)
(627;470;14984)
(627;470;14984)
(627;470;15001)
(627;470;15001)
(627;470;15018)
(627;470;15018)
(627;470;15034)
(627;470;15035)
(627;470;15052)
(627;470;15052)
(627;470;15052)
(627;470;15068)
(627;470;15068)
(627;470;15084)
(627;470;15084)
(627;470;15101)
(627;470;15101)
(627;470;15117)
(627;470;15118)
(627;470;15134)
(627;470;15135)
(627;470;15135)
(627;470;15152)
(627;470;15152)
(627;470;15167)
(627;470;15168)
(627;470;15184)
(627;470;15184)
(627;469;15201)
(627;469;15202)
(627;469;15218)
(627;469;15219)
(627;469;15235)
(627;469;15235)
(627;469;15251)
(627;469;15251)
(627;469;15267)
(627;469;15267)
(627;469;15285)
(627;469;15285)
(627;469;15285)
(627;469;15301)
(627;469;15301)
(627;469;15318)
(627;469;15318)
(627;469;15335)
(627;469;15335)
(627;469;15352)
(627;469;15352)
(627;469;15368)
(627;469;15368)
(627;469;15385)
(627;469;15385)
(627;469;15385)
(627;469;15401)
(627;469;15401)
(627;469;15417)
(627;469;15418)
(627;469;15435)
(627;469;15435)
(627;469;15435)
(627;469;15452)
(627;469;15452)
(627;469;15468)
(628;469;15468)
(629;469;15484)
(630;469;15484)
(631;469;15502)
(632;469;15502)
(633;469;15502)
(634;468;15519)
(634;468;15519)
(635;468;15535)
(636;468;15535)
(636;468;15552)
(637;468;15552)
(637;468;15568)
(637;468;15569)
(638;468;15569)
(638;467;15584)
(640;467;15602)
(641;467;15602)
(643;466;15602)
(645;466;15618)
(646;466;15619)
(647;466;15635)
(648;466;15635)
(648;466;15651)
(649;466;15651)
(650;466;15669)
(651;466;15669)
(652;466;15669)
(653;466;15685)
(654;466;15685)
(655;466;15701)
(656;466;15702)
(656;465;15718)
(656;465;15718)
(656;465;15735)
(656;465;15735)
(656;465;15735)
(656;465;15751)
(656;465;15751)
(656;465;15768)
(656;465;15769)
(656;465;15784)
(656;465;15785)
(656;465;15802)
(656;465;15802)
(656;465;15802)
(656;465;15818)
(656;465;15818)
(656;465;15835)
(657;465;15835)
(657;465;15851)
(657;465;15852)
(657;465;15852)
(657;465;15868)
(657;465;15869)
(657;465;15885)
(658;465;15886)
(659;464;15901)
(660;463;15902)
(661;462;15918)
(661;462;15918)
(662;461;15935)
(662;461;15935)
(663;460;15936)
(663;460;15951)
(663;459;15952)
(664;459;15968)
(664;457;15968)
(666;455;15985)
(667;453;15985)
(668;451;16001)
(668;451;16018)
(669;450;16018)
(669;449;16035)
(670;449;16035)
(670;448;16036)
(671;448;16051)
(671;448;16051)
(672;447;16068)
(673;446;16069)
(674;446;16085)
(674;445;16086)
(675;445;16102)
(675;444;16102)
(675;444;16102)
(676;444;16118)
(676;444;16119)
(676;444;16134)
(676;444;16134)
(676;444;16152)
(676;444;16152)
(676;444;16152)
(676;444;16168)
(676;444;16168)
(676;444;16184)
(676;444;16184)
(676;444;16202)
(676;444;16202)
(676;444;16219)
(676;444;16219)
(676;444;16234)
(676;444;16234)
(676;444;16251)
(676;444;16251)
(676;444;16269)
(677;445;16269)
(679;446;16269)
(681;447;16284)
(684;447;16284)
(686;448;16302)
(688;449;16303)
(690;450;16318)
(692;450;16319)
(694;451;16335)
(695;451;16335)
(696;451;16335)
(697;452;16352)
(697;452;16352)
(697;452;16369)
(697;452;16369)
(697;452;16384)
(698;452;16385)
(698;452;16402)
(698;452;16402)
(698;452;16402)
(698;452;16418)
(698;452;16418)
(698;452;16435)
(698;452;16435)
(698;452;16452)
(698;452;16452)
(698;452;16452)
(698;452;16468)
(699;451;16468)
(700;450;16484)
(701;449;16484)
(703;447;16501)
(705;446;16501)
(706;445;16518)
(707;444;16518)
(708;443;16534)
(709;442;16535)
(710;441;16552)
(711;440;16552)
(712;439;16552)
(713;438;16568)
(714;437;16568)
(715;436;16585)
(716;434;16585)
(718;433;16601)
(719;432;16602)
(720;430;16618)
(722;429;16618)
(723;427;16635)
(724;426;16636)
(725;425;16636)
(726;424;16652)
(726;423;16652)
(727;422;16668)
(728;421;16668)
(728;420;16684)
(729;420;16685)
(729;419;16701)
(731;418;16702)
(732;416;16702)
(733;415;16718)
(734;414;16718)
(735;413;16734)
(736;411;16734)
(737;410;16751)
(738;408;16751)
(739;407;16769)
(739;406;16769)
(740;405;16769)
(741;404;16785)
(743;403;16785)
(744;401;16801)
(745;400;16802)
(746;398;16818)
(747;397;16819)
(748;396;16835)
(750;395;16835)
(751;393;16851)
(752;391;16852)
(753;390;16852)
(755;388;16868)
(756;386;16868)
(757;385;16884)
(759;383;16884)
(760;381;16901)
(762;380;16901)
(763;378;16917)
(764;377;16918)
(766;375;16934)
(768;373;16935)
(769;372;16935)
(771;370;16951)
(772;369;16952)
(773;368;16968)
(774;367;16968)
(776;366;16985)
(777;364;16985)
(779;363;17001)
(780;362;17001)
(781;361;17001)
(782;360;17018)
(783;359;17018)
(784;358;17035)
(785;357;17035)
(787;356;17051)
(788;355;17052)
(789;354;17052)
(790;353;17069)
(791;352;17069)
(792;351;17085)
(794;349;17085)
(796;348;17101)
(797;346;17102)
(799;345;17118)
(801;343;17119)
(803;342;17135)
(806;340;17135)
(808;339;17136)
(810;337;17151)
(812;336;17151)
(814;334;17169)
(817;333;17169)
(819;332;17185)
(820;331;17186)
(822;330;17202)
(824;329;17202)
(825;328;17218)
(827;327;17219)
(828;326;17235)
(829;326;17235)
(830;325;17235)
(831;324;17252)
(832;324;17268)
(832;324;17268)
(832;324;17298)
(832;324;17298)
(832;324;17298)
(832;324;17298)
(832;324;17315)
(832;324;17315)
(832;324;17332)
(832;323;17332)
(832;323;17332)
(832;323;17349)
(833;323;17349)
(833;323;17365)
(833;322;17365)
(834;322;17381)
(834;321;17382)
(834;320;17398)
(835;319;17398)
(835;317;17415)
(836;315;17415)
(836;312;17416)
(836;309;17432)
(836;305;17433)
(836;301;17449)
(836;297;17449)
(835;293;17465)
(835;288;17465)
(834;284;17482)
(834;279;17482)
(833;275;17482)
(833;272;17498)
(832;268;17498)
(830;261;17515)
(829;258;17532)
(829;255;17532)
(828;252;17532)
(828;249;17548)
(827;246;17548)
(827;243;17565)
(827;240;17565)
(826;237;17582)
(826;235;17582)
(826;232;17598)
(825;230;17598)
(825;228;17615)
(825;227;17615)
(825;225;17631)
(825;224;17632)
(825;222;17632)
(825;220;17649)
(825;218;17649)
(825;216;17666)
(824;215;17666)
(824;214;17681)
(824;213;17682)
(824;212;17698)
(824;210;17699)
(824;209;17715)
(824;208;17715)
(824;207;17715)
(824;207;17731)
(824;207;17731)
(824;207;17749)
(824;207;17749)
(824;207;17765)
(824;207;17765)
(824;207;17781)
(824;207;17781)
(824;207;17781)
(824;207;17797)
(824;207;17798)
(824;207;17815)
(824;207;17816)
(824;207;17832)
(824;207;17832)
(824;207;17832)
(824;207;17849)
(824;207;17849)
(824;207;17865)
(824;207;17865)
(824;207;17882)
(824;207;17882)
(824;207;17898)
(824;207;17899)
(823;207;17914)
(823;207;17915)
(822;206;17931)
(821;205;17931)
(820;203;17931)
(819;201;17948)
(817;199;17948)
(816;197;17966)
(815;195;17966)
(815;194;17982)
(814;193;17982)
(814;193;17998)
(814;193;17998)
(814;193;18015)
(814;193;18015)
(814;193;18015)
(814;193;18032)
(814;193;18033)
(814;193;18049)
(814;193;18049)
(814;193;18065)
(814;193;18065)
(814;193;18081)
(815;193;18082)
(815;193;18082)
(816;192;18099)
(818;191;18099)
(819;191;18115)
(821;190;18115)
(822;188;18133)
(824;187;18133)
(826;186;18133)
(828;184;18149)
(830;183;18149)
(832;181;18166)
(834;178;18166)
(837;176;18188)
(839;173;18189)
(841;170;18189)
(844;166;18205)
(846;163;18206)
(848;160;18223)
(849;157;18224)
(851;154;18239)
(853;151;18239)
(854;148;18255)
(855;146;18256)
(857;143;18256)
(857;141;18272)
(858;139;18272)
(859;138;18289)
(859;137;18289)
(860;136;18306)
(860;136;18306)
(860;136;18322)
(860;135;18323)
(860;135;18323)
(860;135;18339)
(860;134;18339)
(860;134;18356)
(861;133;18356)
(861;132;18372)
(861;131;18373)
(861;130;18373)
(862;129;18389)
(862;128;18390)
(862;127;18406)
(863;126;18406)
(863;125;18422)
(863;124;18422)
(863;123;18439)
(863;122;18439)
(863;122;18455)
(863;121;18456)
(863;121;18456)
(863;121;18472)
(863;121;18473)
(863;120;18489)
(863;119;18489)
(862;118;18506)
(861;116;18506)
(860;113;18522)
(859;111;18523)
(857;108;18539)
(856;105;18539)
(854;101;18556)
(853;97;18556)
(851;93;18556)
(850;89;18572)
(849;85;18573)
(848;82;18588)
(847;78;18589)
(847;74;18606)
(846;71;18606)
(846;69;18606)
(846;67;18622)
(846;65;18623)
(846;64;18639)
(846;62;18639)
(846;60;18656)
(846;59;18656)
(846;57;18672)
(846;56;18673)
(846;54;18673)
(847;53;18690)
(847;51;18690)
(847;50;18706)
(847;47;18706)
(847;45;18722)
(847;42;18723)
(847;40;18739)
(847;38;18739)
(847;36;18739)
(847;35;18756)
(846;32;18757)
(846;30;18772)
(846;27;18773)
(845;25;18789)
(845;24;18789)
(845;24;18805)
(845;24;18806)
(845;24;18822)
(845;24;18822)
(845;24;18839)
(845;24;18839)
(845;24;18839)
(845;24;18856)
(845;24;18856)
(845;24;18873)
(845;24;18873)
(845;24;18889)
(845;24;18890)
(845;24;18906)
(845;24;18906)
(845;24;18922)
(845;24;18923)
(845;24;18938)
(845;24;18939)
(845;24;18956)
(845;24;18956)
(845;24;18972)
(845;25;18973)
(845;26;18989)
(846;29;18989)
(847;31;18989)
(848;34;19005)
(850;37;19006)
(850;39;19023)
(850;41;19023)
(850;42;19039)
(848;44;19039)
