(374;55;0)
(374;56;216)
(374;57;216)
(374;57;232)
(373;58;233)
(373;59;249)
(373;60;249)
(373;61;265)
(373;62;265)
(373;62;282)
(372;63;282)
(372;63;298)
(372;64;299)
(372;65;316)
(372;65;316)
(372;65;316)
(371;66;332)
(371;66;332)
(371;66;348)
(371;67;348)
(371;67;366)
(371;68;366)
(370;69;381)
(370;70;382)
(370;72;399)
(370;73;399)
(370;73;415)
(369;74;415)
(369;74;432)
(369;75;432)
(369;75;449)
(369;76;449)
(369;76;449)
(368;77;465)
(368;77;465)
(368;77;482)
(368;78;482)
(368;78;499)
(368;79;499)
(367;80;515)
(367;80;515)
(367;81;532)
(367;82;532)
(367;82;549)
(367;83;549)
(366;83;565)
(366;83;565)
(366;84;582)
(366;84;583)
(366;85;598)
(366;85;599)
(366;86;616)
(366;86;616)
(365;87;616)
(365;87;632)
(365;88;632)
(365;88;649)
(365;89;649)
(365;89;665)
(365;90;665)
(365;90;682)
(365;91;699)
(364;91;699)
(364;92;699)
(364;92;699)
(364;92;715)
(364;93;715)
(364;93;732)
(364;94;732)
(363;94;749)
(363;94;749)
(363;95;749)
(363;95;765)
(363;95;765)
(363;96;782)
(363;96;782)
(362;97;798)
(362;98;799)
(362;98;815)
(362;99;816)
(362;99;816)
(362;100;832)
(361;100;832)
(361;100;849)
(361;101;849)
(361;101;865)
(361;101;865)
(360;102;882)
(360;102;882)
(360;102;899)
(360;103;899)
(359;103;915)
(359;103;915)
(359;104;915)
(359;104;932)
(359;104;933)
(358;104;949)
(358;105;949)
(358;105;965)
(358;105;965)
(357;106;982)
(357;106;983)
(357;107;999)
(356;107;999)
(356;107;999)
(356;107;1015)
(356;108;1015)
(356;108;1032)
(356;108;1032)
(355;108;1049)
(355;109;1049)
(355;109;1050)
(354;110;1066)
(354;110;1066)
(354;110;1082)
(353;111;1083)
(353;111;1098)
(353;111;1098)
(353;111;1116)
(353;111;1116)
(353;112;1132)
(353;112;1132)
(352;112;1149)
(352;112;1149)
(352;112;1165)
(352;112;1166)
(352;113;1182)
(351;113;1183)
(350;114;1198)
(350;114;1199)
(349;115;1215)
(349;115;1215)
(349;115;1232)
(348;116;1232)
(348;116;1232)
(348;116;1248)
(348;117;1249)
(348;117;1265)
(348;117;1265)
(347;117;1282)
(347;117;1283)
(347;118;1298)
(347;118;1298)
(347;118;1299)
(347;118;1316)
(347;118;1316)
(347;118;1331)
(347;118;1332)
(347;118;1349)
(347;118;1349)
(347;119;1349)
(347;119;1365)
(346;119;1365)
(346;119;1382)
(346;119;1382)
(346;119;1399)
(346;119;1399)
(346;119;1415)
(346;119;1416)
(346;119;1416)
(346;119;1432)
(346;119;1432)
(346;119;1449)
(346;119;1449)
(346;119;1465)
(346;120;1465)
(346;120;1482)
(345;120;1482)
(345;121;1498)
(345;121;1499)
(345;121;1515)
(344;122;1516)
(344;122;1516)
(344;122;1532)
(344;123;1532)
(343;123;1548)
(343;123;1549)
(343;124;1565)
(343;124;1582)
(343;124;1598)
(342;124;1598)
(342;124;1599)
(342;124;1615)
(342;124;1616)
(342;125;1632)
(342;125;1632)
(342;125;1649)
(342;125;1649)
(342;125;1650)
(342;125;1665)
(342;125;1666)
(342;125;1682)
(342;125;1683)
(342;125;1699)
(342;125;1699)
(342;125;1715)
(342;125;1715)
(342;125;1715)
(342;125;1732)
(342;125;1733)
(342;126;1749)
(342;126;1749)
(342;126;1765)
(342;126;1766)
(342;127;1782)
(342;127;1782)
(342;127;1799)
(342;128;1799)
(342;128;1799)
(342;129;1815)
(342;129;1832)
(342;130;1833)
(342;131;1833)
(342;131;1849)
(342;131;1849)
(342;131;1866)
(342;131;1866)
(342;132;1882)
(342;132;1883)
(342;132;1898)
(342;132;1899)
(342;133;1899)
(342;133;1915)
(342;133;1916)
(343;134;1932)
(343;134;1932)
(343;135;1949)
(343;135;1949)
(343;136;1950)
(343;136;1965)
(343;137;1965)
(343;137;1983)
(343;137;1983)
(343;138;1999)
(343;138;1999)
(343;138;2016)
(343;139;2016)
(343;139;2016)
(343;139;2032)
(343;140;2032)
(343;140;2049)
(342;141;2049)
(342;141;2066)
(342;142;2066)
(342;142;2082)
(341;142;2083)
(341;142;2098)
(341;143;2099)
(341;143;2115)
(340;143;2116)
(340;144;2116)
(339;144;2133)
(339;144;2133)
(339;145;2148)
(338;145;2149)
(338;145;2165)
(338;145;2166)
(337;146;2181)
(337;146;2182)
(336;147;2198)
(336;147;2199)
(335;148;2215)
(335;148;2216)
(334;148;2232)
(334;149;2232)
(334;149;2248)
(333;149;2248)
(333;150;2249)
(333;150;2266)
(333;150;2266)
(333;150;2282)
(332;150;2282)
(332;150;2298)
(332;150;2299)
(332;151;2315)
(332;151;2315)
(332;151;2332)
(332;151;2333)
(332;151;2333)
(332;151;2349)
(332;151;2349)
(332;151;2365)
(332;151;2366)
(332;151;2382)
(332;151;2399)
(332;151;2399)
(332;151;2416)
(332;151;2417)
(332;151;2417)
(332;151;2431)
(332;151;2432)
(332;151;2449)
(332;151;2449)
(332;151;2465)
(332;151;2466)
(332;151;2482)
(332;151;2483)
(332;151;2499)
(332;151;2499)
(332;152;2499)
(332;153;2515)
(332;154;2515)
(332;154;2533)
(332;155;2533)
(332;156;2549)
(332;157;2549)
(332;157;2549)
(332;158;2566)
(332;158;2566)
(332;158;2582)
(332;159;2582)
(332;159;2598)
(332;159;2599)
(332;159;2619)
(331;159;2619)
(331;159;2620)
(331;160;2637)
(331;160;2637)
(331;160;2652)
(331;160;2653)
(331;161;2670)
(331;161;2670)
(330;161;2670)
(330;162;2686)
(330;162;2687)
(330;162;2703)
(329;163;2704)
(329;163;2720)
(329;163;2720)
(328;164;2737)
(328;164;2737)
(327;165;2737)
(327;165;2754)
(327;165;2754)
(326;166;2770)
(326;166;2771)
(326;166;2787)
(325;166;2787)
(325;166;2804)
(325;166;2804)
(325;166;2804)
(325;166;2821)
(325;166;2821)
(325;166;2837)
(325;166;2837)
(325;166;2854)
(325;166;2854)
(325;166;2871)
(325;166;2871)
(325;166;2887)
(325;166;2887)
(325;166;2887)
(325;166;2904)
(325;166;2904)
(325;166;2921)
(325;166;2921)
(325;166;2937)
(325;166;2937)
(325;166;2954)
(325;167;2955)
(325;167;2971)
(326;168;2971)
(326;169;2971)
(327;170;2987)
(327;171;2987)
(327;171;3004)
(327;172;3004)
(328;172;3021)
(328;173;3021)
(328;173;3037)
(328;174;3037)
(328;174;3037)
(328;174;3055)
(328;175;3055)
(329;175;3071)
(329;176;3071)
(329;176;3087)
(329;177;3087)
(329;177;3087)
(330;178;3105)
(330;178;3105)
(330;179;3121)
(330;179;3122)
(331;180;3137)
(331;180;3137)
(331;181;3154)
(331;181;3155)
(331;182;3171)
(331;182;3171)
(331;182;3171)
(331;183;3188)
(331;183;3188)
(332;184;3205)
(332;184;3205)
(332;184;3221)
(332;185;3221)
(332;185;3238)
(332;185;3238)
(332;186;3254)
(333;186;3254)
(333;186;3270)
(333;187;3271)
(333;188;3271)
(333;188;3288)
(333;189;3288)
(333;189;3305)
(334;190;3305)
(334;190;3321)
(334;190;3321)
(334;190;3338)
(334;191;3338)
(334;191;3338)
(334;191;3354)
(334;192;3355)
(334;192;3371)
(334;192;3371)
(334;193;3388)
(334;193;3388)
(334;193;3388)
(334;193;3404)
(334;194;3404)
(334;194;3421)
(334;194;3421)
(334;194;3437)
(334;194;3437)
(334;195;3454)
(334;195;3454)
(334;196;3471)
(334;197;3471)
(334;198;3471)
(334;198;3488)
(334;198;3488)
(334;198;3504)
(334;198;3504)
(334;198;3521)
(334;199;3522)
(334;199;3538)
(334;199;3538)
(333;199;3554)
(333;199;3554)
(333;199;3571)
(333;199;3571)
(333;199;3571)
(333;200;3587)
(332;200;3604)
(332;201;3604)
(332;201;3621)
(331;201;3621)
(331;202;3637)
(331;202;3637)
(331;203;3637)
(330;203;3654)
(330;203;3654)
(330;204;3670)
(330;204;3671)
(330;204;3687)
(329;205;3687)
(329;205;3688)
(329;205;3705)
(329;205;3705)
(329;205;3721)
(329;206;3721)
(329;206;3737)
(329;206;3737)
(329;206;3754)
(329;206;3755)
(329;206;3771)
(329;206;3771)
(329;206;3771)
(329;206;3787)
(329;206;3804)
(329;206;3804)
(329;206;3805)
(329;206;3821)
(329;206;3821)
(329;206;3837)
(329;206;3838)
(329;206;3855)
(329;206;3855)
(329;206;3870)
(329;206;3871)
(329;206;3871)
(329;206;3888)
(329;206;3888)
(329;206;3904)
(329;206;3905)
(329;206;3920)
(329;206;3921)
(329;206;3938)
(329;206;3938)
(329;206;3954)
(329;206;3954)
(329;206;3970)
(329;207;3971)
(330;207;3988)
(330;208;3988)
(330;209;3988)
(331;209;4004)
(331;210;4004)
(331;211;4020)
(331;211;4021)
(331;211;4038)
(331;212;4038)
(331;212;4055)
(331;212;4055)
(331;212;4071)
(331;212;4071)
(331;212;4087)
(331;213;4088)
(331;213;4088)
(331;213;4104)
(331;214;4104)
(331;215;4121)
(330;216;4121)
(330;216;4137)
(330;217;4138)
(330;217;4154)
(330;217;4155)
(330;217;4170)
(330;217;4171)
(329;218;4171)
(329;218;4187)
(329;218;4188)
(328;219;4204)
(328;220;4205)
(327;220;4221)
(327;220;4221)
(326;221;4237)
(326;222;4238)
(325;222;4238)
(325;222;4254)
(324;223;4254)
(324;223;4271)
(324;223;4272)
(324;223;4288)
(323;223;4288)
(323;224;4288)
(323;224;4304)
(322;224;4304)
(322;224;4321)
(322;224;4321)
(321;224;4337)
(321;224;4337)
(321;224;4354)
(321;224;4354)
(321;224;4371)
(321;225;4371)
(320;225;4371)
(320;225;4388)
(320;225;4388)
(320;225;4405)
(320;225;4405)
(320;225;4421)
(320;225;4421)
(320;225;4438)
(320;225;4438)
(320;225;4454)
(320;225;4455)
(320;225;4471)
(320;225;4471)
(320;225;4471)
(320;225;4487)
(320;225;4488)
(320;225;4504)
(320;225;4505)
(320;225;4521)
(320;225;4521)
(320;225;4538)
(320;225;4538)
(320;225;4538)
(320;225;4554)
(321;226;4555)
(321;226;4570)
(321;228;4571)
(322;229;4587)
(322;230;4588)
(323;231;4588)
(323;232;4604)
(324;233;4604)
(324;234;4621)
(324;234;4622)
(324;235;4638)
(324;235;4638)
(324;235;4654)
(324;235;4655)
(324;236;4670)
(324;236;4671)
(324;236;4687)
(324;237;4688)
(324;237;4688)
(325;237;4704)
(325;237;4704)
(325;238;4721)
(325;238;4722)
(325;239;4737)
(325;240;4738)
(325;240;4755)
(326;241;4755)
(326;241;4755)
(326;242;4771)
(326;242;4771)
(326;242;4788)
(326;243;4788)
(326;243;4804)
(326;243;4804)
(326;244;4822)
(326;244;4822)
(326;245;4838)
(326;245;4838)
(326;245;4855)
(326;245;4855)
(326;246;4870)
(326;246;4871)
(326;246;4887)
(326;247;4888)
(326;247;4888)
(326;248;4904)
(327;248;4904)
(327;249;4922)
(327;249;4922)
(327;250;4938)
(327;250;4938)
(327;250;4955)
(327;251;4955)
(327;251;4971)
(327;251;4971)
(327;252;4971)
(327;252;4988)
(327;253;4988)
(327;254;5004)
(327;255;5004)
(327;255;5021)
(327;256;5021)
(327;256;5038)
(327;256;5039)
(327;256;5054)
(327;256;5055)
(327;257;5071)
(327;257;5071)
(327;257;5071)
(327;257;5088)
(327;257;5088)
(327;257;5104)
(327;257;5105)
(327;258;5121)
(327;258;5121)
(327;258;5138)
(327;258;5138)
(327;258;5154)
(327;258;5155)
(327;258;5170)
(327;259;5171)
(327;259;5187)
(327;259;5187)
(327;259;5204)
(327;259;5204)
(327;259;5205)
(327;259;5221)
(327;259;5222)
(327;259;5238)
(327;260;5238)
(327;260;5254)
(327;260;5254)
(327;260;5270)
(327;260;5271)
(327;260;5288)
(327;260;5288)
(327;260;5304)
(327;260;5304)
(327;261;5304)
(327;261;5321)
(327;261;5322)
(327;261;5338)
(327;261;5338)
(327;261;5355)
(327;261;5355)
(327;261;5371)
(327;261;5371)
(327;261;5371)
(327;262;5387)
(327;262;5387)
(327;262;5405)
(327;262;5405)
(327;262;5421)
(327;263;5421)
(327;263;5438)
(327;263;5438)
(327;263;5438)
(327;263;5454)
(327;263;5455)
(327;263;5470)
(327;263;5471)
(327;263;5488)
(327;263;5489)
(327;263;5489)
(327;263;5505)
(327;263;5505)
(327;263;5522)
(327;263;5522)
(327;263;5538)
(327;263;5538)
(327;263;5554)
(327;263;5555)
(327;263;5572)
(327;263;5572)
(327;263;5588)
(327;263;5589)
(327;263;5605)
(327;263;5605)
(327;263;5605)
(327;263;5621)
(327;263;5622)
(327;263;5638)
(327;263;5639)
(327;264;5654)
(327;264;5654)
(327;264;5672)
(327;264;5672)
(327;264;5672)
(327;264;5688)
(327;264;5688)
(327;264;5705)
(327;264;5705)
(327;264;5721)
(327;264;5721)
(327;264;5738)
(327;264;5738)
(327;264;5738)
(327;264;5755)
(327;264;5755)
(327;264;5772)
(327;264;5772)
(327;264;5787)
(327;264;5788)
(327;264;5804)
(327;264;5804)
(327;264;5805)
(327;264;5821)
(327;264;5821)
(327;264;5837)
(327;264;5838)
(327;264;5855)
(327;264;5855)
(327;264;5855)
(327;264;5871)
(327;264;5871)
(327;264;5887)
(327;264;5905)
(327;264;5905)
(327;264;5905)
(327;264;5921)
(327;264;5921)
(327;264;5938)
(327;264;5938)
(327;264;5955)
(327;264;5955)
(327;264;5955)
(327;264;5970)
(327;264;5971)
(327;264;5988)
(327;264;5988)
(327;264;6005)
(327;264;6005)
(327;264;6021)
(327;264;6022)
(327;264;6037)
(327;264;6037)
(327;264;6037)
(327;264;6055)
(327;264;6055)
(327;264;6072)
(327;264;6072)
(327;264;6088)
(327;264;6088)
(327;264;6088)
(327;264;6104)
(327;264;6104)
(327;264;6120)
(327;264;6121)
(327;264;6139)
(327;264;6139)
(327;264;6155)
(327;264;6155)
(327;264;6155)
(327;264;6170)
(327;264;6188)
(327;264;6189)
(327;264;6189)
(327;264;6204)
(327;264;6204)
(327;264;6221)
(327;264;6221)
(327;264;6237)
(327;264;6237)
(327;264;6255)
(327;264;6256)
(327;264;6256)
(327;264;6271)
(327;264;6271)
(327;264;6288)
(327;264;6288)
(327;264;6305)
(327;264;6305)
(327;264;6321)
(327;264;6322)
(327;264;6337)
(327;264;6337)
(327;264;6338)
(327;264;6355)
(327;264;6355)
(327;264;6370)
(327;264;6371)
(327;264;6387)
(327;264;6387)
(327;264;6388)
(327;264;6404)
(327;264;6404)
(327;264;6421)
(327;264;6421)
(327;264;6438)
(327;264;6438)
(327;264;6454)
(327;264;6455)
(327;264;6470)
(327;264;6471)
(327;264;6487)
(327;264;6487)
(327;264;6487)
(327;264;6505)
(327;264;6505)
(327;264;6522)
(327;264;6522)
(327;264;6537)
(327;264;6538)
(327;264;6554)
(327;264;6555)
(327;264;6571)
(327;264;6571)
(327;264;6572)
(327;264;6588)
(327;264;6588)
(327;264;6605)
(327;264;6606)
(327;264;6621)
(327;264;6621)
(327;264;6637)
(327;264;6638)
(327;264;6638)
(327;264;6655)
(327;264;6655)
(327;264;6670)
(327;264;6671)
(327;264;6687)
(327;264;6688)
(327;264;6688)
(327;264;6705)
(327;264;6705)
(327;264;6721)
(327;264;6721)
(327;264;6738)
(328;264;6738)
(328;264;6754)
(329;264;6754)
(329;265;6770)
(330;265;6771)
(330;265;6788)
(331;266;6789)
(331;266;6789)
(331;266;6805)
(331;266;6805)
(331;266;6821)
(332;266;6822)
(332;267;6837)
(332;267;6838)
(332;267;6854)
(332;267;6855)
(332;267;6871)
(333;267;6871)
(333;267;6871)
(333;267;6888)
(333;267;6888)
(334;268;6905)
(334;268;6921)
(334;268;6921)
(334;268;6938)
(335;268;6938)
(335;268;6938)
(335;269;6954)
(335;269;6955)
(335;269;6971)
(335;269;6971)
(336;270;6988)
(336;270;6988)
(336;270;6988)
(337;271;7004)
(337;271;7004)
(337;271;7021)
(338;272;7021)
(338;272;7038)
(339;272;7038)
(339;273;7054)
(340;273;7055)
(340;274;7055)
(340;274;7071)
(341;275;7071)
(341;275;7088)
(341;275;7088)
(342;276;7104)
(342;276;7105)
(342;276;7121)
(342;276;7121)
(342;276;7137)
(342;276;7137)
(342;276;7155)
(343;276;7155)
(343;277;7171)
(343;277;7172)
(343;277;7172)
(343;277;7187)
(343;278;7188)
(343;278;7204)
(344;278;7204)
(344;278;7221)
(344;278;7221)
(344;278;7238)
(344;278;7238)
(345;279;7238)
(345;279;7254)
(345;279;7255)
(345;280;7271)
(346;280;7271)
(346;280;7287)
(346;280;7287)
(347;281;7287)
(347;281;7304)
(347;281;7304)
(348;281;7320)
(348;282;7321)
(349;282;7338)
(349;282;7338)
(350;283;7354)
(350;283;7354)
(350;283;7371)
(351;284;7387)
(352;285;7417)
(353;285;7418)
(353;285;7418)
(353;285;7418)
(354;286;7418)
(354;286;7435)
(355;286;7435)
(355;286;7451)
(355;286;7452)
(356;287;7468)
(356;287;7468)
(357;287;7469)
(357;288;7485)
(358;288;7485)
(358;288;7502)
(359;289;7502)
(359;289;7518)
(360;289;7518)
(360;289;7535)
(361;290;7535)
(361;290;7535)
(361;290;7551)
(362;290;7568)
(362;290;7568)
(362;290;7568)
(362;290;7585)
(362;290;7586)
(362;290;7602)
(362;290;7602)
(362;291;7618)
(362;291;7619)
(362;291;7635)
(362;291;7635)
(362;291;7635)
(362;291;7651)
(362;291;7651)
(363;291;7667)
(363;291;7668)
(363;291;7685)
(363;291;7686)
(363;291;7702)
(363;291;7702)
(363;291;7718)
(364;291;7718)
(364;291;7718)
(364;291;7734)
(365;292;7734)
(365;292;7752)
(365;292;7752)
(366;292;7770)
(367;293;7770)
(367;293;7786)
(367;293;7803)
(367;293;7803)
(367;293;7820)
(368;293;7820)
(368;294;7837)
(368;294;7838)
(368;294;7838)
(368;294;7853)
(368;294;7854)
(369;294;7870)
(369;294;7870)
(369;294;7887)
(369;294;7887)
(369;294;7903)
(369;294;7903)
(369;294;7903)
(370;294;7920)
(370;295;7920)
(370;295;7937)
(370;295;7937)
(370;295;7953)
(370;295;7954)
(370;295;7970)
(371;295;7970)
(371;295;7986)
(371;295;7987)
(371;296;8003)
(371;296;8003)
(371;296;8003)
(372;296;8020)
(372;296;8020)
(372;296;8037)
(372;296;8037)
(372;296;8053)
(372;296;8054)
(372;296;8070)
(372;296;8071)
(372;296;8071)
(372;297;8086)
(373;297;8086)
(373;297;8103)
(373;297;8103)
(373;297;8120)
(373;297;8120)
(374;297;8136)
(374;298;8136)
(374;298;8136)
(374;298;8153)
(375;298;8153)
(375;298;8170)
(375;298;8170)
(375;299;8187)
(375;299;8187)
(376;299;8187)
(376;299;8204)
(376;299;8204)
(377;299;8220)
(377;300;8220)
(377;300;8237)
(377;300;8237)
(377;300;8254)
(377;300;8254)
(377;300;8270)
(377;300;8270)
(377;300;8286)
(377;300;8286)
(378;300;8303)
(378;300;8304)
(378;301;8304)
(378;301;8320)
(378;301;8320)
(379;301;8336)
(379;301;8336)
(379;301;8353)
(379;301;8353)
(380;301;8370)
(380;302;8370)
(380;302;8370)
(380;302;8386)
(381;302;8386)
(381;302;8404)
(381;302;8420)
(381;303;8420)
(381;303;8420)
(382;303;8436)
(382;303;8436)
(382;303;8453)
(382;303;8453)
(383;303;8470)
(383;304;8470)
(383;304;8487)
(384;304;8488)
(384;304;8488)
(385;304;8503)
(385;304;8503)
(385;304;8521)
(386;304;8537)
(386;305;8537)
(387;305;8570)
(387;305;8570)
(387;305;8570)
(388;305;8586)
(388;305;8587)
(389;305;8603)
(389;306;8603)
(389;306;8604)
(390;306;8620)
(391;306;8621)
(391;306;8637)
(392;307;8638)
(392;307;8653)
(392;307;8653)
(393;307;8670)
(393;307;8671)
(393;307;8671)
(393;307;8687)
(394;307;8688)
(394;307;8703)
(394;308;8703)
(395;308;8720)
(395;308;8720)
(395;308;8737)
(396;308;8737)
(396;308;8737)
(396;309;8753)
(397;309;8753)
(397;309;8770)
(398;309;8770)
(398;309;8787)
(398;309;8787)
(398;309;8803)
(398;309;8804)
(399;309;8804)
(399;309;8820)
(399;309;8820)
(400;310;8836)
(400;310;8837)
(400;310;8853)
(401;310;8853)
(401;310;8871)
(401;310;8871)
(402;310;8871)
(402;310;8887)
(402;310;8887)
(402;310;8903)
(402;310;8903)
(402;310;8919)
(402;310;8920)
(402;310;8937)
(402;310;8937)
(402;310;8953)
(402;310;8953)
(402;310;8970)
(402;310;8970)
(402;311;8970)
(402;311;8986)
(402;311;8987)
(402;311;9003)
(402;311;9003)
(402;311;9020)
(402;311;9020)
(401;311;9037)
(401;311;9037)
(401;311;9054)
(401;311;9054)
(401;311;9071)
(401;311;9071)
(401;311;9086)
(401;311;9087)
(401;311;9104)
(401;311;9104)
(401;311;9104)
(401;311;9120)
(401;311;9120)
(401;311;9137)
(401;311;9137)
(401;311;9153)
(401;311;9153)
(401;311;9170)
(401;311;9171)
(401;311;9187)
(401;311;9188)
(401;311;9188)
(401;311;9204)
(401;311;9204)
(401;311;9220)
(401;311;9221)
(401;312;9237)
(401;315;9253)
(401;316;9270)
(401;318;9270)
(401;318;9270)
(401;319;9286)
(401;319;9287)
(401;319;9304)
(401;320;9305)
(401;320;9320)
(401;320;9320)
(401;320;9337)
(401;320;9337)
(401;320;9353)
(401;320;9354)
(401;320;9371)
(401;320;9388)
(401;320;9405)
(401;320;9405)
(401;320;9422)
(401;320;9422)
(401;320;9438)
(401;320;9438)
(401;320;9455)
(401;320;9456)
(402;320;9472)
(402;320;9472)
(403;321;9472)
(404;321;9489)
(405;322;9489)
(406;322;9506)
(406;323;9506)
(407;323;9522)
(408;323;9522)
(408;324;9538)
(409;324;9539)
(409;324;9554)
(410;324;9555)
(410;325;9572)
(410;325;9572)
(411;325;9572)
(411;325;9588)
(412;325;9589)
(412;325;9606)
(413;326;9606)
(413;326;9621)
(413;326;9622)
(414;326;9639)
(414;326;9640)
(415;326;9640)
(415;326;9655)
(416;327;9656)
(416;327;9671)
(417;327;9672)
(418;327;9688)
(418;327;9688)
(419;328;9688)
(420;328;9706)
(420;328;9706)
(421;328;9722)
(422;328;9722)
(422;329;9739)
(423;329;9739)
(424;329;9755)
(424;329;9755)
(425;329;9755)
(425;330;9771)
(425;330;9772)
(426;330;9788)
(426;330;9806)
(426;330;9806)
(427;330;9821)
(427;331;9839)
(428;331;9839)
(428;331;9855)
(428;331;9856)
(429;331;9872)
(429;331;9872)
(429;332;9872)
(429;332;9889)
(429;332;9889)
(429;332;9905)
(429;332;9905)
(429;332;9921)
(430;332;9922)
(430;333;9938)
(430;333;9938)
(430;333;9955)
(431;334;9955)
(431;334;9972)
(431;334;9972)
(432;335;9989)
(433;335;9989)
(433;336;9990)
(434;337;10005)
(434;338;10005)
(435;338;10022)
(435;339;10022)
(436;339;10039)
(436;340;10040)
(437;340;10055)
(437;341;10056)
(437;341;10056)
(438;341;10072)
(438;341;10073)
(438;341;10089)
(438;341;10089)
(438;341;10105)
(439;342;10105)
(439;342;10122)
(439;342;10122)
(439;342;10138)
(440;342;10138)
(440;342;10155)
(440;342;10155)
(440;342;10155)
(441;342;10172)
(441;342;10172)
(441;342;10189)
(441;342;10189)
(441;342;10205)
(441;343;10205)
(441;343;10221)
(441;343;10222)
(441;343;10238)
(441;343;10238)
(441;343;10254)
(441;343;10255)
(441;343;10271)
(441;343;10271)
(441;343;10289)
(441;343;10289)
(440;343;10289)
(440;343;10305)
(440;343;10305)
(440;343;10323)
(440;343;10323)
(440;343;10338)
(440;343;10338)
(440;343;10356)
(440;343;10356)
(440;343;10356)
(440;343;10372)
(440;343;10372)
(440;343;10389)
(440;343;10389)
(440;343;10405)
(440;343;10406)
(440;343;10422)
(440;343;10422)
(440;343;10439)
(440;343;10439)
(440;343;10439)
(440;343;10455)
(440;343;10455)
(440;344;10472)
(440;344;10473)
(440;344;10487)
(440;345;10488)
(441;346;10505)
(441;347;10505)
(441;348;10522)
(441;349;10522)
(441;350;10538)
(441;351;10539)
(441;351;10539)
(441;352;10555)
(442;353;10556)
(442;353;10573)
(442;354;10573)
(442;354;10588)
(442;354;10589)
(442;354;10589)
(442;354;10605)
(442;354;10605)
(442;355;10622)
(442;355;10623)
(442;355;10638)
(442;356;10638)
(442;356;10655)
(442;356;10657)
(442;356;10657)
(442;357;10672)
(442;357;10673)
(442;357;10689)
(442;357;10689)
(441;357;10705)
(441;358;10705)
(441;359;10721)
(441;359;10721)
(441;360;10738)
(440;360;10739)
(440;361;10755)
(440;361;10755)
(440;361;10756)
(440;361;10771)
(440;361;10772)
(440;361;10788)
(440;361;10789)
(440;361;10805)
(440;362;10806)
(440;362;10822)
(440;362;10822)
(440;363;10838)
(440;363;10838)
(440;363;10838)
(440;364;10855)
(440;364;10855)
(439;365;10872)
(439;365;10872)
(439;366;10887)
(439;367;10888)
(439;368;10888)
(439;369;10905)
(439;369;10906)
(439;370;10922)
(439;370;10922)
(439;371;10938)
(439;371;10938)
(439;371;10955)
(439;372;10955)
(439;372;10956)
(439;373;10971)
(440;374;10971)
(440;375;10989)
(441;375;10989)
(441;376;11005)
(441;377;11005)
(441;377;11022)
(442;377;11023)
(442;378;11039)
(442;378;11039)
(442;378;11054)
(442;378;11055)
(442;378;11071)
(442;378;11072)
(442;378;11072)
(442;378;11089)
(442;378;11089)
(442;378;11105)
(442;378;11105)
(442;378;11122)
(442;378;11123)
(442;378;11138)
(442;378;11138)
(442;378;11138)
(442;378;11155)
(442;378;11156)
(442;378;11172)
(442;378;11173)
(442;379;11188)
(441;379;11189)
(440;379;11189)
(439;380;11206)
(439;381;11206)
(438;382;11222)
(437;382;11223)
(437;382;11239)
(437;383;11239)
(437;383;11256)
(436;383;11257)
(436;383;11257)
(436;383;11273)
(436;383;11274)
(436;384;11289)
(435;384;11290)
(435;384;11306)
(435;385;11307)
(434;386;11307)
(434;386;11323)
(433;386;11324)
(433;387;11340)
(433;387;11340)
(433;387;11356)
(433;388;11357)
(433;388;11373)
(432;388;11374)
(432;388;11390)
(432;389;11390)
(431;389;11406)
(431;390;11407)
(431;390;11407)
(430;391;11424)
(430;392;11424)
(430;392;11441)
(430;393;11441)
(429;393;11457)
(429;393;11458)
(429;393;11474)
(429;394;11474)
(429;394;11490)
(429;394;11490)
(429;394;11490)
(429;394;11507)
(429;394;11507)
(429;395;11524)
(428;395;11524)
(428;395;11541)
(427;396;11541)
(427;398;11557)
(426;399;11558)
(426;400;11574)
(426;400;11574)
(426;401;11590)
(425;401;11590)
(425;401;11608)
(425;401;11608)
(425;402;11608)
(425;402;11623)
(425;402;11624)
(425;402;11641)
(425;403;11641)
(425;403;11657)
(424;404;11658)
(424;404;11674)
(424;404;11674)
(424;404;11691)
(424;404;11691)
(424;404;11691)
(424;405;11707)
(424;405;11707)
(424;405;11724)
(424;405;11724)
(424;405;11740)
(424;405;11741)
(424;405;11757)
(424;406;11758)
(423;406;11774)
(423;407;11774)
(423;407;11790)
(423;407;11790)
(423;408;11790)
(423;408;11807)
(423;408;11808)
(423;409;11823)
(422;409;11823)
(422;409;11840)
(422;409;11841)
(422;410;11857)
(422;410;11858)
(422;411;11874)
(421;412;11874)
(421;412;11890)
(421;413;11890)
(421;413;11906)
(420;414;11907)
(420;415;11924)
(420;416;11924)
(419;416;11924)
(419;416;11941)
(419;416;11941)
(419;416;11957)
(419;417;11958)
(419;417;11973)
(419;417;11973)
(419;417;11990)
(419;417;11990)
(419;417;12006)
(419;417;12007)
(419;417;12024)
(419;417;12025)
(419;417;12025)
(419;417;12040)
(419;417;12041)
(419;417;12057)
(418;417;12057)
(418;417;12074)
(417;416;12075)
(416;416;12091)
(415;416;12091)
(414;416;12091)
(413;416;12107)
(412;416;12107)
(412;416;12123)
(411;416;12124)
(411;416;12141)
(410;416;12141)
(409;416;12157)
(408;416;12157)
(408;416;12174)
(408;416;12174)
(407;416;12190)
(407;416;12191)
(406;416;12207)
(405;416;12207)
(404;416;12207)
(403;417;12224)
(402;417;12225)
(401;417;12240)
(401;417;12240)
(400;417;12257)
(399;417;12257)
(398;418;12274)
(398;418;12275)
(398;418;12291)
(397;418;12291)
(397;418;12307)
(397;418;12307)
(396;418;12307)
(396;418;12324)
(396;419;12324)
(396;419;12340)
(396;419;12341)
(396;419;12357)
(396;419;12357)
(396;419;12374)
(396;419;12375)
(396;419;12390)
(396;419;12390)
(396;419;12390)
(396;419;12407)
(396;419;12408)
(396;419;12423)
(396;419;12424)
(396;419;12440)
(396;419;12440)
(396;419;12457)
(396;419;12458)
(396;419;12458)
(396;419;12474)
(396;419;12474)
(396;419;12490)
(396;419;12491)
(396;419;12507)
(396;419;12507)
(396;419;12523)
(396;419;12523)
(396;418;12523)
(396;418;12540)
(397;418;12540)
(397;418;12557)
(398;418;12557)
(398;418;12573)
(399;418;12574)
(400;418;12590)
(401;418;12591)
(402;418;12591)
(402;418;12607)
(403;418;12607)
(403;418;12624)
(403;418;12625)
(404;418;12640)
(404;418;12641)
(404;418;12657)
(405;418;12658)
(405;418;12674)
(406;418;12675)
(406;418;12690)
(406;418;12691)
(406;418;12691)
(406;418;12708)
(406;418;12708)
(406;418;12724)
(406;418;12724)
(406;418;12741)
(406;418;12741)
(406;418;12757)
(406;418;12757)
(406;418;12774)
(406;418;12774)
(406;418;12790)
(406;418;12791)
(406;418;12807)
(406;418;12807)
(406;418;12807)
(406;418;12824)
(406;418;12824)
(406;418;12840)
(406;418;12841)
(406;418;12858)
(406;418;12858)
(406;418;12874)
(406;418;12875)
(406;418;12890)
(406;418;12890)
(406;418;12907)
(406;418;12907)
(406;418;12907)
(406;418;12923)
(406;418;12924)
(406;418;12940)
(406;418;12941)
(406;418;12957)
(406;418;12957)
(406;418;12974)
(406;418;12974)
(406;418;12991)
(406;418;12991)
(406;418;12991)
(406;418;13007)
(406;418;13007)
(406;418;13024)
(406;418;13024)
(406;418;13040)
(406;418;13041)
(406;418;13041)
(406;418;13058)
(406;418;13058)
(406;418;13074)
(406;418;13074)
(406;418;13091)
(406;418;13091)
(407;418;13107)
(408;418;13107)
(408;418;13107)
(409;418;13124)
(410;418;13124)
(411;418;13140)
(412;418;13140)
(413;418;13157)
(413;418;13157)
(414;418;13174)
(414;418;13175)
(415;418;13190)
(415;417;13191)
(415;417;13207)
(415;417;13207)
(416;417;13224)
(416;417;13224)
(416;417;13224)
(416;417;13240)
(416;417;13240)
(417;417;13258)
(417;417;13258)
(417;417;13274)
(417;417;13275)
(417;417;13290)
(417;417;13290)
(417;417;13290)
(417;417;13307)
(417;417;13308)
(417;417;13324)
(417;417;13325)
(417;417;13341)
(417;417;13341)
(417;417;13357)
(417;417;13358)
(417;417;13374)
(417;417;13374)
(417;417;13390)
(417;417;13391)
(417;417;13407)
(417;417;13407)
(417;417;13424)
(417;417;13424)
(417;417;13425)
(417;418;13440)
(417;418;13440)
(418;418;13457)
(418;418;13458)
(418;418;13474)
(419;419;13475)
(419;419;13490)
(419;419;13491)
(419;419;13507)
(420;420;13507)
(420;420;13524)
(420;421;13524)
(421;421;13524)
(421;422;13540)
(422;423;13541)
(423;423;13557)
(423;424;13557)
(424;425;13574)
(424;426;13574)
(425;426;13591)
(425;427;13591)
(425;427;13591)
(425;427;13607)
(426;428;13608)
(426;428;13623)
(426;428;13623)
(427;429;13640)
(427;429;13641)
(427;429;13657)
(427;430;13658)
(428;430;13658)
(428;430;13675)
(428;431;13675)
(429;431;13690)
(429;431;13691)
(429;431;13707)
(430;432;13708)
(430;432;13724)
(430;432;13725)
(431;432;13725)
(431;432;13740)
(431;432;13741)
(431;433;13757)
(431;433;13758)
(431;433;13775)
(431;433;13775)
(431;433;13775)
(431;433;13790)
(431;433;13807)
(431;433;13807)
(431;433;13824)
(431;433;13824)
(431;433;13841)
(432;433;13841)
(432;433;13841)
(432;433;13857)
(432;433;13858)
(432;433;13874)
(432;433;13875)
(432;433;13875)
(433;434;13890)
(433;434;13890)
(433;434;13907)
(433;434;13908)
(433;434;13925)
(433;434;13925)
(433;434;13941)
(433;434;13942)
(433;434;13957)
(433;434;13957)
(433;434;13957)
(433;434;13974)
(433;434;13974)
(432;434;13991)
(432;434;13992)
(432;434;14007)
(432;434;14007)
(432;434;14024)
(432;434;14025)
(432;434;14025)
(432;434;14041)
(432;434;14041)
(432;434;14058)
(432;434;14058)
(432;434;14074)
(432;434;14074)
(432;434;14090)
(432;434;14091)
(432;434;14091)
(432;434;14107)
(432;434;14108)
(432;434;14124)
(432;434;14124)
(432;434;14141)
(432;434;14141)
(432;434;14157)
(432;434;14158)
(432;434;14175)
(432;434;14175)
(432;434;14175)
(432;434;14190)
(432;434;14191)
(432;434;14208)
(432;434;14208)
(432;434;14224)
(432;434;14224)
(432;434;14241)
(432;434;14241)
(432;434;14257)
(433;433;14257)
(433;433;14257)
(433;433;14275)
(433;433;14275)
(433;433;14291)
(433;433;14291)
(433;433;14308)
(433;433;14308)
(433;433;14308)
(433;433;14324)
(433;433;14324)
(433;433;14341)
(433;433;14341)
(433;433;14357)
(433;433;14357)
(433;433;14375)
(434;433;14375)
(434;433;14375)
(434;433;14390)
(434;433;14407)
(434;433;14407)
(434;433;14407)
(434;433;14425)
(434;433;14425)
(434;433;14441)
(434;433;14441)
(434;433;14457)
(434;433;14457)
(434;433;14474)
(434;433;14475)
(434;433;14490)
(434;433;14491)
(434;433;14491)
(434;433;14508)
(434;433;14508)
(434;433;14524)
(434;432;14524)
(434;432;14540)
(434;432;14541)
(434;432;14557)
(434;432;14558)
(434;432;14558)
(434;432;14574)
(434;432;14574)
(434;432;14591)
(434;432;14591)
(434;432;14607)
(434;432;14607)
(434;432;14607)
(434;432;14624)
(434;432;14624)
(434;432;14641)
(434;432;14641)
(434;432;14657)
(434;432;14657)
(434;432;14674)
(434;432;14674)
(434;432;14690)
(434;432;14690)
(434;432;14707)
(434;432;14707)
(434;432;14707)
(434;432;14725)
(434;432;14725)
(434;432;14741)
(434;432;14741)
(434;432;14757)
(434;432;14758)
(434;432;14774)
(434;432;14774)
(434;432;14791)
(434;432;14792)
(434;432;14792)
(434;432;14808)
(434;432;14808)
(434;432;14823)
(434;432;14824)
(434;432;14841)
(434;432;14841)
(434;432;14857)
(434;432;14857)
(434;432;14857)
(434;432;14875)
(434;432;14875)
(434;432;14890)
(434;432;14890)
(434;432;14907)
(434;432;14907)
(434;432;14923)
(434;432;14941)
(434;432;14941)
(434;432;14941)
(434;432;14958)
(434;432;14958)
(434;432;14974)
(434;432;14974)
(434;432;14991)
(434;432;14991)
(434;432;14991)
(434;432;15007)
(434;432;15008)
(434;432;15025)
(434;432;15025)
(434;432;15041)
(434;432;15058)
(434;432;15058)
(434;432;15074)
(434;432;15074)
(434;432;15091)
(434;432;15091)
(434;432;15091)
(434;432;15107)
(434;432;15108)
(434;432;15124)
(434;432;15124)
(434;432;15141)
(434;432;15141)
(434;432;15157)
(434;432;15157)
(434;432;15157)
(434;432;15173)
(434;432;15173)
(434;432;15190)
(434;432;15190)
(434;432;15208)
(434;432;15208)
(434;432;15208)
(434;432;15225)
(434;432;15225)
(434;432;15241)
(434;432;15241)
(434;432;15257)
(434;432;15258)
(434;432;15274)
(434;432;15274)
(434;432;15291)
(434;432;15291)
(434;432;15291)
(434;432;15308)
(434;432;15308)
(434;432;15324)
(434;432;15325)
(434;432;15340)
(434;432;15341)
(434;432;15357)
(434;432;15357)
(434;432;15374)
(434;432;15375)
(434;432;15375)
(434;432;15391)
(434;432;15391)
(434;432;15408)
(434;432;15408)
(434;432;15425)
(434;432;15425)
(434;433;15441)
(435;433;15441)
(435;433;15457)
(436;434;15457)
(436;434;15457)
(436;434;15474)
(437;435;15475)
(437;435;15490)
(438;435;15490)
(438;436;15507)
(439;436;15507)
(439;436;15507)
(439;437;15525)
(440;437;15525)
(440;437;15541)
(441;437;15541)
(441;438;15558)
(441;438;15558)
(441;438;15574)
(441;438;15574)
(441;438;15590)
(441;438;15591)
(442;438;15591)
(442;438;15607)
(442;439;15607)
(442;439;15625)
(442;439;15625)
(442;439;15640)
(443;440;15641)
(443;440;15657)
(444;441;15657)
(444;441;15674)
(444;442;15675)
(445;442;15675)
(445;443;15690)
(445;443;15691)
(446;444;15707)
(446;444;15708)
(447;445;15724)
(447;445;15724)
(447;446;15741)
(447;446;15741)
(447;446;15758)
(448;446;15758)
(448;446;15758)
(448;446;15774)
(448;446;15774)
(448;446;15791)
(448;446;15791)
(448;446;15807)
(448;446;15808)
(448;446;15808)
(448;446;15824)
(448;446;15824)
(448;446;15841)
(448;446;15841)
(448;446;15857)
(448;446;15858)
(448;446;15874)
(448;446;15874)
(448;446;15890)
(448;446;15891)
(448;446;15907)
(449;446;15908)
(449;446;15908)
(449;447;15924)
(450;447;15924)
(451;447;15940)
(452;448;15941)
(453;448;15957)
(454;449;15957)
(456;450;15974)
(457;450;15974)
(458;451;15991)
(460;451;15991)
(460;452;15991)
(461;452;16008)
(462;453;16008)
(462;453;16024)
(463;453;16024)
(463;453;16041)
(464;454;16041)
(464;454;16041)
(465;454;16057)
(465;454;16057)
(466;455;16075)
(467;455;16075)
(468;456;16091)
(469;456;16091)
(470;456;16107)
(471;457;16108)
(472;457;16108)
(473;458;16124)
(474;458;16125)
(474;458;16141)
(475;458;16142)
(475;458;16158)
(475;458;16158)
(476;459;16174)
(477;459;16174)
(477;459;16191)
(478;460;16192)
(479;460;16192)
(479;460;16207)
(480;460;16207)
(480;460;16224)
(481;460;16241)
(481;461;16241)
(482;461;16241)
(482;461;16257)
(483;461;16258)
(484;462;16274)
(485;462;16274)
(486;462;16291)
(486;462;16291)
(487;462;16291)
(487;462;16307)
(487;462;16307)
(488;463;16324)
(488;463;16325)
(488;463;16340)
(488;463;16341)
(488;463;16341)
(489;463;16358)
(489;464;16358)
(490;464;16374)
(490;464;16374)
(491;464;16391)
(492;465;16391)
(493;465;16407)
(493;466;16407)
(493;466;16424)
(494;466;16425)
(494;467;16441)
(494;467;16441)
(494;467;16458)
(494;467;16458)
(495;468;16474)
(495;468;16474)
(495;468;16491)
(496;469;16491)
(497;470;16491)
(497;471;16507)
(498;471;16507)
(498;472;16524)
(499;473;16524)
(499;473;16541)
(500;474;16541)
(500;475;16557)
(501;475;16558)
(501;476;16574)
(502;477;16575)
(502;477;16591)
(502;478;16592)
(503;478;16592)
(503;479;16607)
(504;479;16608)
(504;480;16624)
(504;480;16624)
(504;480;16640)
(504;480;16641)
(505;480;16641)
(505;480;16657)
(505;480;16657)
(505;480;16674)
(505;480;16674)
(505;480;16690)
(505;480;16691)
(505;480;16707)
(505;480;16708)
(505;480;16708)
(505;480;16724)
(505;480;16741)
(505;480;16742)
(505;480;16742)
(505;480;16758)
(505;480;16758)
(506;480;16774)
(506;480;16775)
(506;480;16792)
(506;479;16792)
(507;478;16793)
(508;478;16809)
(509;477;16809)
(509;475;16826)
(510;475;16826)
(511;474;16843)
(511;473;16843)
(511;473;16844)
(512;473;16859)
(512;472;16860)
(513;472;16876)
(513;471;16876)
(514;471;16893)
(515;470;16894)
(515;470;16910)
(515;470;16910)
(516;469;16926)
(516;469;16926)
(516;469;16942)
(517;469;16943)
(517;468;16943)
(518;467;16959)
(519;466;16959)
(520;466;16976)
(520;465;16977)
(521;464;16993)
(521;464;16993)
(521;464;17009)
(522;463;17010)
(522;463;17010)
(522;463;17026)
(523;463;17026)
(523;462;17042)
(523;462;17043)
(524;461;17059)
(525;460;17059)
(525;459;17077)
(526;458;17077)
(526;458;17077)
(527;457;17093)
(527;457;17093)
(527;456;17109)
(527;456;17109)
(528;456;17126)
(528;455;17126)
(528;455;17143)
(528;455;17144)
(529;454;17159)
(529;454;17160)
(529;454;17160)
(529;454;17178)
(529;453;17193)
(530;453;17193)
(530;453;17210)
(530;453;17227)
(530;452;17244)
(530;452;17245)
(531;451;17245)
(531;451;17261)
(532;449;17277)
(532;449;17294)
(533;449;17294)
(533;448;17311)
(533;448;17312)
(533;448;17312)
(533;448;17328)
(533;448;17328)
(533;448;17344)
(533;448;17345)
(533;447;17362)
(533;447;17378)
(534;447;17378)
(534;447;17378)
(534;447;17378)
(534;446;17395)
(535;446;17395)
(535;446;17412)
(535;445;17412)
(536;445;17428)
(536;445;17428)
(536;445;17428)
(536;444;17444)
(536;444;17444)
(536;444;17462)
(536;444;17462)
(536;444;17478)
(536;444;17478)
(536;444;17494)
(536;444;17494)
(536;444;17511)
(536;444;17512)
(536;444;17512)
(536;444;17527)
(536;444;17528)
(537;444;17545)
(537;444;17545)
(537;444;17560)
(538;444;17561)
(538;444;17578)
(539;444;17578)
(540;444;17594)
(540;444;17595)
(541;444;17595)
(541;444;17611)
(542;444;17611)
(543;444;17627)
(544;444;17627)
(544;444;17645)
(545;444;17645)
(546;443;17661)
(548;443;17661)
(549;443;17661)
(549;443;17678)
(550;443;17678)
(551;443;17695)
(552;443;17695)
(554;443;17711)
(555;443;17712)
(556;442;17728)
(557;442;17728)
(558;442;17744)
(559;442;17744)
(559;442;17744)
(560;442;17760)
(560;442;17761)
(561;442;17778)
(561;442;17778)
(562;442;17794)
(562;442;17795)
(563;441;17812)
(564;441;17812)
(565;441;17828)
(567;440;17828)
(568;440;17828)
(569;440;17844)
(570;440;17845)
(570;440;17861)
(570;439;17861)
(570;439;17878)
(571;439;17878)
(571;439;17894)
(571;439;17895)
(571;439;17895)
(572;439;17911)
(572;439;17912)
(573;439;17928)
(574;439;17929)
(574;439;17945)
(574;439;17946)
(574;439;17961)
(574;439;17961)
(575;439;17961)
(575;439;17978)
(575;439;17978)
(576;439;17995)
(576;439;17995)
(577;439;18011)
(577;439;18012)
(578;439;18027)
(578;439;18027)
(578;438;18028)
(579;438;18044)
(579;438;18044)
(579;438;18060)
(579;438;18061)
(580;438;18078)
(580;438;18078)
(580;438;18095)
(580;438;18095)
(580;438;18111)
(580;438;18111)
(580;438;18128)
(580;438;18129)
(580;438;18144)
(580;438;18144)
(580;438;18161)
(580;438;18162)
(580;438;18177)
(580;438;18178)
(580;438;18194)
(580;438;18194)
(580;438;18212)
(581;438;18212)
(581;437;18212)
(581;437;18228)
(582;437;18228)
(582;436;18244)
(582;436;18245)
(582;435;18261)
(583;435;18261)
(583;434;18262)
(584;434;18278)
(584;433;18278)
(584;432;18295)
(585;431;18295)
(585;431;18312)
(586;429;18312)
(586;428;18327)
(587;427;18328)
(587;426;18328)
(588;425;18345)
(588;423;18361)
(589;421;18362)
(590;420;18362)
(590;419;18378)
(590;419;18378)
(590;418;18394)
(591;417;18394)
(591;417;18412)
(591;416;18412)
(591;416;18412)
(591;416;18428)
(591;415;18428)
(592;414;18445)
(592;413;18446)
(592;412;18461)
(593;412;18461)
(593;411;18478)
(593;410;18479)
(593;410;18479)
(593;409;18494)
(594;409;18512)
(594;409;18512)
(594;409;18512)
(594;408;18528)
(594;408;18528)
(594;408;18545)
(594;408;18545)
(594;408;18562)
(594;408;18562)
(594;408;18562)
(594;408;18578)
(594;408;18579)
(594;408;18594)
(594;408;18595)
(594;408;18611)
(594;408;18611)
(594;407;18628)
(594;407;18628)
(594;407;18628)
(594;407;18644)
(594;407;18645)
(595;406;18662)
(595;406;18662)
(595;406;18678)
(595;406;18678)
(595;405;18695)
(595;405;18695)
(596;404;18695)
(596;404;18711)
(596;403;18712)
(597;403;18728)
(597;402;18728)
(597;402;18744)
(597;401;18745)
(597;401;18760)
(598;400;18761)
(598;400;18778)
(598;399;18778)
(599;398;18794)
(599;397;18794)
(599;397;18810)
(600;396;18811)
(600;396;18811)
(600;395;18827)
(600;395;18828)
(601;395;18845)
(601;394;18845)
(601;394;18861)
(601;394;18861)
(601;393;18861)
(601;393;18878)
(601;392;18878)
(601;392;18894)
(602;392;18894)
(602;391;18911)
(602;391;18911)
(602;391;18927)
(602;391;18927)
(602;391;18927)
(602;391;18945)
(602;391;18945)
(602;391;18960)
(602;391;18961)
(602;391;18977)
(602;391;18977)
(602;391;18994)
(602;391;18994)
(602;391;19011)
(602;391;19011)
(602;391;19011)
(602;391;19027)
(603;391;19028)
(604;390;19045)
(606;390;19045)
(607;390;19061)
(608;390;19061)
(609;390;19078)
(610;390;19078)
(612;389;19094)
(614;389;19095)
(615;389;19095)
(616;389;19111)
(617;389;19111)
(618;389;19127)
(618;389;19128)
(618;389;19144)
(618;389;19144)
(618;389;19161)
(618;389;19161)
(618;389;19161)
(618;389;19178)
(618;389;19178)
(619;388;19194)
(619;388;19195)
(619;388;19210)
(619;388;19211)
(619;388;19228)
(619;388;19228)
(619;388;19228)
(619;388;19244)
(619;388;19244)
(619;388;19261)
(619;388;19261)
(619;388;19277)
(619;388;19277)
(620;388;19294)
(620;388;19295)
(620;388;19295)
(620;388;19311)
(620;388;19311)
(620;388;19327)
(620;388;19328)
(620;387;19344)
(620;387;19344)
(620;387;19361)
(620;387;19361)
(620;386;19377)
(621;384;19378)
(621;382;19394)
(621;380;19394)
(621;378;19411)
(621;377;19411)
(622;375;19411)
(622;373;19427)
(622;372;19428)
(622;371;19444)
(622;371;19444)
(622;371;19460)
(622;371;19461)
(622;371;19461)
(622;371;19478)
(622;371;19478)
(622;371;19494)
(622;370;19495)
(622;370;19511)
(622;370;19511)
(622;370;19527)
(622;370;19528)
(622;370;19528)
(622;370;19544)
(622;369;19544)
(622;369;19561)
(623;368;19562)
(623;368;19577)
(623;367;19578)
(624;366;19594)
(624;366;19595)
(624;365;19595)
(625;364;19611)
(626;363;19611)
(627;362;19627)
(628;361;19627)
(629;360;19644)
(629;360;19644)
(630;359;19660)
(630;359;19660)
(630;359;19678)
(630;359;19678)
(630;359;19695)
(630;359;19695)
(630;359;19695)
(630;358;19711)
(630;358;19711)
(630;358;19727)
(630;357;19728)
(630;356;19744)
(630;355;19744)
(630;354;19761)
(630;352;19761)
(630;350;19762)
(629;348;19778)
(629;347;19778)
(628;346;19794)
(628;345;19794)
(628;344;19810)
(628;343;19811)
(627;342;19827)
(627;342;19828)
(627;341;19844)
(627;341;19844)
(627;341;19844)
(627;341;19860)
(627;341;19861)
(627;341;19877)
(627;341;19878)
(627;341;19894)
(627;341;19895)
(627;341;19895)
(627;341;19911)
(627;341;19912)
(627;340;19928)
(628;340;19928)
(629;340;19945)
(629;339;19945)
(630;339;19961)
(631;339;19962)
(632;339;19977)
(632;339;19977)
(633;338;19994)
(634;338;19994)
(634;338;20011)
(635;338;20011)
(636;338;20011)
(637;338;20027)
(637;338;20027)
(638;338;20044)
(639;338;20045)
(640;337;20061)
(640;337;20061)
(640;337;20062)
(641;337;20077)
(641;337;20078)
(642;337;20095)
(642;337;20095)
(642;337;20111)
(642;337;20111)
(643;337;20128)
(643;337;20128)
(643;337;20128)
(643;337;20144)
(644;337;20144)
(644;337;20161)
(645;337;20161)
(645;337;20177)
(646;337;20178)
(646;337;20195)
(647;337;20195)
(647;337;20210)
(647;338;20211)
(648;338;20211)
(648;338;20227)
(648;338;20227)
(648;338;20244)
(649;338;20244)
(649;338;20261)
(649;338;20262)
(649;338;20278)
(649;338;20278)
(649;338;20294)
(649;338;20295)
(649;339;20311)
(649;339;20312)
(649;339;20312)
(649;339;20327)
(649;339;20328)
(649;339;20344)
(649;339;20345)
(650;339;20361)
(650;339;20362)
(650;339;20362)
(650;339;20377)
(650;339;20377)
(650;339;20395)
(650;339;20395)
(650;339;20411)
(650;339;20411)
(650;339;20427)
(650;339;20427)
(650;339;20427)
(650;339;20444)
(650;339;20445)
(650;339;20461)
(650;339;20462)
(650;339;20478)
(650;339;20478)
(650;339;20495)
(650;339;20495)
(650;339;20495)
(650;339;20511)
(650;338;20512)
(650;338;20528)
(650;338;20528)
(650;338;20545)
(650;338;20545)
(650;338;20561)
(650;338;20561)
(650;338;20578)
(650;338;20578)
(650;338;20594)
(650;338;20595)
(650;338;20611)
(650;338;20611)
(650;337;20611)
(650;337;20628)
(650;337;20628)
(650;337;20645)
(650;337;20645)
(650;337;20661)
(650;337;20661)
(650;337;20661)
(650;337;20677)
(650;337;20678)
(651;337;20728)
(651;337;20728)
(651;337;20728)
(651;337;20728)
(651;337;20728)
(651;337;20728)
(651;337;20729)
(651;337;20744)
(652;337;20745)
(652;337;20761)
(652;337;20761)
(652;336;20778)
(652;336;20778)
(652;336;20794)
(652;336;20794)
(652;336;20811)
(652;336;20811)
(652;336;20811)
(652;336;20828)
(652;336;20828)
(652;336;20844)
(652;336;20845)
(652;336;20862)
(652;336;20862)
(652;336;20878)
(652;336;20878)
(652;336;20894)
(652;336;20911)
(652;336;20911)
(652;336;20911)
(652;336;20927)
(652;335;20928)
(652;335;20944)
(652;335;20944)
(652;335;20961)
(652;335;20961)
(652;335;20961)
(652;335;20978)
(652;335;20978)
(652;335;20994)
(652;335;20995)
(652;335;21011)
(652;335;21011)
(652;335;21028)
(652;335;21029)
(652;335;21029)
(652;335;21045)
(652;335;21045)
(652;335;21062)
(652;335;21062)
(652;335;21078)
(652;335;21078)
(652;335;21094)
(652;335;21095)
(652;335;21111)
(652;335;21111)
(652;335;21111)
(652;335;21128)
(652;335;21128)
(652;335;21145)
(652;335;21145)
(652;335;21160)
(652;335;21161)
(652;335;21178)
(652;335;21178)
(652;335;21195)
(652;335;21195)
(652;335;21211)
(652;335;21211)
(652;335;21211)
(652;335;21228)
(652;335;21228)
(652;335;21245)
(652;335;21245)
(652;335;21261)
(652;335;21261)
(652;335;21261)
(652;335;21278)
(652;335;21278)
(652;335;21295)
(652;335;21295)
(652;335;21312)
(652;335;21312)
(652;335;21327)
(652;335;21328)
(652;335;21328)
(652;335;21345)
(652;335;21345)
(652;335;21361)
(652;335;21362)
(652;335;21378)
(652;335;21378)
(652;335;21394)
(652;335;21395)
(652;335;21411)
(652;335;21412)
(652;335;21428)
(652;335;21428)
(652;335;21428)
(652;335;21444)
(652;335;21444)
(652;335;21460)
(652;335;21461)
(652;335;21478)
(652;335;21479)
(652;335;21479)
(652;335;21495)
(652;335;21511)
(652;335;21511)
(652;335;21511)
(652;335;21527)
(652;335;21527)
(652;335;21544)
(652;335;21544)
(652;335;21561)
(652;335;21561)
(652;335;21561)
(652;335;21578)
(652;335;21578)
(653;335;21594)
(653;335;21595)
(653;335;21612)
(653;335;21612)
(653;335;21628)
(653;335;21628)
(653;335;21628)
(653;335;21645)
(653;335;21646)
(653;335;21661)
(653;335;21661)
(653;335;21678)
(653;335;21678)
(653;335;21695)
(653;335;21695)
(653;335;21695)
(653;335;21711)
(653;335;21711)
(653;335;21728)
(653;335;21745)
(653;335;21745)
(653;335;21745)
(653;335;21760)
(653;335;21761)
(653;335;21778)
(653;335;21778)
(653;335;21795)
(653;335;21795)
(653;335;21795)
(653;335;21811)
(653;335;21811)
(653;335;21828)
(653;335;21829)
(653;335;21845)
(653;335;21845)
(653;335;21861)
(653;335;21862)
(653;335;21862)
(653;335;21877)
(653;334;21878)
(653;334;21895)
(653;334;21895)
(654;333;21911)
(654;332;21911)
(655;331;21928)
(655;330;21928)
(656;330;21928)
(656;329;21944)
(656;328;21944)
(656;327;21961)
(657;327;21962)
(657;326;21978)
(657;326;21978)
(658;325;21994)
(658;325;21995)
(658;324;21995)
(658;324;22011)
(658;323;22011)
(658;323;22029)
(659;322;22029)
(659;322;22044)
(659;322;22044)
(659;322;22061)
(659;321;22061)
(659;321;22078)
(659;320;22078)
(659;319;22095)
(659;318;22095)
(659;317;22095)
(659;316;22111)
(659;315;22111)
(660;315;22128)
(660;314;22128)
(660;313;22144)
(660;312;22145)
(660;311;22161)
(660;311;22161)
(660;311;22161)
(660;310;22178)
(660;310;22178)
(660;309;22195)
(660;309;22195)
(661;308;22211)
(661;307;22211)
(661;307;22228)
(661;307;22228)
(661;307;22228)
(661;306;22244)
(662;306;22245)
(662;306;22262)
(662;305;22262)
(663;305;22277)
(663;305;22277)
(664;305;22294)
(664;304;22295)
(665;304;22295)
(665;304;22311)
(666;304;22312)
(666;303;22329)
(667;303;22329)
(668;303;22345)
(668;302;22345)
(669;302;22361)
(669;302;22362)
(669;302;22378)
(669;302;22378)
(669;302;22395)
(669;302;22395)
(669;302;22395)
(669;302;22411)
(669;302;22411)
(669;302;22429)
(669;302;22429)
(669;302;22444)
(669;302;22444)
(669;302;22461)
(669;302;22462)
(669;302;22462)
(669;302;22478)
(669;302;22478)
(669;302;22494)
(669;302;22495)
(669;302;22512)
(669;302;22512)
(669;302;22527)
(669;302;22528)
(669;302;22528)
(669;302;22545)
(669;302;22545)
(669;302;22561)
(669;302;22562)
(669;302;22578)
(669;302;22578)
(669;302;22594)
(669;302;22595)
(669;303;22611)
(669;304;22611)
(670;306;22611)
(670;308;22628)
(670;311;22629)
(670;312;22644)
(669;313;22644)
(667;313;22660)
(665;313;22660)
(663;314;22678)
(660;314;22678)
(658;315;22694)
