(18;219;0)
(18;218;182)
(18;217;183)
(18;217;199)
(18;217;199)
(18;216;215)
(18;215;215)
(18;214;232)
(18;213;233)
(18;212;233)
(18;212;249)
(18;211;249)
(18;210;266)
(18;210;266)
(18;209;282)
(18;209;282)
(18;209;297)
(18;209;298)
(18;209;316)
(18;208;316)
(18;208;316)
(19;208;332)
(19;207;332)
(19;207;348)
(19;207;349)
(19;207;366)
(19;206;366)
(19;206;382)
(20;205;383)
(20;205;383)
(20;205;398)
(20;205;398)
(20;205;415)
(20;204;416)
(20;204;432)
(20;203;432)
(20;203;432)
(20;202;448)
(20;202;448)
(20;201;466)
(21;200;466)
(21;200;482)
(21;199;483)
(21;199;500)
(21;198;500)
(21;197;500)
(21;196;516)
(22;195;516)
(22;195;533)
(22;194;533)
(22;194;549)
(22;194;550)
(22;194;566)
(22;194;566)
(22;194;583)
(22;194;583)
(22;194;583)
(22;194;599)
(22;193;599)
(23;193;617)
(23;193;617)
(23;193;632)
(23;193;633)
(23;193;649)
(23;193;650)
(23;193;666)
(23;193;666)
(23;190;682)
(23;189;683)
(23;188;700)
(23;187;700)
(23;186;716)
(23;185;716)
(23;184;733)
(23;183;734)
(23;183;734)
(23;182;749)
(23;182;750)
(23;181;765)
(23;181;766)
(23;180;783)
(23;179;783)
(23;179;800)
(23;178;800)
(23;178;800)
(23;177;816)
(22;176;816)
(22;176;832)
(22;175;832)
(22;175;850)
(22;174;850)
(21;174;866)
(21;174;866)
(21;173;883)
(21;173;883)
(21;173;884)
(21;172;899)
(21;172;899)
(20;172;916)
(20;171;916)
(19;170;932)
(19;169;932)
(19;168;950)
(18;167;950)
(18;166;966)
(18;165;967)
(17;164;983)
(17;163;983)
(17;163;983)
(17;162;999)
(17;161;999)
(16;160;1016)
(16;160;1017)
(16;159;1032)
(16;158;1033)
(16;158;1033)
(16;157;1050)
(15;156;1050)
(15;155;1066)
(15;154;1067)
(15;154;1083)
(15;153;1083)
(15;153;1100)
(15;153;1100)
(15;153;1100)
(15;153;1116)
(15;153;1116)
(15;153;1133)
(15;152;1133)
(15;152;1149)
(15;152;1150)
(15;152;1166)
(15;152;1167)
(15;152;1183)
(15;152;1183)
(16;153;1199)
(16;153;1199)
(16;153;1199)
(17;154;1216)
(17;154;1216)
(18;154;1233)
(19;154;1233)
(20;155;1249)
(20;155;1250)
(21;155;1266)
(22;155;1266)
(22;155;1283)
(23;156;1283)
(23;156;1283)
(23;156;1299)
(23;156;1300)
(24;156;1316)
(24;156;1316)
(24;156;1333)
(24;156;1333)
(25;156;1349)
(26;156;1349)
(27;156;1365)
(27;156;1366)
(28;156;1382)
(28;156;1383)
(29;156;1399)
(29;156;1399)
(29;156;1399)
(29;156;1416)
(29;156;1416)
(29;156;1433)
(29;156;1433)
(29;156;1449)
(29;156;1450)
(29;156;1466)
(29;156;1466)
(30;156;1482)
(30;156;1482)
(30;156;1500)
(30;156;1500)
(30;156;1500)
(30;156;1516)
(30;156;1516)
(30;156;1533)
(30;156;1550)
(30;156;1550)
(30;156;1550)
(30;156;1566)
(30;156;1567)
(30;155;1567)
(30;155;1582)
(30;155;1582)
(30;155;1600)
(30;155;1600)
(31;155;1616)
(31;155;1616)
(31;155;1632)
(31;155;1633)
(31;155;1633)
(31;155;1650)
(31;155;1650)
(31;155;1666)
(31;155;1666)
(31;155;1682)
(32;154;1682)
(32;154;1699)
(32;154;1699)
(32;154;1699)
(32;154;1716)
(33;154;1716)
(33;153;1733)
(33;153;1733)
(34;153;1749)
(34;153;1749)
(34;153;1766)
(35;153;1767)
(35;153;1783)
(35;152;1783)
(35;152;1783)
(36;152;1800)
(36;152;1800)
(36;152;1816)
(36;152;1816)
(36;152;1833)
(36;152;1833)
(36;152;1850)
(36;152;1850)
(37;152;1866)
(37;152;1866)
(37;152;1867)
(37;152;1883)
(37;152;1883)
(37;152;1899)
(37;153;1899)
(37;153;1915)
(37;153;1916)
(37;153;1933)
(37;153;1933)
(38;153;1933)
(38;153;1949)
(38;154;1949)
(38;154;1966)
(38;154;1966)
(39;154;1983)
(39;154;1983)
(40;155;1999)
(40;156;1999)
(40;156;2016)
(41;157;2016)
(41;157;2017)
(42;158;2033)
(42;158;2033)
(42;159;2049)
(42;159;2049)
(43;160;2066)
(43;160;2066)
(43;160;2083)
(43;160;2083)
(44;161;2099)
(44;161;2099)
(44;162;2099)
(45;162;2116)
(46;163;2117)
(46;163;2132)
(46;164;2133)
(47;164;2149)
(47;165;2150)
(48;166;2166)
(48;166;2167)
(48;167;2167)
(49;167;2182)
(49;168;2183)
(50;168;2199)
(50;168;2199)
(50;168;2216)
(50;169;2216)
(51;169;2233)
(51;170;2233)
(51;170;2233)
(52;170;2250)
(52;170;2250)
(52;170;2267)
(53;171;2267)
(53;171;2282)
(53;171;2283)
(53;171;2300)
(53;171;2300)
(53;171;2300)
(54;171;2316)
(54;171;2316)
(54;171;2333)
(54;171;2333)
(54;171;2349)
(55;170;2349)
(56;170;2366)
(57;170;2382)
(57;170;2383)
(58;170;2400)
(58;170;2400)
(59;169;2400)
(59;169;2416)
(59;169;2416)
(60;169;2433)
(60;169;2433)
(61;169;2450)
(61;169;2466)
(62;169;2467)
(62;169;2483)
(63;169;2483)
(64;169;2483)
(65;169;2499)
(65;169;2500)
(66;169;2516)
(67;169;2516)
(67;168;2532)
(68;168;2533)
(68;168;2533)
(69;168;2549)
(69;168;2549)
(69;168;2566)
(70;168;2567)
(70;168;2583)
(70;168;2584)
(71;168;2600)
(71;167;2600)
(72;167;2615)
(72;167;2616)
(72;167;2633)
(73;167;2634)
(73;167;2650)
(73;167;2650)
(73;167;2666)
(74;166;2667)
(74;166;2683)
(75;166;2683)
(75;166;2699)
(76;166;2699)
(76;166;2716)
(77;166;2717)
(78;165;2717)
(79;165;2733)
(80;165;2733)
(80;165;2749)
(81;164;2750)
(81;164;2766)
(82;164;2766)
(82;164;2766)
(82;164;2783)
(82;164;2783)
(82;164;2799)
(82;164;2799)
(83;164;2815)
(83;164;2816)
(83;164;2833)
(83;164;2833)
(83;164;2834)
(83;164;2849)
(83;164;2850)
(83;164;2866)
(84;164;2867)
(84;164;2882)
(84;164;2883)
(84;164;2883)
(85;164;2899)
(85;164;2916)
(85;164;2916)
(85;164;2916)
(85;164;2932)
(86;164;2933)
(86;164;2950)
(86;164;2950)
(86;164;2967)
(86;164;2967)
(86;164;2983)
(86;165;2983)
(86;165;2999)
(86;165;3000)
(86;165;3000)
(87;165;3016)
(87;166;3016)
(88;166;3032)
(88;167;3033)
(88;167;3050)
(89;168;3051)
(89;169;3067)
(90;170;3067)
(90;170;3083)
(91;171;3083)
(91;172;3083)
(92;173;3099)
(92;174;3100)
(92;174;3116)
(93;175;3116)
(93;175;3133)
(93;175;3133)
(93;175;3133)
(93;176;3149)
(94;176;3150)
(94;177;3166)
(95;178;3166)
(95;178;3182)
(96;179;3183)
(96;180;3199)
(97;180;3200)
(97;181;3216)
(97;181;3216)
(97;181;3217)
(98;181;3233)
(98;182;3234)
(99;183;3249)
(99;183;3266)
(99;183;3267)
(100;183;3283)
(100;184;3283)
(100;184;3299)
(100;184;3299)
(101;185;3317)
(101;186;3317)
(102;186;3317)
(102;187;3333)
(103;187;3333)
(103;187;3350)
(103;188;3350)
(104;188;3367)
(104;189;3367)
(104;189;3382)
(105;190;3383)
(105;190;3383)
(106;191;3400)
(106;191;3400)
(106;192;3416)
(106;192;3417)
(106;192;3433)
(106;192;3434)
(107;192;3434)
(107;192;3449)
(107;192;3449)
(107;193;3472)
(107;193;3472)
(107;193;3472)
(107;193;3489)
(107;193;3489)
(107;193;3505)
(107;193;3506)
(107;193;3522)
(107;193;3523)
(107;193;3539)
(107;193;3539)
(107;193;3539)
(107;193;3556)
(107;193;3556)
(107;193;3572)
(107;193;3572)
(107;193;3589)
(107;193;3589)
(107;193;3606)
(107;193;3606)
(107;193;3623)
(107;193;3623)
(107;193;3623)
(107;193;3639)
(107;193;3639)
(107;193;3656)
(107;193;3656)
(107;193;3672)
(107;193;3673)
(107;193;3673)
(107;193;3688)
(107;193;3689)
(107;193;3706)
(107;193;3706)
(107;193;3722)
(107;193;3722)
(107;193;3739)
(107;193;3740)
(107;193;3740)
(107;193;3755)
(107;193;3756)
(107;193;3772)
(107;193;3772)
(107;193;3789)
(107;193;3789)
(107;193;3805)
(107;193;3805)
(107;193;3822)
(107;193;3823)
(107;193;3839)
(107;193;3839)
(107;193;3839)
(107;193;3855)
(107;193;3856)
(107;193;3872)
(107;193;3873)
(107;193;3889)
(107;193;3890)
(107;193;3905)
(107;193;3905)
(107;193;3906)
(107;193;3922)
(107;193;3922)
(107;193;3939)
(107;193;3940)
(107;193;3955)
(107;193;3956)
(107;193;3972)
(107;193;3973)
(107;193;3973)
(107;193;3989)
(107;193;3990)
(107;193;4006)
(107;193;4006)
(107;193;4022)
(107;193;4023)
(107;193;4039)
(107;193;4039)
(107;193;4039)
(107;193;4056)
(107;193;4056)
(107;193;4073)
(107;193;4073)
(107;193;4089)
(107;193;4089)
(107;193;4105)
(107;193;4106)
(107;193;4122)
(107;193;4123)
(107;193;4139)
(107;193;4139)
(107;193;4139)
(107;193;4156)
(107;193;4156)
(107;193;4172)
(107;193;4172)
(107;193;4189)
(107;193;4189)
(107;193;4206)
(107;193;4206)
(107;193;4206)
(107;193;4223)
(107;193;4223)
(107;193;4239)
(107;193;4240)
(107;193;4256)
(107;193;4256)
(107;193;4272)
(107;193;4272)
(107;193;4289)
(107;193;4289)
(107;193;4306)
(107;193;4306)
(107;193;4322)
(107;193;4323)
(107;193;4338)
(107;193;4339)
(107;193;4356)
(107;193;4356)
(107;193;4356)
(107;193;4372)
(107;193;4373)
(107;193;4389)
(107;193;4389)
(107;193;4405)
(107;193;4405)
(107;193;4422)
(107;193;4423)
(107;193;4439)
(107;193;4440)
(107;193;4440)
(107;193;4455)
(107;193;4455)
(107;193;4473)
(107;193;4473)
(107;193;4489)
(107;193;4489)
(107;193;4506)
(107;193;4507)
(107;193;4507)
(107;193;4522)
(107;193;4522)
(107;193;4539)
(107;193;4540)
(107;193;4556)
(107;193;4556)
(107;193;4573)
(107;193;4573)
(107;193;4573)
(107;193;4589)
(107;193;4589)
(107;193;4606)
(107;193;4606)
(107;193;4622)
(107;193;4622)
(107;193;4639)
(107;193;4639)
(107;193;4639)
(107;193;4655)
(107;193;4655)
(107;193;4672)
(107;193;4673)
(107;193;4689)
(107;193;4689)
(107;193;4706)
(107;193;4707)
(107;193;4707)
(108;193;4722)
(108;193;4739)
(108;194;4739)
(109;195;4755)
(110;196;4756)
(110;197;4756)
(111;197;4772)
(111;198;4773)
(112;199;4789)
(112;199;4790)
(112;200;4806)
(113;200;4806)
(113;201;4806)
(114;201;4822)
(114;202;4823)
(114;202;4839)
(114;202;4839)
(114;202;4856)
(114;202;4856)
(115;203;4873)
(115;204;4873)
(116;204;4889)
(116;204;4889)
(116;205;4905)
(117;205;4905)
(117;205;4923)
(117;205;4923)
(117;205;4940)
(117;206;4940)
(117;206;4940)
(117;206;4956)
(118;206;4956)
(118;206;4972)
(119;206;4972)
(120;207;4990)
(120;208;5006)
(121;208;5007)
(121;208;5022)
(121;208;5023)
(122;209;5039)
(122;209;5039)
(123;209;5039)
(123;209;5055)
(123;210;5055)
(123;210;5072)
(123;210;5073)
(123;210;5088)
(123;210;5089)
(123;210;5106)
(123;210;5106)
(123;210;5107)
(123;210;5122)
(123;210;5123)
(123;210;5139)
(124;210;5139)
(124;210;5156)
(124;210;5157)
(124;210;5172)
(124;210;5172)
(125;210;5189)
(125;210;5189)
(125;211;5206)
(125;211;5206)
(126;211;5222)
(126;211;5222)
(126;211;5238)
(126;211;5239)
(126;212;5257)
(126;212;5257)
(127;212;5257)
(127;212;5272)
(127;212;5273)
(127;212;5289)
(127;212;5290)
(127;212;5306)
(127;212;5307)
(127;212;5323)
(127;212;5323)
(127;212;5339)
(127;212;5340)
(127;212;5340)
(127;212;5356)
(127;212;5357)
(127;212;5372)
(127;212;5372)
(127;212;5389)
(127;212;5390)
(127;212;5406)
(127;212;5407)
(127;211;5422)
(127;211;5423)
(127;211;5439)
(127;211;5439)
(127;211;5456)
(127;211;5456)
(127;211;5473)
(127;211;5473)
(127;211;5473)
(127;211;5490)
(127;211;5490)
(127;211;5506)
(127;211;5507)
(127;211;5522)
(127;211;5523)
(128;210;5539)
(129;210;5539)
(130;210;5539)
(132;209;5555)
(133;209;5572)
(134;209;5573)
(134;209;5573)
(135;208;5589)
(135;208;5590)
(135;208;5605)
(135;208;5606)
(135;208;5622)
(135;208;5622)
(135;208;5639)
(136;208;5639)
(136;208;5656)
(136;208;5656)
(136;208;5656)
(136;208;5672)
(136;208;5673)
(136;208;5690)
(136;208;5690)
(136;208;5706)
(136;208;5706)
(136;208;5706)
(137;207;5723)
(138;207;5723)
(139;207;5739)
(139;206;5739)
(140;206;5756)
(140;206;5757)
(140;206;5772)
(140;206;5772)
(140;206;5789)
(140;206;5790)
(140;206;5806)
(140;206;5806)
(140;206;5822)
(140;206;5823)
(141;206;5839)
(141;206;5839)
(142;206;5856)
(143;205;5856)
(144;205;5856)
(144;205;5873)
(145;205;5873)
(145;205;5890)
(145;205;5890)
(145;205;5906)
(145;205;5907)
(145;205;5922)
(145;205;5923)
(145;205;5940)
(145;205;5940)
(145;205;5956)
(146;205;5956)
(146;205;5956)
(146;205;5973)
(146;205;5973)
(147;205;5989)
(147;205;5989)
(148;205;6006)
(148;206;6007)
(148;206;6007)
(149;206;6022)
(149;206;6023)
(149;206;6039)
(150;206;6039)
(150;206;6056)
(150;206;6056)
(150;206;6072)
(150;206;6073)
(150;206;6073)
(150;206;6089)
(150;206;6089)
(150;206;6107)
(150;207;6107)
(150;207;6123)
(150;207;6123)
(151;207;6139)
(151;207;6140)
(151;207;6156)
(151;207;6156)
(151;207;6172)
(151;207;6172)
(151;207;6190)
(151;207;6191)
(151;207;6191)
(151;207;6206)
(151;207;6207)
(151;207;6223)
(151;207;6223)
(151;207;6240)
(151;207;6240)
(152;207;6256)
(152;207;6256)
(153;207;6272)
(154;207;6273)
(155;207;6290)
(155;207;6290)
(155;207;6306)
(155;207;6306)
(156;207;6307)
(156;206;6322)
(156;206;6323)
(156;206;6339)
(156;206;6339)
(156;206;6356)
(156;206;6356)
(156;206;6373)
(156;206;6373)
(156;206;6373)
(157;206;6389)
(157;206;6389)
(157;206;6406)
(157;206;6406)
(157;206;6422)
(157;205;6423)
(157;205;6439)
(157;205;6439)
(157;205;6456)
(157;205;6456)
(158;204;6472)
(158;204;6473)
(158;203;6473)
(159;203;6490)
(159;203;6490)
(159;203;6507)
(159;203;6507)
(159;203;6522)
(159;202;6523)
(159;202;6539)
(159;202;6540)
(159;202;6540)
(159;202;6556)
(159;202;6556)
(159;202;6573)
(159;202;6573)
(159;202;6589)
(159;202;6590)
(159;202;6607)
(159;202;6607)
(159;202;6607)
(159;202;6623)
(159;202;6624)
(160;202;6640)
(160;202;6640)
(160;202;6657)
(161;201;6657)
(161;201;6673)
(161;201;6673)
(162;201;6673)
(163;201;6690)
(163;201;6690)
(163;201;6706)
(164;201;6706)
(164;201;6723)
(164;201;6724)
(164;201;6724)
(164;201;6739)
(164;201;6740)
(164;201;6756)
(164;201;6756)
(164;201;6772)
(165;201;6773)
(165;201;6790)
(165;201;6790)
(165;201;6806)
(165;201;6807)
(165;201;6822)
(165;201;6823)
(166;201;6839)
(166;201;6839)
(166;201;6856)
(166;201;6857)
(166;201;6857)
(166;201;6873)
(166;201;6874)
(166;202;6889)
(167;202;6890)
(167;202;6906)
(168;203;6907)
(169;203;6907)
(169;204;6923)
(170;204;6924)
(170;204;6940)
(170;204;6940)
(170;204;6956)
(170;204;6956)
(170;204;6973)
(170;204;6973)
(170;204;6973)
(170;204;6989)
(170;204;6990)
(170;204;7006)
(170;204;7006)
(170;204;7022)
(170;204;7023)
(170;204;7040)
(170;204;7040)
(171;204;7040)
(171;204;7056)
(172;204;7056)
(173;204;7073)
(174;204;7073)
(175;204;7090)
(175;204;7090)
(175;204;7106)
(175;204;7107)
(176;204;7123)
(176;204;7123)
(177;204;7123)
(178;204;7140)
(178;204;7140)
(179;204;7156)
(180;203;7157)
(180;203;7173)
(181;203;7174)
(181;203;7189)
(182;203;7189)
(183;203;7205)
(184;203;7206)
(184;203;7206)
(185;203;7222)
(186;203;7222)
(186;203;7240)
(186;203;7240)
(187;203;7256)
(187;203;7256)
(187;203;7272)
(187;203;7272)
(187;203;7272)
(188;203;7290)
(188;203;7290)
(189;203;7306)
(190;203;7306)
(190;204;7323)
(191;204;7323)
(192;204;7323)
(193;204;7340)
(193;205;7340)
(194;205;7356)
(194;205;7373)
(195;205;7373)
(195;206;7373)
(195;206;7390)
(195;206;7390)
(196;206;7406)
(196;206;7407)
(197;206;7422)
(197;207;7423)
(198;207;7440)
(198;208;7440)
(199;208;7440)
(199;208;7456)
(199;209;7456)
(200;209;7473)
(200;209;7473)
(200;210;7490)
(200;210;7491)
(201;210;7506)
(201;210;7506)
(201;210;7506)
(201;210;7522)
(201;210;7522)
(201;210;7539)
(201;210;7539)
(201;210;7555)
(201;210;7556)
(201;210;7572)
(201;210;7572)
(201;210;7572)
(201;210;7590)
(201;210;7590)
(201;210;7606)
(201;210;7606)
(201;210;7622)
(201;210;7623)
(202;209;7640)
(202;209;7640)
(203;209;7640)
(203;208;7657)
(204;208;7657)
(205;208;7673)
(205;207;7673)
(205;207;7690)
(206;207;7690)
(207;206;7706)
(207;206;7707)
(208;205;7707)
(208;204;7723)
(209;204;7723)
(209;204;7739)
(210;203;7739)
(210;203;7756)
(211;203;7756)
(211;203;7772)
(211;203;7773)
(211;202;7790)
(211;202;7790)
(211;202;7806)
(211;202;7806)
(211;202;7806)
(211;202;7823)
(211;202;7823)
(211;202;7840)
(211;202;7840)
(211;202;7855)
(211;202;7856)
(211;202;7873)
(211;202;7873)
(211;202;7890)
(211;202;7890)
(211;202;7890)
(211;202;7906)
(211;202;7906)
(211;202;7922)
(211;202;7923)
(211;202;7923)
(211;203;7939)
(211;203;7939)
(211;203;7955)
(211;203;7956)
(211;203;7972)
(211;203;7973)
(212;204;7989)
(212;205;7989)
(213;206;8005)
(213;207;8006)
(214;208;8022)
(214;209;8022)
(214;210;8039)
(215;211;8039)
(215;212;8039)
(215;213;8056)
(216;213;8056)
(216;214;8072)
(217;216;8072)
(217;217;8089)
(217;217;8089)
(217;218;8106)
(218;219;8106)
(218;219;8106)
(218;220;8123)
(218;221;8123)
(218;222;8139)
(218;222;8139)
(219;223;8156)
(219;224;8156)
(219;225;8173)
(220;227;8173)
(220;228;8173)
(220;229;8189)
(221;229;8189)
(221;230;8206)
(221;231;8206)
(221;232;8223)
(221;233;8223)
(221;234;8223)
(222;234;8239)
(222;235;8240)
(222;236;8255)
(222;236;8256)
(222;237;8272)
(222;238;8272)
(222;238;8289)
(222;239;8289)
(223;240;8306)
(223;241;8306)
(223;242;8323)
(223;242;8323)
(223;243;8323)
(223;244;8338)
(223;244;8355)
(224;245;8356)
(224;245;8356)
(224;246;8372)
(224;247;8373)
(225;248;8389)
(225;248;8390)
(225;249;8405)
(225;249;8405)
(225;250;8406)
(226;250;8422)
(226;251;8423)
(226;251;8439)
(226;252;8439)
(226;252;8456)
(226;252;8456)
(226;252;8473)
(226;252;8473)
(226;252;8473)
(226;252;8489)
(226;252;8489)
(226;252;8506)
(226;252;8506)
(226;252;8523)
(226;252;8523)
(226;252;8523)
(226;252;8539)
(226;252;8540)
(226;252;8556)
(226;252;8556)
(226;252;8573)
(226;252;8573)
(226;252;8589)
(226;252;8589)
(226;252;8606)
(226;252;8606)
(227;252;8622)
(227;252;8623)
(227;252;8639)
(227;252;8639)
(227;252;8639)
(227;252;8655)
(227;252;8656)
(227;252;8672)
(227;252;8672)
(227;252;8689)
(227;252;8689)
(227;252;8706)
(227;252;8707)
(227;252;8707)
(227;251;8723)
(227;251;8723)
(228;251;8738)
(228;251;8739)
(228;251;8756)
(228;251;8756)
(228;251;8772)
(228;251;8772)
(228;251;8789)
(228;251;8789)
(229;251;8806)
(229;251;8806)
(229;250;8823)
(229;250;8823)
(229;250;8839)
(229;250;8840)
(229;250;8840)
(229;250;8855)
(229;250;8873)
(229;250;8873)
(229;250;8873)
(229;250;8890)
(229;250;8890)
(229;250;8906)
(229;250;8906)
(230;250;8922)
(230;250;8922)
(230;250;8939)
(230;250;8940)
(230;250;8940)
(230;250;8955)
(230;249;8956)
(230;249;8973)
(231;249;8973)
(232;249;8989)
(233;249;8989)
(234;248;9006)
(236;248;9006)
(238;247;9006)
(240;246;9022)
(242;245;9022)
(243;245;9039)
(245;245;9039)
(245;245;9056)
(246;244;9056)
(246;244;9072)
(246;244;9072)
(246;244;9072)
(246;244;9089)
(246;244;9090)
(246;244;9105)
(246;244;9106)
(246;244;9122)
(246;244;9123)
(246;244;9139)
(246;244;9139)
(246;244;9139)
(246;244;9155)
(247;244;9155)
(247;244;9172)
(248;243;9173)
(249;243;9190)
(249;243;9190)
(250;243;9206)
(251;243;9206)
(252;243;9223)
(253;242;9223)
(254;242;9239)
(255;242;9239)
(256;242;9239)
(257;242;9256)
(258;242;9256)
(259;241;9272)
(260;241;9273)
(261;241;9289)
(262;240;9289)
(264;240;9306)
(265;239;9306)
(267;238;9306)
(268;238;9322)
(269;237;9322)
(270;237;9340)
(271;237;9340)
(271;237;9356)
(272;236;9356)
(272;236;9372)
(273;236;9372)
(273;236;9390)
(274;235;9390)
(274;235;9405)
(275;235;9406)
(277;234;9423)
(278;234;9423)
(279;234;9439)
(280;234;9439)
(280;234;9439)
(281;233;9456)
(282;233;9456)
(283;233;9473)
(285;233;9473)
(285;233;9489)
(286;233;9489)
(287;233;9506)
(287;233;9506)
(287;233;9523)
(288;233;9523)
(289;233;9539)
(290;232;9539)
(291;232;9539)
(292;232;9556)
(293;232;9557)
(294;232;9572)
(295;231;9572)
(297;231;9590)
(298;231;9590)
(299;231;9606)
(302;230;9607)
(303;230;9622)
(304;230;9622)
(305;230;9639)
(306;230;9639)
(306;229;9656)
(306;229;9656)
(308;228;9672)
(309;228;9673)
(310;227;9689)
(311;226;9690)
(312;226;9706)
(312;225;9706)
(313;225;9723)
(314;224;9723)
(315;223;9723)
(315;223;9739)
(316;222;9755)
(316;222;9756)
(316;222;9756)
(316;222;9772)
(316;222;9772)
(317;221;9789)
(317;221;9789)
(318;220;9807)
(318;219;9807)
(319;217;9823)
(320;216;9823)
(321;214;9823)
(321;214;9840)
(322;213;9840)
(322;213;9856)
(322;212;9856)
(322;212;9873)
(322;211;9873)
(323;211;9890)
(323;210;9890)
(323;210;9906)
(324;210;9906)
(324;209;9906)
(324;208;9923)
(325;207;9923)
(325;206;9939)
(326;206;9940)
(326;205;9956)
(327;204;9956)
(327;204;9972)
(327;204;9973)
(327;204;9973)
(327;203;9989)
(327;203;9989)
(328;203;10006)
(328;202;10006)
(329;201;10023)
(330;199;10023)
(331;198;10023)
(332;197;10039)
(332;195;10040)
(333;194;10056)
(334;193;10056)
(335;193;10073)
(335;192;10073)
(336;192;10089)
(337;191;10089)
(338;190;10107)
(340;189;10107)
(341;188;10122)
(343;186;10122)
(344;185;10140)
(346;184;10140)
(347;184;10140)
(348;183;10156)
(349;183;10157)
(350;182;10172)
(350;182;10172)
(351;182;10189)
(352;181;10190)
(352;181;10206)
(352;181;10206)
(352;181;10206)
(352;181;10223)
(352;181;10223)
(352;181;10239)
(352;181;10239)
(352;181;10256)
(352;181;10256)
(352;181;10272)
(352;181;10272)
(353;181;10272)
(353;181;10290)
(354;181;10290)
(355;181;10307)
(356;181;10307)
(358;180;10323)
(359;180;10323)
(361;180;10340)
(362;179;10340)
(364;179;10357)
(365;179;10357)
(366;179;10357)
(368;179;10372)
(369;178;10372)
(370;178;10389)
(371;178;10389)
(373;178;10406)
(374;178;10407)
(375;178;10423)
(376;177;10424)
(377;177;10440)
(378;177;10440)
(379;177;10456)
(380;176;10456)
(381;176;10456)
(383;176;10473)
(384;175;10474)
(385;175;10490)
(386;175;10491)
(387;175;10506)
(388;174;10506)
(389;174;10506)
(389;174;10523)
(390;174;10523)
(391;174;10540)
(391;174;10540)
(392;174;10556)
(392;174;10557)
(392;173;10573)
(392;173;10573)
(392;173;10590)
(392;173;10590)
(392;173;10607)
(392;173;10607)
(392;173;10622)
(392;173;10622)
(392;173;10639)
(392;173;10640)
(392;173;10656)
(392;173;10656)
(392;173;10673)
(392;173;10673)
(392;173;10673)
(392;173;10690)
(392;173;10690)
(392;173;10706)
(391;173;10706)
(389;172;10723)
(387;171;10723)
(384;169;10723)
(381;168;10742)
(375;164;10759)
(372;163;10759)
(365;159;10777)
(362;157;10777)
(359;155;10794)
(357;154;10795)
(355;153;10810)
(353;152;10811)
(351;152;10828)
(350;151;10828)
(349;151;10828)
(349;151;10844)
(348;151;10844)
(348;151;10860)
(348;151;10861)
(347;150;10877)
(347;150;10878)
(347;150;10894)
(347;150;10894)
(347;150;10910)
(347;150;10910)
(347;150;10928)
(347;150;10928)
(347;150;10928)
(347;150;10944)
(347;150;10945)
(347;150;10960)
(347;150;10961)
(347;150;10977)
(347;150;10978)
(348;150;10995)
(348;150;10995)
(348;150;11011)
(349;150;11011)
(350;150;11027)
(351;150;11028)
(352;149;11044)
(353;149;11045)
(354;149;11045)
(356;149;11061)
(357;149;11061)
(359;149;11078)
(360;149;11078)
(361;149;11094)
(362;150;11094)
(363;150;11111)
(363;150;11111)
(364;150;11111)
(364;150;11127)
(365;150;11127)
(365;150;11144)
(365;149;11144)
(366;149;11160)
(367;149;11161)
(367;148;11177)
(368;148;11177)
(370;147;11194)
(371;145;11194)
(373;144;11195)
(375;143;11211)
(377;141;11211)
(378;140;11228)
(380;139;11228)
(382;138;11244)
(384;137;11245)
(386;136;11261)
(387;135;11261)
(389;134;11277)
(391;133;11278)
(392;132;11295)
(393;131;11295)
(394;130;11295)
(395;129;11311)
(396;128;11312)
(397;127;11328)
(398;126;11328)
(398;126;11345)
(399;125;11345)
(400;124;11345)
(401;123;11361)
(402;122;11362)
(403;121;11379)
(403;121;11379)
(404;121;11395)
(404;120;11395)
(405;119;11412)
(405;119;11412)
(406;118;11412)
(407;117;11428)
(409;116;11429)
(410;115;11446)
(410;115;11446)
(411;114;11461)
(412;114;11461)
(413;113;11479)
(414;113;11479)
(415;112;11479)
(416;112;11495)
(417;111;11495)
(419;110;11512)
(419;110;11512)
(420;109;11528)
(421;109;11529)
(422;109;11545)
(422;108;11545)
(423;108;11562)
(423;108;11562)
(423;108;11578)
(423;108;11579)
(423;108;11595)
(423;108;11595)
(423;108;11595)
(423;108;11612)
(423;108;11612)
(423;108;11629)
(423;108;11629)
(423;108;11645)
(423;108;11646)
(423;108;11646)
(423;108;11661)
(423;108;11662)
(423;108;11678)
(423;108;11679)
(423;108;11695)
(423;108;11695)
(423;108;11712)
(423;108;11712)
(423;108;11712)
(423;108;11729)
(423;108;11729)
(423;108;11746)
(423;108;11746)
(423;108;11762)
(423;108;11762)
(423;108;11778)
(423;108;11779)
(423;108;11779)
(423;108;11795)
(423;109;11795)
(423;109;11812)
(423;109;11812)
(423;109;11828)
(423;109;11828)
(423;109;11845)
(423;109;11846)
(423;109;11861)
(423;109;11862)
(423;109;11878)
(423;109;11896)
(423;109;11897)
(423;109;11915)
(423;109;11931)
(423;109;11932)
(423;109;11932)
(423;109;11949)
(423;109;11949)
(423;109;11965)
(423;109;11965)
(423;109;11982)
(423;109;11983)
(423;109;12004)
(423;109;12004)
(423;109;12015)
(423;109;12032)
(423;109;12032)
(423;109;12032)
(423;110;12049)
(423;110;12065)
(423;110;12065)
(423;110;12066)
(423;110;12084)
(423;110;12101)
(423;110;12117)
(423;110;12117)
(423;110;12117)
(423;110;12135)
(423;110;12135)
(423;110;12151)
(423;110;12151)
(423;110;12168)
(423;110;12168)
(423;110;12184)
(423;110;12185)
(423;110;12185)
(423;110;12201)
(423;110;12201)
(423;110;12218)
(423;110;12218)
(423;110;12234)
(423;110;12234)
(423;110;12250)
(423;110;12251)
(423;110;12268)
(423;110;12268)
(423;110;12268)
(423;110;12285)
(423;110;12285)
(423;110;12301)
(423;110;12301)
(423;110;12318)
(423;110;12319)
(423;110;12334)
(423;110;12334)
(423;110;12350)
(423;110;12351)
(423;110;12367)
(423;110;12368)
(423;110;12384)
(423;110;12401)
(423;110;12402)
(423;110;12418)
(423;110;12419)
(423;110;12434)
(423;110;12434)
(423;110;12435)
(423;110;12451)
(423;110;12451)
(423;110;12467)
(423;110;12468)
(423;110;12484)
(423;110;12485)
(423;110;12485)
(423;110;12501)
(423;110;12501)
(423;110;12519)
(423;110;12519)
(423;110;12535)
(423;110;12535)
(423;110;12551)
(423;110;12551)
(423;110;12551)
(423;110;12568)
(423;110;12568)
(423;110;12584)
(423;110;12584)
(423;110;12601)
(423;110;12602)
(423;110;12618)
(423;110;12618)
(423;110;12634)
(423;110;12634)
(423;110;12651)
(423;110;12651)
(423;110;12651)
(423;110;12668)
(423;110;12668)
(423;110;12684)
(423;110;12684)
(423;110;12700)
(423;110;12701)
(423;110;12718)
(423;110;12719)
(423;110;12734)
(423;110;12734)
(423;110;12734)
(423;110;12751)
(423;110;12751)
(423;110;12768)
(423;110;12768)
(423;110;12784)
(423;110;12784)
(423;110;12784)
(423;110;12801)
(423;110;12801)
(423;110;12817)
(423;110;12818)
(423;110;12835)
(423;110;12835)
(423;110;12851)
(424;110;12851)
(425;111;12851)
(426;111;12868)
(427;111;12868)
(428;112;12883)
(430;112;12884)
(431;112;12901)
(432;113;12902)
(433;113;12917)
(434;113;12918)
(436;113;12935)
(437;113;12935)
(438;113;12951)
(439;112;12951)
(440;112;12967)
(442;112;12967)
(443;111;12967)
(445;110;12984)
(447;109;12985)
(449;108;13001)
(451;106;13001)
(452;105;13018)
(453;105;13018)
(454;104;13034)
(455;104;13034)
(455;104;13035)
(456;103;13051)
(457;103;13051)
(457;103;13068)
(458;102;13068)
(459;102;13084)
(459;102;13084)
(459;102;13084)
(460;102;13101)
(460;102;13102)
(460;102;13117)
(460;102;13117)
(460;102;13134)
(460;102;13135)
(460;102;13151)
(460;102;13151)
(460;102;13168)
(460;102;13168)
(460;102;13168)
(460;102;13184)
(460;102;13184)
(460;102;13201)
(460;102;13201)
(460;102;13218)
(460;102;13219)
(460;102;13233)
(460;102;13234)
(460;102;13251)
(460;102;13251)
(460;102;13251)
(460;102;13267)
(460;102;13268)
(460;102;13284)
(460;102;13301)
(460;102;13301)
(460;102;13317)
(460;102;13318)
(460;102;13334)
(460;102;13334)
(460;102;13334)
(460;102;13351)
(461;103;13352)
(461;103;13367)
(462;104;13368)
(463;105;13385)
(464;106;13385)
(465;107;13385)
(466;108;13401)
(467;110;13401)
(468;111;13418)
(469;112;13418)
(469;113;13434)
(470;113;13434)
(471;114;13451)
(471;115;13451)
(472;115;13451)
(473;116;13468)
(474;117;13468)
(475;118;13485)
(476;119;13485)
(477;120;13501)
(478;121;13501)
(479;121;13518)
(480;122;13519)
(482;124;13534)
(483;125;13534)
(484;126;13552)
(486;127;13552)
(487;128;13552)
(488;129;13568)
(490;130;13568)
(491;132;13584)
(492;132;13584)
(494;133;13601)
(494;134;13601)
(495;134;13617)
(496;134;13617)
(498;135;13633)
(499;135;13634)
(501;136;13634)
(502;136;13651)
(504;137;13652)
(505;137;13667)
(506;138;13667)
(507;138;13684)
(507;138;13684)
(508;139;13684)
(509;139;13701)
(509;139;13702)
(509;140;13718)
(509;140;13718)
(510;140;13734)
(510;140;13734)
(510;140;13751)
(510;140;13751)
(510;140;13751)
(510;140;13767)
(510;140;13767)
(510;140;13785)
(510;140;13785)
(510;140;13800)
(510;140;13800)
(510;141;13818)
(510;142;13818)
(510;142;13841)
(510;146;13858)
(510;147;13875)
(511;149;13875)
(511;150;13875)
(511;152;13891)
(511;154;13891)
(511;155;13908)
(512;156;13908)
(512;157;13925)
(512;158;13926)
(512;160;13926)
(513;161;13942)
(513;162;13942)
(514;163;13958)
(514;164;13958)
(515;166;13975)
(516;167;13976)
(517;168;13992)
(517;170;13993)
(518;170;13993)
(519;172;14008)
(520;173;14009)
(521;175;14025)
(522;176;14025)
(523;178;14041)
(523;180;14042)
(524;181;14058)
(525;182;14059)
(525;184;14075)
(526;185;14075)
(527;186;14075)
(527;187;14092)
(528;189;14092)
(528;190;14108)
(529;191;14108)
(529;192;14124)
(530;194;14124)
(530;195;14142)
(531;196;14143)
(531;197;14158)
(532;198;14158)
(532;200;14175)
(533;201;14175)
(533;202;14175)
(533;203;14191)
(534;204;14192)
(534;204;14209)
(534;205;14209)
(534;205;14225)
(534;206;14225)
(534;206;14225)
(534;207;14242)
(534;208;14242)
(534;209;14259)
(533;210;14259)
(532;212;14274)
(532;213;14275)
(531;214;14292)
(531;216;14292)
(531;217;14308)
(530;218;14309)
(530;218;14309)
(530;219;14324)
(529;220;14325)
(529;222;14342)
(528;223;14342)
(528;224;14358)
(528;224;14359)
(528;225;14375)
(527;225;14376)
(527;225;14392)
(527;226;14392)
(527;226;14393)
(526;227;14409)
(525;228;14409)
(525;229;14425)
(524;230;14426)
(523;230;14441)
(523;231;14442)
(523;231;14459)
(523;231;14459)
(523;231;14459)
(523;231;14475)
(523;231;14475)
(523;231;14492)
(523;231;14492)
(523;231;14509)
(523;231;14509)
(523;231;14525)
(523;231;14525)
(523;231;14525)
(523;231;14541)
(523;231;14542)
(523;231;14559)
(523;231;14559)
(523;231;14575)
(523;232;14575)
(523;232;14592)
(523;232;14592)
(522;232;14592)
(522;233;14609)
(521;233;14609)
(521;234;14625)
(521;235;14625)
(521;235;14641)
(520;236;14641)
(520;236;14658)
(520;237;14658)
(519;237;14675)
(519;238;14676)
(519;238;14676)
(519;238;14692)
(519;239;14692)
(519;239;14708)
(519;239;14709)
(519;239;14724)
(519;239;14725)
(519;239;14742)
(519;239;14742)
(519;240;14758)
(519;240;14759)
(519;240;14759)
(519;240;14774)
(519;240;14775)
(519;240;14791)
(519;240;14792)
(519;240;14809)
(519;241;14809)
(520;242;14825)
(520;243;14825)
(521;243;14825)
(521;244;14841)
(522;244;14842)
(522;245;14859)
(523;245;14859)
(524;246;14876)
(525;246;14876)
(527;247;14891)
(528;248;14891)
(529;248;14891)
(530;249;14908)
(531;249;14908)
(533;250;14925)
(534;250;14925)
(535;251;14942)
(536;252;14942)
(537;253;14958)
(539;254;14958)
(542;255;14975)
(544;257;14975)
(546;258;14992)
(548;259;14993)
(549;260;14993)
(551;261;15008)
(553;263;15008)
(554;264;15025)
(555;265;15025)
(556;266;15042)
(557;266;15042)
(557;267;15058)
(557;267;15058)
(558;267;15075)
(559;268;15075)
(559;269;15075)
(560;270;15092)
(561;271;15092)
(563;272;15109)
(564;274;15109)
(565;275;15125)
(567;277;15126)
(568;279;15126)
(570;281;15142)
(571;283;15142)
(573;285;15158)
(574;287;15159)
(576;288;15175)
(577;290;15176)
(578;291;15192)
(579;292;15193)
(579;293;15193)
(580;294;15208)
(580;294;15208)
(580;294;15226)
(580;294;15226)
(580;294;15242)
(580;294;15242)
(580;294;15258)
(580;294;15259)
(580;294;15259)
(580;294;15275)
(580;294;15275)
(580;294;15292)
(581;294;15292)
(581;294;15309)
(582;293;15309)
(583;293;15326)
(584;293;15326)
(585;293;15341)
(586;293;15342)
(587;293;15358)
(588;293;15358)
(589;293;15374)
(589;293;15375)
(590;293;15375)
(591;292;15391)
(592;292;15391)
(594;292;15409)
(595;292;15409)
(595;292;15425)
(596;292;15425)
(597;292;15426)
(598;292;15442)
(598;292;15443)
(599;292;15459)
(600;292;15459)
(601;292;15475)
(601;292;15475)
(601;292;15492)
(602;292;15492)
(602;292;15492)
(603;292;15509)
(604;292;15509)
(605;292;15524)
(605;292;15524)
(606;292;15542)
(607;293;15543)
(607;293;15559)
(608;293;15559)
(608;293;15559)
(608;293;15575)
(608;293;15576)
(608;293;15591)
(608;293;15591)
(608;293;15608)
(608;293;15609)
(608;293;15624)
(608;293;15625)
(608;293;15642)
(608;293;15642)
(608;293;15659)
(609;293;15659)
(609;293;15659)
(609;293;15674)
(610;292;15675)
(611;292;15692)
(612;292;15692)
(613;292;15708)
(615;292;15708)
(617;292;15726)
(620;292;15726)
(622;292;15743)
(624;292;15743)
(626;292;15743)
(627;292;15761)
(629;292;15761)
(630;292;15776)
(630;292;15777)
(630;292;15793)
(630;292;15793)
(630;293;15793)
(630;293;15810)
(630;293;15810)
(631;293;15827)
(631;293;15827)
(631;293;15844)
(631;293;15844)
(631;293;15844)
(631;293;15860)
(631;293;15860)
(631;293;15877)
(631;293;15877)
(631;293;15893)
(631;293;15894)
(631;293;15910)
(631;293;15910)
(631;293;15927)
(631;293;15927)
(631;293;15927)
(631;293;15944)
(631;292;15944)
(631;292;15960)
(631;292;15960)
(632;292;15977)
(632;292;15977)
(632;292;15993)
(632;292;15993)
(632;292;16010)
(632;292;16011)
(632;292;16011)
(632;292;16027)
(633;292;16027)
(634;293;16043)
(635;294;16044)
(636;295;16060)
(637;295;16061)
(638;296;16077)
(640;297;16077)
(643;300;16094)
(644;301;16094)
(646;302;16110)
(647;304;16110)
(649;305;16127)
(650;306;16127)
(651;307;16144)
(652;308;16144)
(653;309;16144)
(653;309;16160)
(654;310;16160)
(655;311;16177)
(655;311;16177)
(656;312;16193)
(656;312;16194)
(656;312;16210)
(656;312;16210)
(656;312;16211)
(656;312;16227)
(656;312;16227)
(656;312;16243)
(656;312;16243)
(656;312;16260)
(656;312;16260)
(656;312;16277)
(657;312;16277)
(657;311;16293)
(658;311;16294)
(658;311;16310)
(659;311;16310)
(659;311;16327)
(661;311;16327)
(662;311;16327)
(664;311;16343)
(665;311;16343)
(667;311;16360)
(668;311;16360)
(669;310;16377)
(671;310;16378)
(672;310;16393)
(672;310;16393)
(672;310;16393)
(672;310;16410)
(672;310;16410)
(673;310;16427)
(673;310;16427)
(673;310;16443)
(673;310;16443)
(673;310;16443)
(673;310;16460)
(673;310;16460)
(673;310;16477)
(673;310;16477)
(673;310;16493)
(673;311;16493)
(674;311;16510)
(674;312;16510)
(675;313;16527)
(676;314;16527)
(677;315;16527)
(679;316;16543)
(680;318;16543)
(682;319;16560)
(683;321;16560)
(684;322;16576)
(686;324;16577)
(687;325;16594)
(688;327;16594)
(689;328;16610)
(690;328;16611)
(691;329;16611)
(691;329;16627)
(692;329;16627)
(692;330;16643)
(692;330;16643)
(692;330;16661)
(692;330;16661)
(692;330;16677)
(693;330;16677)
(694;330;16694)
(694;330;16694)
(695;330;16711)
(696;330;16711)
(698;330;16727)
(699;330;16727)
(701;331;16744)
(702;331;16744)
(704;332;16744)
(706;332;16759)
(708;332;16760)
(709;333;16777)
(711;333;16778)
(712;333;16793)
(713;333;16793)
(714;333;16810)
(715;334;16810)
(715;334;16827)
(716;334;16827)
(716;334;16828)
(717;334;16844)
(717;334;16844)
(718;334;16860)
(719;335;16860)
(720;335;16876)
(721;335;16877)
(722;336;16893)
(723;336;16894)
(724;336;16910)
(724;336;16911)
(724;337;16927)
(725;337;16927)
(725;337;16927)
(725;337;16944)
(725;337;16944)
(725;337;16960)
(725;337;16960)
(725;337;16976)
(725;337;16977)
(725;337;16993)
(725;337;16993)
(725;337;16994)
(725;337;17010)
(725;337;17010)
(725;337;17027)
(725;337;17027)
(725;337;17043)
(725;337;17044)
(725;337;17044)
(725;337;17061)
(725;337;17061)
(725;337;17077)
(725;337;17077)
(725;337;17093)
(725;337;17093)
(725;337;17110)
(726;337;17110)
(726;337;17127)
(726;337;17127)
(726;336;17127)
(726;336;17143)
(727;336;17143)
(727;336;17160)
(727;336;17160)
(727;336;17176)
(727;336;17177)
(728;335;17193)
(728;335;17193)
(728;335;17210)
(728;335;17210)
(728;335;17227)
(728;335;17227)
(728;335;17227)
(728;335;17243)
(728;335;17243)
(728;335;17259)
(728;335;17260)
(728;335;17277)
(728;335;17277)
(729;335;17303)
(729;335;17303)
(729;335;17303)
(729;335;17321)
(729;335;17321)
(729;335;17336)
(729;335;17337)
(728;335;17353)
(728;335;17353)
(728;335;17353)
(728;335;17370)
(728;335;17370)
(728;335;17387)
(728;335;17387)
(728;335;17404)
(728;335;17404)
(728;335;17404)
(728;335;17421)
(728;335;17421)
(728;335;17437)
(728;335;17437)
(728;335;17453)
(728;335;17453)
(728;335;17470)
(728;335;17470)
(728;335;17487)
(728;335;17487)
(728;335;17488)
(728;335;17504)
(728;335;17504)
(728;335;17520)
(728;335;17520)
(728;335;17537)
(728;335;17537)
(728;335;17554)
(728;335;17554)
(728;335;17570)
(728;335;17570)
(728;335;17587)
(728;335;17587)
(728;335;17587)
(728;335;17604)
(728;335;17604)
(728;335;17621)
(728;335;17621)
(728;335;17637)
(728;335;17637)
(728;335;17654)
(728;335;17654)
(728;335;17671)
(728;335;17671)
(728;335;17687)
(728;335;17687)
(728;335;17703)
(728;335;17704)
(728;335;17704)
(728;335;17720)
(728;335;17720)
(728;335;17737)
(728;335;17737)
(728;335;17754)
(728;335;17755)
(728;335;17771)
(728;335;17771)
(728;335;17771)
(728;335;17787)
(728;335;17788)
(728;335;17803)
(728;335;17804)
(728;335;17821)
(728;335;17821)
(728;335;17837)
(728;335;17837)
(728;335;17854)
(728;335;17854)
(728;335;17871)
(728;335;17871)
(728;335;17871)
(728;335;17887)
(728;335;17888)
(728;335;17904)
(728;335;17904)
(728;335;17921)
(728;335;17921)
(728;335;17938)
(728;335;17938)
(728;335;17954)
(728;335;17954)
(728;335;17971)
(728;335;17971)
(728;335;17988)
(728;335;17988)
(728;335;18003)
(728;335;18003)
(728;335;18003)
(728;335;18021)
(728;335;18021)
(728;335;18037)
(728;335;18037)
(728;335;18054)
(728;335;18054)
(728;335;18070)
(728;335;18070)
(728;335;18087)
(728;335;18087)
(728;335;18087)
(728;335;18103)
(728;335;18104)
(728;335;18121)
(728;335;18121)
(728;335;18137)
(728;335;18137)
(728;335;18154)
(729;335;18154)
(730;335;18170)
(730;335;18171)
(731;335;18171)
(732;334;18187)
(734;334;18187)
(735;334;18203)
(737;334;18204)
(739;334;18221)
(741;334;18221)
(743;334;18237)
(744;334;18237)
(747;334;18254)
(748;334;18254)
(749;334;18270)
(751;334;18271)
(752;334;18307)
(753;334;18308)
(753;334;18308)
(753;334;18308)
(753;334;18325)
(753;334;18325)
(754;334;18340)
(754;334;18341)
(754;334;18357)
(754;334;18358)
(754;334;18375)
(754;334;18375)
(754;334;18375)
(754;334;18391)
(754;334;18391)
(754;334;18408)
(754;334;18408)
(754;334;18424)
(754;334;18424)
(754;334;18424)
(754;334;18441)
(754;334;18441)
(754;334;18458)
(754;334;18458)
(754;334;18474)
(754;335;18474)
(754;335;18490)
(754;336;18491)
(755;336;18508)
(756;338;18508)
(757;339;18508)
(758;341;18524)
(759;343;18525)
(760;345;18541)
(762;347;18542)
(763;348;18558)
(764;350;18558)
(765;351;18575)
(766;353;18575)
(767;354;18590)
(768;355;18591)
(769;356;18591)
(770;356;18607)
(770;357;18608)
(771;358;18624)
(771;358;18625)
(772;359;18641)
(773;360;18641)
(774;361;18658)
(775;362;18658)
(776;363;18675)
(776;364;18675)
(777;365;18675)
(777;366;18691)
(778;367;18691)
(779;367;18708)
(779;368;18708)
(779;368;18724)
(779;368;18724)
(779;368;18724)
(779;368;18742)
(779;368;18742)
(779;368;18758)
(779;368;18758)
(779;368;18774)
(779;368;18775)
(779;368;18791)
(779;368;18791)
(780;368;18808)
(780;368;18808)
(780;368;18808)
(780;368;18824)
(780;368;18824)
(781;367;18841)
(782;366;18842)
(783;365;18857)
(784;363;18857)
(785;362;18874)
(786;360;18874)
(787;359;18891)
(788;358;18891)
(789;357;18908)
(790;356;18908)
(790;355;18908)
(791;355;18924)
(791;355;18924)
(791;354;18941)
(792;354;18942)
(792;354;18957)
(792;354;18957)
(792;354;18975)
(793;353;18975)
(794;353;18975)
(794;352;18991)
(795;352;18992)
(795;352;19007)
(795;352;19007)
(795;352;19024)
(795;352;19025)
(795;352;19025)
(795;352;19041)
(795;352;19041)
(795;352;19057)
(795;352;19058)
(795;352;19074)
(795;352;19074)
(796;353;19090)
(796;353;19091)
(797;354;19107)
(797;355;19107)
(798;356;19124)
(799;357;19124)
(799;358;19124)
(800;360;19141)
(801;361;19141)
(801;362;19158)
(802;364;19158)
(802;365;19174)
(803;367;19174)
(803;368;19191)
(804;369;19191)
(804;370;19208)
(805;372;19209)
(805;373;19209)
(805;374;19224)
(805;375;19225)
(805;375;19241)
(805;376;19241)
(806;376;19257)
(806;377;19257)
(806;378;19275)
(806;379;19275)
(806;380;19275)
(806;380;19291)
(806;381;19291)
(806;382;19307)
(806;383;19308)
(806;384;19324)
(806;385;19324)
(806;386;19341)
(806;387;19341)
(806;387;19341)
(806;388;19357)
(806;388;19358)
(806;388;19374)
(806;388;19374)
(806;389;19391)
(806;389;19391)
(806;390;19391)
(806;390;19407)
(806;391;19408)
(805;392;19424)
(805;393;19425)
(805;394;19441)
(804;394;19441)
(804;395;19458)
(803;396;19458)
(803;397;19474)
(802;398;19474)
(802;398;19492)
(802;398;19492)
(802;398;19492)
(802;398;19507)
(802;398;19507)
(802;398;19524)
(801;399;19524)
(801;399;19541)
(800;400;19541)
(799;400;19558)
(798;401;19558)
(797;402;19559)
(797;402;19573)
(796;403;19574)
(795;403;19591)
(795;404;19592)
(795;404;19607)
(795;404;19608)
(795;404;19624)
(795;404;19624)
(795;404;19624)
(795;404;19641)
(795;404;19641)
(795;404;19658)
(795;404;19658)
(795;404;19674)
(795;404;19674)
(795;404;19691)
(795;405;19691)
(795;405;19691)
(796;406;19708)
(797;406;19708)
(798;407;19724)
(799;408;19724)
(801;409;19741)
(802;410;19741)
(804;411;19758)
(805;411;19758)
(806;412;19774)
(807;412;19774)
(808;413;19791)
(809;413;19792)
(810;413;19792)
(810;414;19807)
(811;414;19807)
(811;414;19824)
(811;414;19824)
(811;414;19841)
(811;414;19842)
(812;414;19858)
(812;414;19858)
(812;414;19874)
(813;414;19874)
(813;414;19874)
(814;414;19891)
(815;414;19891)
(816;414;19907)
(817;414;19907)
(818;414;19924)
(819;414;19924)
(820;414;19924)
(821;414;19941)
(822;414;19941)
(823;414;19957)
(823;414;19958)
(824;414;19974)
(824;414;19974)
(824;414;19991)
(824;414;19992)
(824;414;19992)
(824;414;20008)
(824;414;20008)
(824;414;20024)
(824;414;20024)
(824;414;20040)
(824;414;20041)
(824;414;20057)
(824;414;20058)
(824;415;20074)
(824;415;20074)
(824;415;20091)
(824;415;20091)
(824;415;20091)
(824;415;20107)
(825;416;20107)
(825;417;20124)
(826;418;20124)
(826;419;20140)
(827;421;20141)
(828;423;20158)
(828;424;20158)
(829;426;20174)
(829;426;20174)
(830;427;20174)
(830;427;20191)
(830;427;20191)
(830;427;20207)
(830;427;20208)
(830;427;20224)
(830;427;20224)
(830;427;20224)
(830;427;20241)
(830;427;20241)
(830;427;20258)
(831;427;20258)
(831;427;20275)
(831;427;20275)
(831;427;20291)
(832;426;20291)
(833;426;20291)
(834;425;20308)
(835;424;20308)
(837;423;20325)
(838;422;20325)
(839;421;20341)
(841;420;20341)
(842;419;20358)
(843;419;20359)
(843;418;20359)
(844;417;20374)
(845;417;20391)
(846;416;20391)
(846;416;20391)
(846;416;20408)
(846;415;20408)
(847;415;20425)
(847;415;20425)
(848;415;20441)
(848;415;20442)
(848;414;20457)
(849;414;20458)
(850;413;20474)
(850;413;20474)
(850;413;20475)
(850;413;20492)
(851;413;20492)
(851;413;20508)
(851;413;20508)
(851;413;20524)
(851;413;20524)
(851;413;20524)
(851;413;20541)
(851;413;20541)
(851;413;20558)
(851;413;20558)
(851;413;20574)
(851;413;20574)
(851;413;20591)
(851;413;20591)
(851;413;20591)
(851;413;20607)
(851;413;20624)
(851;413;20625)
(851;413;20625)
(851;413;20640)
(851;414;20640)
(851;414;20658)
(851;414;20658)
(852;415;20674)
(852;415;20674)
(852;415;20690)
(852;416;20690)
(852;416;20708)
(853;417;20708)
(854;417;20708)
(854;418;20723)
(855;419;20724)
(856;420;20741)
(856;420;20741)
(857;421;20757)
(857;422;20758)
(858;422;20774)
(858;423;20774)
(858;423;20774)
(858;423;20791)
(858;424;20791)
(858;424;20807)
(859;424;20807)
(859;424;20824)
(859;424;20824)
(859;424;20825)
(859;424;20841)
(859;424;20841)
(860;425;20857)
(860;425;20858)
(861;426;20873)
(861;426;20874)
(862;426;20891)
(862;427;20891)
(863;428;20891)
(864;429;20907)
(865;430;20908)
(865;431;20924)
(866;432;20924)
(867;433;20948)
(867;433;20949)
(868;434;20949)
(869;435;20966)
(869;435;20982)
(869;435;20982)
(869;435;20999)
(869;436;20999)
(869;436;20999)
(869;436;21015)
(869;436;21016)
(869;436;21032)
(869;436;21032)
(869;436;21049)
(869;436;21049)
(869;436;21065)
(869;436;21065)
(869;436;21066)
(869;436;21082)
(870;436;21083)
(870;436;21099)
(870;436;21100)
(870;436;21115)
(870;436;21116)
(870;436;21132)
(870;436;21132)
(870;436;21149)
(870;436;21149)
(870;436;21165)
(870;436;21166)
(870;436;21181)
(870;436;21182)
(870;436;21199)
(870;436;21199)
(870;437;21216)
(870;437;21217)
(870;437;21217)
(870;437;21233)
(870;437;21233)
(870;437;21249)
(870;437;21249)
(870;437;21266)
(870;437;21267)
(871;437;21282)
(871;437;21282)
(871;437;21299)
(871;437;21299)
(871;437;21316)
(871;438;21317)
(871;438;21317)
(871;438;21333)
(872;438;21333)
(872;438;21349)
(872;438;21350)
(872;438;21366)
(872;439;21366)
(873;439;21366)
(873;439;21382)
(873;439;21382)
(874;439;21399)
(874;439;21399)
(874;440;21416)
(874;440;21416)
(875;440;21433)
(875;440;21433)
(876;441;21433)
(877;441;21450)
(877;442;21450)
(878;443;21465)
(879;443;21466)
(880;444;21482)
(881;444;21482)
(881;445;21498)
(881;445;21498)
(882;445;21515)
(882;445;21515)
(882;446;21532)
(882;446;21532)
(883;446;21532)
(883;446;21549)
(883;446;21549)
(883;446;21566)
(883;446;21566)
(883;446;21583)
(883;446;21583)
(883;446;21598)
(883;446;21599)
(883;446;21616)
(883;446;21616)
(883;446;21616)
(883;446;21632)
(883;446;21632)
(883;446;21649)
(883;446;21649)
(883;446;21665)
(883;446;21665)
(883;446;21665)
(883;446;21683)
(883;446;21683)
(883;446;21699)
(883;446;21699)
(883;446;21717)
(883;446;21717)
(883;446;21733)
(883;446;21733)
(883;446;21733)
(883;446;21750)
(883;446;21750)
(883;446;21766)
(883;446;21766)
(883;446;21782)
(883;446;21782)
(883;446;21799)
(883;446;21799)
(883;446;21799)
(883;446;21816)
(883;446;21817)
(883;446;21833)
(883;446;21833)
(883;446;21850)
(883;446;21850)
(883;446;21866)
(883;446;21866)
(883;446;21882)
(883;446;21883)
(883;446;21883)
(883;446;21899)
(883;446;21899)
(883;446;21916)
(883;446;21916)
(883;446;21932)
(883;446;21933)
(883;446;21950)
(883;446;21950)
(883;446;21966)
(883;446;21966)
(883;446;21966)
(883;446;21982)
(883;446;21983)
(883;446;21999)
(883;446;22000)
(883;446;22016)
(883;446;22016)
(883;446;22031)
(883;446;22032)
(883;446;22032)
(883;446;22049)
(883;446;22050)
(883;446;22065)
(883;446;22066)
(883;446;22082)
(883;446;22083)
(883;446;22099)
(883;446;22099)
(883;446;22099)
(883;446;22116)
(883;446;22116)
(883;446;22132)
(883;446;22133)
(883;446;22150)
(883;446;22150)
(883;446;22166)
(883;446;22167)
(883;446;22167)
(883;446;22182)
(883;446;22183)
(883;446;22199)
(883;446;22199)
(883;446;22216)
(883;446;22216)
(883;446;22233)
(883;446;22233)
(883;446;22250)
(883;446;22250)
(883;446;22266)
(883;446;22266)
(883;446;22266)
(883;446;22282)
(883;446;22282)
(883;446;22299)
(883;446;22299)
(883;446;22315)
(883;446;22316)
(883;446;22332)
(883;446;22333)
(883;446;22333)
(883;446;22349)
(883;446;22350)
(883;446;22365)
(883;446;22365)
(883;446;22382)
(883;446;22383)
(882;446;22383)
(882;446;22399)
(882;446;22399)
(882;446;22415)
(882;446;22416)
(882;446;22433)
(881;446;22433)
(881;446;22449)
(881;446;22449)
(881;446;22466)
(881;446;22466)
(881;446;22482)
(881;446;22482)
(880;446;22499)
(880;446;22499)
(880;447;22500)
(880;447;22515)
(879;447;22516)
(879;447;22532)
(879;448;22532)
(879;448;22549)
(878;448;22549)
(878;449;22566)
(877;450;22566)
(877;450;22566)
(877;451;22583)
(877;452;22583)
(876;452;22599)
(876;453;22599)
(875;454;22615)
(875;455;22632)
(875;455;22632)
(875;455;22632)
(875;456;22649)
(875;456;22650)
(875;456;22665)
(875;457;22666)
(875;458;22682)
(875;458;22683)
(875;458;22683)
(875;458;22699)
(875;458;22699)
(875;458;22715)
(875;458;22715)
(875;458;22733)
(875;458;22733)
(875;458;22749)
(875;458;22749)
(875;458;22766)
(875;458;22766)
(875;458;22782)
(875;458;22782)
(875;458;22799)
(875;458;22799)
(875;458;22799)
(875;458;22816)
(875;458;22816)
(876;459;22831)
(877;459;22832)
(878;460;22848)
(879;460;22848)
(880;461;22865)
(881;462;22865)
(882;462;22866)
(883;462;22882)
(884;463;22882)
(885;463;22899)
(885;463;22899)
(886;463;22916)
(886;463;22916)
(886;463;22916)
(887;463;22933)
(887;463;22933)
(887;463;22949)
(887;463;22949)
(887;463;22966)
(887;463;22967)
(887;463;22983)
(887;464;22983)
(887;464;22983)
(887;464;22999)
(888;464;22999)
(888;464;23016)
(888;464;23016)
(888;464;23032)
(889;465;23032)
(889;465;23049)
(889;465;23050)
(890;466;23066)
(890;466;23067)
(890;467;23067)
(890;467;23083)
(890;467;23083)
(890;467;23099)
(890;467;23099)
(890;468;23117)
(890;468;23117)
(890;468;23132)
(890;468;23133)
(890;468;23149)
(890;469;23149)
(890;470;23165)
(890;472;23165)
(889;475;23182)
(888;477;23183)
(888;479;23199)
(887;480;23199)
(887;482;23216)
(886;483;23216)
(886;483;23217)
(886;484;23232)
(886;484;23232)
(886;484;23248)
(886;484;23248)
(886;484;23266)
(886;484;23266)
(886;484;23282)
(886;484;23282)
(886;484;23283)
(886;484;23299)
(886;484;23299)
(886;484;23316)
(886;484;23316)
(886;484;23332)
(886;484;23332)
(886;484;23349)
(886;484;23349)
(886;484;23366)
(886;484;23366)
(886;484;23382)
(886;484;23382)
(886;484;23399)
(887;485;23399)
(887;486;23399)
(888;487;23416)
(888;488;23416)
(889;489;23433)
(890;490;23433)
(890;491;23449)
(890;492;23449)
(890;492;23465)
(890;492;23466)
(890;492;23466)
(890;492;23483)
(890;492;23483)
(889;493;23498)
(888;493;23498)
(887;494;23515)
(885;494;23516)
(884;495;23532)
(883;496;23533)
(882;496;23533)
(881;497;23548)
(879;497;23549)
(879;497;23566)
(878;498;23566)
(877;498;23583)
(877;498;23583)
(877;498;23583)
(876;499;23599)
(876;499;23599)
(876;499;23616)
(876;499;23616)
(876;499;23632)
(876;499;23632)
(876;499;23649)
(876;499;23649)
(876;499;23665)
(876;499;23666)
(876;499;23683)
(876;499;23683)
(876;499;23683)
(876;499;23698)
(876;500;23699)
(876;500;23716)
(877;500;23716)
(877;501;23732)
(878;502;23732)
(878;503;23748)
(879;504;23749)
(880;505;23765)
(881;507;23766)
(882;508;23766)
(882;510;23782)
(883;511;23782)
(883;513;23799)
(883;514;23799)
(884;515;23816)
(884;516;23816)
(884;517;23832)
(884;518;23833)
(884;519;23833)
(884;519;23849)
(884;519;23849)
(884;519;23866)
(884;519;23866)
(883;520;23882)
(883;520;23882)
(883;521;23899)
(882;522;23899)
(882;523;23899)
(881;523;23916)
(881;524;23916)
(881;524;23932)
(880;524;23932)
(880;525;23949)
(880;525;23949)
(880;525;23965)
(880;525;23966)
(880;525;23982)
(880;525;23982)
(880;525;23999)
(880;525;23999)
(880;525;23999)
(880;525;24016)
(880;525;24016)
(880;525;24032)
(881;525;24033)
(881;525;24049)
(882;525;24049)
(883;525;24065)
(884;526;24066)
(885;526;24066)
(886;526;24082)
(887;527;24082)
(888;527;24099)
(890;527;24099)
(892;528;24115)
(893;528;24115)
(896;529;24132)
(897;529;24132)
(898;529;24149)
(898;530;24149)
(899;530;24165)
(899;530;24165)
(900;530;24182)
(900;530;24182)
(901;530;24199)
(901;529;24199)
(902;529;24199)
(902;529;24215)
(903;529;24216)
(904;529;24232)
(904;528;24233)
(906;528;24248)
(906;527;24249)
(907;527;24266)
(907;527;24266)
(907;527;24282)
(907;527;24283)
(907;527;24283)
(907;527;24299)
(907;527;24300)
(907;527;24316)
(907;527;24316)
(907;527;24333)
(907;527;24333)
(907;527;24348)
(907;527;24349)
(907;527;24365)
(907;527;24365)
(907;527;24366)
(907;527;24382)
(907;527;24382)
(907;527;24399)
(907;527;24399)
(907;527;24416)
(907;527;24416)
(907;527;24416)
(906;527;24432)
(905;528;24432)
(904;529;24448)
(903;530;24449)
(902;530;24465)
(901;530;24465)
(900;531;24482)
(899;531;24483)
