(156;208;0)
(154;207;250)
(153;207;250)
(153;206;266)
(152;206;266)
(152;206;284)
(152;205;284)
(152;205;284)
(151;205;299)
(151;205;300)
(151;205;316)
(151;205;333)
(151;205;333)
(151;204;333)
(150;204;351)
(148;203;370)
(148;203;385)
(146;202;402)
(146;201;418)
(145;201;434)
(145;201;435)
(144;200;451)
(143;199;468)
(143;199;469)
(143;199;469)
(143;199;469)
(142;199;502)
(142;198;502)
(142;198;517)
(142;198;518)
(142;198;534)
(142;198;535)
(142;198;551)
(142;198;552)
(142;198;568)
(142;198;568)
(142;198;568)
(142;198;585)
(142;198;585)
(142;198;602)
(142;198;602)
(142;198;618)
(142;198;619)
(142;198;635)
(142;198;635)
(142;198;652)
(142;198;652)
(142;198;652)
(142;198;668)
(142;198;669)
(142;198;685)
(142;198;686)
(142;198;701)
(142;198;702)
(142;197;718)
(142;197;718)
(142;197;735)
(142;197;735)
(142;197;752)
(142;197;752)
(142;197;769)
(142;196;769)
(142;195;769)
(143;194;788)
(143;193;788)
(143;192;805)
(143;191;805)
(143;190;822)
(143;189;822)
(143;188;838)
(144;187;839)
(144;187;839)
(144;187;855)
(144;187;855)
(144;186;871)
(144;186;871)
(144;186;888)
(144;186;888)
(144;185;905)
(145;185;906)
(145;184;906)
(145;184;922)
(145;183;922)
(145;183;938)
(145;183;939)
(145;183;955)
(145;183;956)
(145;183;956)
(145;183;971)
(145;183;988)
(145;183;989)
(145;183;1005)
(145;183;1006)
(145;183;1006)
(145;183;1022)
(145;183;1022)
(145;183;1039)
(145;183;1039)
(145;183;1039)
(145;183;1055)
(145;183;1056)
(145;183;1072)
(145;183;1072)
(145;183;1088)
(145;183;1089)
(145;183;1105)
(145;183;1106)
(145;183;1122)
(145;183;1122)
(145;183;1141)
(145;183;1141)
(146;183;1141)
(146;183;1157)
(146;183;1158)
(146;183;1174)
(146;183;1175)
(146;183;1191)
(147;183;1191)
(148;183;1192)
(149;183;1208)
(150;184;1208)
(151;184;1225)
(152;184;1225)
(153;184;1241)
(153;185;1241)
(154;185;1257)
(155;185;1257)
(155;185;1258)
(155;185;1274)
(156;185;1274)
(156;185;1291)
(156;185;1291)
(157;185;1308)
(157;185;1309)
(157;185;1309)
(157;185;1324)
(158;185;1341)
(158;185;1341)
(158;185;1342)
(158;185;1357)
(158;185;1357)
(159;185;1375)
(159;185;1375)
(160;185;1375)
(160;185;1391)
(161;185;1407)
(162;185;1407)
(162;185;1407)
(163;185;1425)
(163;185;1425)
(164;185;1441)
(164;185;1441)
(164;185;1458)
(164;185;1458)
(165;185;1474)
(165;185;1474)
(165;185;1492)
(166;185;1492)
(166;185;1492)
(167;185;1508)
(167;185;1508)
(167;186;1524)
(167;186;1525)
(168;186;1541)
(168;186;1542)
(168;186;1557)
(169;186;1558)
(169;186;1574)
(169;186;1574)
(169;186;1591)
(169;186;1591)
(169;186;1607)
(169;186;1608)
(169;186;1608)
(169;186;1625)
(169;186;1626)
(169;186;1641)
(169;186;1641)
(169;186;1659)
(169;186;1659)
(169;186;1675)
(169;186;1675)
(169;186;1690)
(169;186;1691)
(169;186;1708)
(169;186;1708)
(169;186;1708)
(169;186;1724)
(169;186;1725)
(169;186;1742)
(169;187;1742)
(170;188;1758)
(170;189;1758)
(171;190;1774)
(171;191;1774)
(171;193;1791)
(171;193;1792)
(172;194;1792)
(172;194;1808)
(172;195;1809)
(172;195;1825)
(172;195;1825)
(172;195;1842)
(172;195;1842)
(172;195;1842)
(172;195;1859)
(172;195;1859)
(172;196;1876)
(172;196;1876)
(172;196;1892)
(172;197;1892)
(172;197;1909)
(172;197;1909)
(172;198;1909)
(172;198;1925)
(172;198;1925)
(173;199;1942)
(173;199;1942)
(173;200;1958)
(173;200;1958)
(173;200;1975)
(173;201;1992)
(173;202;2020)
(173;202;2037)
(174;203;2037)
(174;203;2037)
(174;203;2054)
(174;203;2054)
(174;203;2070)
(174;203;2070)
(174;204;2087)
(174;204;2087)
(174;204;2104)
(174;204;2104)
(175;204;2104)
(175;204;2121)
(175;205;2121)
(176;205;2138)
(176;206;2138)
(176;206;2154)
(177;206;2155)
(177;207;2171)
(178;207;2171)
(178;208;2187)
(179;208;2187)
(179;209;2204)
(180;209;2204)
(180;209;2204)
(180;209;2221)
(181;209;2221)
(181;210;2236)
(181;210;2237)
(181;210;2254)
(182;210;2254)
(183;211;2270)
(183;211;2270)
(184;211;2270)
(184;212;2287)
(185;212;2287)
(185;212;2304)
(185;213;2305)
(186;213;2320)
(186;213;2320)
(186;213;2337)
(187;213;2337)
(187;214;2337)
(187;214;2354)
(188;214;2354)
(188;214;2371)
(188;215;2371)
(189;215;2387)
(189;215;2387)
(189;215;2387)
(190;216;2403)
(190;216;2420)
(190;216;2420)
(190;216;2421)
(190;217;2438)
(191;217;2439)
(191;218;2455)
(192;218;2455)
(192;219;2455)
(192;219;2472)
(192;219;2472)
(192;219;2488)
(193;220;2488)
(193;220;2505)
(193;220;2505)
(193;221;2522)
(194;222;2522)
(194;222;2539)
(194;223;2539)
(195;223;2540)
(195;224;2556)
(195;224;2556)
(195;224;2572)
(195;224;2572)
(195;225;2588)
(195;225;2589)
(195;225;2605)
(196;225;2605)
(196;225;2622)
(196;225;2622)
(196;226;2622)
(197;226;2638)
(197;226;2639)
(197;226;2656)
(198;227;2656)
(198;227;2672)
(198;227;2672)
(199;227;2689)
(199;227;2689)
(200;228;2689)
(201;228;2705)
(202;229;2706)
(204;229;2722)
(204;229;2722)
(205;230;2739)
(206;230;2739)
(207;230;2755)
(207;230;2755)
(207;230;2755)
(207;230;2771)
(208;230;2772)
(208;230;2789)
(208;230;2790)
(208;230;2805)
(208;230;2805)
(208;230;2822)
(208;230;2822)
(208;230;2839)
(208;230;2839)
(209;230;2839)
(209;230;2856)
(209;230;2856)
(209;230;2872)
(209;230;2873)
(209;230;2889)
(209;230;2890)
(209;230;2905)
(209;230;2906)
(209;230;2922)
(209;230;2922)
(209;230;2922)
(209;230;2939)
(209;230;2939)
(209;230;2956)
(209;230;2956)
(209;230;2972)
(209;230;2972)
(209;230;2988)
(209;230;2988)
(209;230;2988)
(209;230;3006)
(209;230;3006)
(209;230;3023)
(209;230;3023)
(209;230;3039)
(209;230;3039)
(209;230;3055)
(209;230;3056)
(209;230;3056)
(209;230;3071)
(209;230;3072)
(209;230;3089)
(209;230;3089)
(209;230;3106)
(209;230;3106)
(209;230;3122)
(209;230;3123)
(209;230;3139)
(209;230;3139)
(209;230;3156)
(209;230;3156)
(209;230;3156)
(209;230;3172)
(209;230;3206)
(209;230;3206)
(209;230;3223)
(209;230;3223)
(209;230;3224)
(209;230;3240)
(209;230;3241)
(209;230;3256)
(209;230;3257)
(209;230;3274)
(209;230;3274)
(209;230;3290)
(209;230;3290)
(209;230;3290)
(209;230;3307)
(209;230;3307)
(209;230;3324)
(209;230;3324)
(209;230;3340)
(209;230;3340)
(209;230;3340)
(209;230;3357)
(209;230;3357)
(209;230;3373)
(209;230;3374)
(209;230;3390)
(209;230;3391)
(209;230;3407)
(209;230;3407)
(209;230;3424)
(209;230;3424)
(209;230;3424)
(209;230;3451)
(209;230;3451)
(209;230;3468)
(209;230;3468)
(209;230;3469)
(209;230;3484)
(209;230;3485)
(209;230;3502)
(209;230;3502)
(209;230;3518)
(209;230;3535)
(209;230;3536)
(209;230;3536)
(209;230;3553)
(209;230;3553)
(209;230;3568)
(209;230;3568)
(209;230;3586)
(209;230;3586)
(209;230;3602)
(209;230;3602)
(209;230;3619)
(209;230;3619)
(209;230;3619)
(209;230;3636)
(209;230;3636)
(209;230;3652)
(209;230;3652)
(209;230;3668)
(209;230;3668)
(209;230;3686)
(209;230;3686)
(209;230;3702)
(209;230;3702)
(209;230;3702)
(209;230;3718)
(209;230;3719)
(209;230;3736)
(209;230;3736)
(209;230;3753)
(209;230;3753)
(209;230;3769)
(209;230;3769)
(209;230;3770)
(209;230;3786)
(209;230;3786)
(209;230;3802)
(209;230;3803)
(209;230;3819)
(209;230;3820)
(209;230;3820)
(209;230;3836)
(209;230;3836)
(209;230;3853)
(209;230;3853)
(209;230;3869)
(209;230;3869)
(209;230;3885)
(209;230;3886)
(209;230;3902)
(209;230;3903)
(209;230;3919)
(209;230;3919)
(209;230;3935)
(209;230;3935)
(209;230;3935)
(209;230;3952)
(209;230;3952)
(209;230;3969)
(209;230;3969)
(209;230;3986)
(209;230;3987)
(209;230;4003)
(209;230;4003)
(209;230;4003)
(209;230;4018)
(209;230;4019)
(209;230;4035)
(209;230;4035)
(209;230;4053)
(209;230;4053)
(209;230;4069)
(209;230;4069)
(209;230;4086)
(209;230;4086)
(209;230;4102)
(209;230;4102)
(209;230;4119)
(209;230;4120)
(209;230;4120)
(209;230;4135)
(209;230;4136)
(209;230;4153)
(209;230;4153)
(209;230;4169)
(209;230;4169)
(209;230;4185)
(209;230;4186)
(209;230;4203)
(209;230;4203)
(209;230;4219)
(209;230;4219)
(209;230;4236)
(209;230;4236)
(209;230;4236)
(209;230;4252)
(209;230;4252)
(209;230;4269)
(209;230;4269)
(209;230;4285)
(209;230;4286)
(209;230;4302)
(209;230;4302)
(209;230;4302)
(209;230;4319)
(209;230;4320)
(209;230;4340)
(209;230;4340)
(209;230;4340)
(209;230;4357)
(209;230;4357)
(209;230;4374)
(209;230;4374)
(209;230;4390)
(209;230;4391)
(209;230;4407)
(209;230;4407)
(209;230;4424)
(209;230;4424)
(209;230;4424)
(209;230;4440)
(209;230;4441)
(209;230;4456)
(209;230;4457)
(209;230;4474)
(209;230;4475)
(209;230;4490)
(209;230;4491)
(209;230;4491)
(209;230;4507)
(209;230;4508)
(209;230;4524)
(209;230;4524)
(209;230;4541)
(209;230;4541)
(209;230;4556)
(209;230;4557)
(209;230;4557)
(209;230;4573)
(209;230;4574)
(209;230;4591)
(209;230;4591)
(209;230;4606)
(209;230;4607)
(209;230;4623)
(209;230;4624)
(209;230;4640)
(209;230;4641)
(209;230;4641)
(209;230;4657)
(209;230;4657)
(209;230;4673)
(209;230;4673)
(209;230;4691)
(209;230;4691)
(209;230;4708)
(209;230;4708)
(209;230;4724)
(209;230;4725)
(209;230;4740)
(209;230;4741)
(210;230;4741)
(210;230;4757)
(211;230;4758)
(212;231;4773)
(213;231;4774)
(213;231;4790)
(214;231;4791)
(215;232;4791)
(215;232;4808)
(216;232;4808)
(216;232;4824)
(217;233;4824)
(217;233;4840)
(217;233;4841)
(218;233;4856)
(219;233;4857)
(219;233;4874)
(220;233;4874)
(220;233;4891)
(221;234;4891)
(221;234;4906)
(221;234;4907)
(222;234;4924)
(222;234;4924)
(222;234;4924)
(223;234;4940)
(223;234;4940)
(224;234;4960)
(224;235;4961)
(225;235;4961)
(225;235;4978)
(225;235;4978)
(225;235;4995)
(226;235;4995)
(226;235;5011)
(226;236;5011)
(227;236;5028)
(227;236;5028)
(227;236;5028)
(228;236;5045)
(228;237;5045)
(229;237;5061)
(230;237;5062)
(231;238;5078)
(231;238;5078)
(232;238;5095)
(232;238;5095)
(232;239;5111)
(232;239;5111)
(232;239;5111)
(232;239;5127)
(233;239;5144)
(233;239;5144)
(233;239;5145)
(233;239;5171)
(234;240;5171)
(234;240;5188)
(235;240;5188)
(235;240;5188)
(236;241;5204)
(236;241;5204)
(237;241;5221)
(237;241;5221)
(238;241;5239)
(238;242;5239)
(239;242;5255)
(240;242;5255)
(240;242;5277)
(241;242;5278)
(241;243;5278)
(242;243;5292)
(242;243;5326)
(243;243;5326)
(243;243;5327)
(243;243;5343)
(243;243;5343)
(243;243;5360)
(243;243;5376)
(243;243;5377)
(243;243;5393)
(243;243;5393)
(243;243;5394)
(243;243;5412)
(243;243;5412)
(243;243;5447)
(243;243;5447)
(243;243;5447)
(243;243;5491)
(243;243;5508)
(243;243;5525)
(243;243;5525)
(243;243;5542)
(243;243;5543)
(243;243;5543)
(243;243;5543)
(243;243;5543)
(243;243;5543)
(243;243;5543)
(243;243;5558)
(243;243;5558)
(243;243;5576)
(243;243;5577)
(243;243;5593)
(243;243;5594)
(243;243;5610)
(243;243;5610)
(243;243;5641)
(243;243;5641)
(243;243;5641)
(243;243;5641)
(243;243;5658)
(243;243;5658)
(243;243;5675)
(243;243;5692)
(243;243;5692)
(243;243;5692)
(243;243;5709)
(243;243;5709)
(243;243;5725)
(243;243;5741)
(243;243;5741)
(243;243;5741)
(243;243;5758)
(243;243;5759)
(243;243;5791)
(243;243;5792)
(243;243;5792)
(243;243;5792)
(243;243;5862)
(243;243;5862)
(243;243;5862)
(243;243;5862)
(243;243;5862)
(243;243;5863)
(243;243;5863)
(243;243;5883)
(243;243;5901)
(243;243;5934)
(243;243;5934)
(243;243;5934)
(243;243;5950)
(243;243;5951)
(243;243;5967)
(243;243;5967)
(243;243;5984)
(243;243;5984)
(243;243;5984)
(243;243;6001)
(243;243;6001)
(242;243;6017)
(242;244;6017)
(242;244;6034)
(242;244;6035)
(242;244;6051)
(241;244;6051)
(241;244;6051)
(241;244;6068)
(241;244;6068)
(241;244;6083)
(241;244;6084)
(241;244;6101)
(241;244;6102)
(240;244;6102)
(239;245;6117)
(239;245;6118)
(238;245;6134)
(237;246;6134)
(237;246;6151)
(236;246;6151)
(236;247;6168)
(235;247;6168)
(235;247;6184)
(235;247;6185)
(235;247;6185)
(234;248;6201)
(234;248;6201)
(234;248;6218)
(233;248;6218)
(233;248;6234)
(233;248;6234)
(233;248;6250)
(232;249;6251)
(232;249;6267)
(232;249;6268)
(232;249;6284)
(232;249;6285)
(232;249;6285)
(231;249;6300)
(231;249;6300)
(231;249;6317)
(231;249;6317)
(230;249;6352)
(230;250;6353)
(229;250;6353)
(229;251;6353)
(228;251;6353)
(228;251;6368)
(228;251;6368)
(227;251;6385)
(227;252;6386)
(226;252;6401)
(226;252;6402)
(225;252;6402)
(225;252;6419)
(225;253;6419)
(224;253;6434)
(224;253;6435)
(224;253;6452)
(224;253;6452)
(224;253;6469)
(224;253;6469)
(224;254;6469)
(223;254;6485)
(223;254;6485)
(223;254;6501)
(223;254;6501)
(222;254;6519)
(222;255;6519)
(222;255;6519)
(221;255;6535)
(221;255;6551)
(221;255;6551)
(221;255;6551)
(221;256;6568)
(221;256;6568)
(221;256;6586)
(220;256;6586)
(220;256;6602)
(220;256;6603)
(220;256;6618)
(220;256;6619)
(220;256;6635)
(220;256;6635)
(220;256;6635)
(220;256;6651)
(220;256;6652)
(220;256;6668)
(220;256;6669)
(220;256;6684)
(220;256;6685)
(220;256;6703)
(220;256;6703)
(220;256;6703)
(220;256;6717)
(220;256;6718)
(220;256;6736)
(220;256;6736)
(220;256;6751)
(220;256;6751)
(220;256;6768)
(220;256;6769)
(219;256;6769)
(219;257;6786)
(219;257;6786)
(219;257;6802)
(219;257;6802)
(218;257;6818)
(218;257;6818)
(217;257;6834)
(217;258;6835)
(216;258;6852)
(215;258;6852)
(214;259;6852)
(212;259;6885)
(212;260;6885)
(211;260;6902)
(211;260;6902)
(210;260;6919)
(210;260;6919)
(210;260;6936)
(209;260;6936)
(209;260;6936)
(208;260;6951)
(208;261;6952)
(208;261;6969)
(207;261;6969)
(207;261;6986)
(207;261;6986)
(207;261;7002)
(207;261;7003)
(207;261;7003)
(207;261;7018)
(207;261;7018)
(207;261;7036)
(207;261;7036)
(207;261;7052)
(207;261;7052)
(207;261;7069)
(207;261;7069)
(207;261;7069)
(207;261;7084)
(207;261;7085)
(207;261;7102)
(207;261;7103)
(207;261;7118)
(207;261;7119)
(207;261;7135)
(207;261;7135)
(207;261;7136)
(207;261;7152)
(207;261;7152)
(207;261;7168)
(207;261;7169)
(207;261;7186)
(207;261;7187)
(207;261;7202)
(207;261;7202)
(207;261;7219)
(207;261;7219)
(207;261;7235)
(207;261;7235)
(207;261;7252)
(207;261;7252)
(207;261;7252)
(207;261;7269)
(207;261;7269)
(207;261;7285)
(207;261;7285)
(207;261;7302)
(207;261;7302)
(207;261;7318)
(207;261;7319)
(207;261;7335)
(207;261;7336)
(207;261;7352)
(207;261;7353)
(207;261;7368)
(207;261;7368)
(207;261;7368)
(207;262;7385)
(206;263;7386)
(206;264;7401)
(206;265;7402)
(205;266;7419)
(205;267;7419)
(205;268;7419)
(204;269;7435)
(204;270;7451)
(204;271;7452)
(204;271;7452)
(204;271;7469)
(204;271;7469)
(203;271;7485)
(203;271;7486)
(203;271;7502)
(203;272;7502)
(203;272;7517)
(203;272;7518)
(203;272;7535)
(203;272;7535)
(203;272;7535)
(203;272;7551)
(203;272;7551)
(203;272;7569)
(203;273;7569)
(203;273;7586)
(203;273;7586)
(202;273;7601)
(202;274;7602)
(202;274;7602)
(202;274;7618)
(202;275;7618)
(202;275;7635)
(201;276;7635)
(201;276;7652)
(201;276;7652)
(201;276;7669)
(201;276;7669)
(201;277;7669)
(201;277;7685)
(201;277;7685)
(200;277;7703)
(200;278;7703)
(200;278;7719)
(200;278;7719)
(199;279;7719)
(199;279;7735)
(199;279;7735)
(199;280;7752)
(198;280;7753)
(198;281;7769)
(198;281;7769)
(198;281;7785)
(197;282;7785)
(197;282;7801)
(197;282;7802)
(197;282;7819)
(197;282;7819)
(197;282;7819)
(197;282;7835)
(197;282;7852)
(197;282;7852)
(197;283;7852)
(197;283;7868)
(197;283;7869)
(197;283;7885)
(196;283;7886)
(196;283;7902)
(196;283;7903)
(196;284;7903)
(196;284;7919)
(196;284;7919)
(196;284;7935)
(195;285;7935)
(195;285;7959)
(195;285;7960)
(195;285;7960)
(195;285;7960)
(195;285;7977)
(194;285;7977)
(194;286;7993)
(194;286;7993)
(194;286;8010)
(193;286;8011)
(193;287;8027)
(193;287;8028)
(193;287;8043)
(192;287;8044)
(192;288;8044)
(192;288;8060)
(192;288;8060)
(192;288;8077)
(192;288;8077)
(192;288;8093)
(192;288;8094)
(192;288;8110)
(192;288;8111)
(192;288;8127)
(192;288;8127)
(192;288;8142)
(192;288;8143)
(192;288;8143)
(192;288;8161)
(192;288;8161)
(192;288;8176)
(192;288;8177)
(192;288;8193)
(192;288;8194)
(192;288;8210)
(192;289;8210)
(192;289;8211)
(192;289;8226)
(192;289;8226)
(192;290;8243)
(192;291;8243)
(192;292;8261)
(192;292;8261)
(192;293;8261)
(192;293;8277)
(192;294;8277)
(192;294;8294)
(192;295;8294)
(192;295;8310)
(192;295;8310)
(192;296;8327)
(192;296;8327)
(192;296;8344)
(192;296;8344)
(192;296;8344)
(192;296;8360)
(192;297;8361)
(192;297;8377)
(192;297;8377)
(192;297;8393)
(192;297;8393)
(192;297;8410)
(192;297;8410)
(192;297;8426)
(192;297;8427)
(192;297;8443)
(192;297;8444)
(192;297;8444)
(192;297;8460)
(192;297;8461)
(192;297;8477)
(192;297;8477)
(192;297;8494)
(192;297;8494)
(192;297;8510)
(192;297;8510)
(192;297;8510)
(192;297;8527)
(192;297;8527)
(192;297;8544)
(192;297;8544)
(191;298;8560)
(191;298;8560)
(190;298;8561)
(189;299;8577)
(189;299;8577)
(187;300;8594)
(187;301;8594)
(186;301;8610)
(185;302;8610)
(184;302;8626)
(183;303;8627)
(182;303;8643)
(182;303;8644)
(181;304;8660)
(180;304;8661)
(179;305;8661)
(179;305;8677)
(178;305;8677)
(178;305;8693)
(178;305;8693)
(177;306;8710)
(177;306;8711)
(176;306;8727)
(175;307;8727)
(175;307;8727)
(174;307;8744)
(174;308;8744)
(173;308;8760)
(172;308;8777)
(172;309;8777)
(171;309;8793)
(171;309;8794)
(170;310;8810)
(169;310;8810)
(169;310;8826)
(169;310;8826)
(168;311;8843)
(168;311;8843)
(168;311;8860)
(167;311;8860)
(167;312;8860)
(167;312;8877)
(166;312;8877)
(166;312;8894)
(166;313;8894)
(165;313;8910)
(165;313;8910)
(164;314;8927)
(164;314;8927)
(164;314;8944)
(163;314;8944)
(163;315;8944)
(163;315;8960)
(163;315;8960)
(162;315;8977)
(162;315;8977)
(161;315;8994)
(161;316;8994)
(161;316;9010)
(160;316;9011)
(160;316;9026)
(160;316;9027)
(160;316;9044)
(160;316;9044)
(160;316;9044)
(160;317;9060)
(160;317;9060)
(160;317;9077)
(159;317;9078)
(159;317;9094)
(158;318;9095)
(157;318;9110)
(157;319;9110)
(157;319;9111)
(157;319;9127)
(156;319;9128)
(156;319;9144)
(156;320;9144)
(156;320;9160)
(156;320;9160)
(156;320;9160)
(156;320;9177)
(155;320;9177)
(155;320;9193)
(155;320;9193)
(155;320;9211)
(155;320;9211)
(155;320;9226)
(155;320;9226)
(155;321;9244)
(155;321;9244)
(155;321;9244)
(155;321;9260)
(155;321;9260)
(154;321;9277)
(154;321;9277)
(154;321;9294)
(154;321;9294)
(154;321;9310)
(154;321;9310)
(154;321;9326)
(153;321;9327)
(153;321;9343)
(153;321;9343)
(153;321;9343)
(152;321;9360)
(152;321;9360)
(152;321;9377)
(152;321;9377)
(152;321;9393)
(152;321;9393)
(151;321;9410)
(151;321;9410)
(151;321;9426)
(150;320;9427)
(150;320;9443)
(149;320;9444)
(149;320;9460)
(148;319;9460)
(147;319;9460)
(147;318;9477)
(146;318;9477)
(146;318;9493)
(145;318;9494)
(145;317;9510)
(145;317;9511)
(144;317;9527)
(144;317;9527)
(143;316;9527)
(143;316;9543)
(142;316;9560)
(141;315;9560)
(141;315;9560)
(140;315;9576)
(140;315;9576)
(139;314;9594)
(139;314;9594)
(138;314;9610)
(137;314;9611)
(136;313;9626)
(136;313;9627)
(135;312;9644)
(134;312;9644)
(133;312;9644)
(132;311;9660)
(131;311;9660)
(130;310;9677)
(129;310;9678)
(128;310;9693)
(127;309;9694)
(126;309;9710)
(126;309;9710)
(125;308;9710)
(124;308;9726)
(123;307;9727)
(121;307;9743)
(119;306;9744)
(118;306;9760)
(117;305;9761)
(116;305;9761)
(116;304;9777)
(115;304;9777)
(114;304;9794)
(114;303;9794)
(113;303;9809)
(113;303;9810)
(112;303;9827)
(112;302;9828)
(112;302;9828)
(112;302;9844)
(112;302;9845)
(111;302;9861)
(111;302;9861)
(111;302;9877)
(111;302;9877)
(110;301;9894)
(110;301;9894)
(110;301;9910)
(109;301;9910)
(109;301;9926)
(108;301;9927)
(108;301;9943)
(108;300;9944)
(108;300;9944)
(107;300;9960)
(107;300;9960)
(107;300;9977)
(107;300;9977)
(106;300;9994)
(106;300;9994)
(106;300;10010)
(106;300;10010)
(105;300;10010)
(105;300;10026)
(105;300;10026)
(105;300;10044)
(105;300;10044)
(105;300;10061)
(105;300;10061)
(105;300;10061)
(105;300;10076)
(105;300;10093)
(105;300;10093)
(105;300;10110)
(105;300;10110)
(105;300;10126)
(105;300;10126)
(105;300;10143)
(105;300;10144)
(105;300;10144)
(105;300;10159)
(105;300;10160)
(105;300;10185)
(105;300;10185)
(105;300;10185)
(105;300;10201)
(105;300;10202)
(105;300;10218)
(105;300;10219)
(105;300;10235)
(105;300;10235)
(105;300;10236)
(105;300;10251)
(105;300;10252)
(105;300;10269)
(105;301;10269)
(105;302;10285)
(105;303;10286)
(105;304;10301)
(105;305;10302)
(105;305;10302)
(105;305;10318)
(105;305;10318)
(105;305;10335)
(105;305;10335)
(105;306;10352)
(105;306;10353)
(105;306;10369)
(105;306;10369)
(105;307;10369)
(104;307;10385)
(104;308;10385)
(103;309;10402)
(103;310;10402)
(103;311;10419)
(103;311;10419)
(102;312;10436)
(102;313;10436)
(102;313;10452)
(102;314;10452)
(101;314;10452)
(101;314;10469)
(101;314;10469)
(101;314;10484)
(101;314;10485)
(101;315;10502)
(101;315;10519)
(101;315;10520)
(101;315;10535)
(101;315;10535)
(101;315;10552)
(101;315;10553)
(101;315;10553)
(101;315;10569)
(101;315;10570)
(101;315;10585)
(101;315;10585)
(101;315;10602)
(101;315;10603)
(102;316;10603)
(103;317;10619)
(103;318;10619)
(104;318;10635)
(104;319;10635)
(104;319;10651)
(105;320;10651)
(105;320;10669)
(105;321;10669)
(106;321;10685)
(106;321;10685)
(106;322;10685)
(107;322;10702)
(107;323;10702)
(107;323;10719)
(108;324;10719)
(108;324;10719)
(108;325;10736)
(109;326;10736)
(109;326;10752)
(109;327;10753)
(110;327;10769)
(110;327;10769)
(110;328;10786)
(110;328;10786)
(110;328;10801)
(110;328;10802)
(110;328;10818)
(110;328;10819)
(110;328;10835)
(110;329;10836)
(110;329;10852)
(110;329;10852)
(110;330;10852)
(110;331;10869)
(110;332;10869)
(110;333;10885)
(110;334;10886)
(110;334;10902)
(110;335;10903)
(110;335;10903)
(110;335;10918)
(110;335;10919)
(110;336;10935)
(109;336;10935)
(109;336;10952)
(109;336;10953)
(109;336;10968)
(109;336;10969)
(109;336;10985)
(109;336;10986)
(109;336;10986)
(109;336;11001)
(109;336;11002)
(109;337;11019)
(109;337;11019)
(109;337;11020)
(109;337;11036)
(108;338;11036)
(108;338;11052)
(108;339;11052)
(108;340;11068)
(108;340;11069)
(107;341;11085)
(107;341;11085)
(107;341;11102)
(107;341;11102)
(107;341;11119)
(107;341;11119)
(107;341;11120)
(107;341;11135)
(107;341;11135)
(107;341;11151)
(107;341;11151)
(107;341;11169)
(107;341;11169)
(107;341;11185)
(107;341;11185)
(107;341;11202)
(107;341;11202)
(107;341;11202)
(107;342;11219)
(108;342;11219)
(108;342;11235)
(109;343;11236)
(109;343;11252)
(110;344;11252)
(110;344;11269)
(110;345;11270)
(110;345;11270)
(111;345;11285)
(111;346;11285)
(111;346;11302)
(111;346;11302)
(111;346;11319)
(112;347;11319)
(112;347;11320)
(112;347;11334)
(112;348;11352)
(112;348;11352)
(112;348;11352)
(112;348;11369)
(112;348;11369)
(113;349;11385)
(113;349;11385)
(113;349;11402)
(113;349;11402)
(113;349;11418)
(113;349;11419)
(113;349;11435)
(113;349;11435)
(113;349;11451)
(113;349;11451)
(113;349;11452)
(113;349;11468)
(113;349;11469)
(113;349;11486)
(113;350;11486)
(113;350;11502)
(113;350;11503)
(112;350;11503)
(112;351;11519)
(111;351;11519)
(111;352;11535)
(111;352;11535)
(110;353;11551)
(110;353;11551)
(110;353;11568)
(109;354;11568)
(109;354;11585)
(109;354;11585)
(109;354;11585)
(108;354;11602)
(108;354;11602)
(108;354;11618)
(108;354;11619)
(108;354;11619)
(108;355;11636)
(108;355;11636)
(108;355;11652)
(108;355;11652)
(108;355;11669)
(108;355;11669)
(108;355;11685)
(108;355;11685)
(108;355;11701)
(108;355;11702)
(108;355;11718)
(108;355;11719)
(108;355;11735)
(108;355;11735)
(108;355;11736)
(108;355;11752)
(108;355;11753)
(108;355;11769)
(108;355;11770)
(108;355;11785)
(108;355;11785)
(108;355;11802)
(108;355;11803)
(108;356;11803)
(109;356;11818)
(109;357;11819)
(110;357;11836)
(110;358;11836)
(111;358;11851)
(111;359;11851)
(112;359;11869)
(112;360;11870)
(112;360;11870)
(113;361;11885)
(113;361;11886)
(113;361;11902)
(114;362;11902)
(114;362;11919)
(114;362;11919)
(115;363;11935)
(115;363;11936)
(115;363;11936)
(115;363;11952)
(115;363;11952)
(115;363;11969)
(115;363;11970)
(116;364;11986)
(116;364;11986)
(116;364;12002)
(116;365;12002)
(116;365;12019)
(117;366;12019)
(117;366;12020)
(117;367;12035)
(118;367;12036)
(118;368;12052)
(118;368;12052)
(118;369;12069)
(118;369;12069)
(119;370;12085)
(119;370;12085)
(119;370;12102)
(119;371;12102)
(119;371;12102)
(120;371;12118)
(120;371;12119)
(120;372;12135)
(120;372;12135)
(120;373;12152)
(120;373;12152)
(121;374;12168)
(121;374;12169)
(121;374;12169)
(121;375;12185)
(121;375;12185)
(121;375;12201)
(121;375;12202)
(122;376;12219)
(122;376;12219)
(122;376;12219)
(122;377;12236)
(122;377;12236)
(123;378;12252)
(123;378;12253)
(123;379;12269)
(123;379;12269)
(123;379;12285)
(124;380;12286)
(124;380;12302)
(124;380;12302)
(124;381;12319)
(124;381;12319)
(125;381;12319)
(125;382;12335)
(125;382;12335)
(125;382;12352)
(126;383;12353)
(126;383;12369)
(126;383;12369)
(127;384;12385)
(127;384;12403)
(127;385;12403)
(128;385;12403)
(128;385;12419)
(128;386;12419)
(128;386;12436)
(128;386;12436)
(129;386;12453)
(129;386;12453)
(129;386;12469)
(129;386;12470)
(129;386;12470)
(129;386;12486)
(129;386;12502)
(129;387;12532)
(129;387;12532)
(129;387;12532)
(129;387;12533)
(129;387;12533)
(129;387;12549)
(129;387;12549)
(129;387;12566)
(129;388;12566)
(129;388;12583)
(130;388;12583)
(130;388;12583)
(130;388;12599)
(130;389;12599)
(130;389;12616)
(130;390;12616)
(131;390;12633)
(131;390;12634)
(131;392;12649)
(131;392;12649)
(131;393;12666)
(131;393;12666)
(131;394;12682)
(131;394;12683)
(131;394;12699)
(131;394;12699)
(131;395;12699)
(131;396;12717)
(131;397;12717)
(131;398;12732)
(131;399;12732)
(131;400;12750)
(131;401;12750)
(131;402;12766)
(131;402;12766)
(131;402;12782)
(131;402;12783)
(131;402;12800)
(131;402;12800)
(131;402;12800)
(131;402;12816)
(131;402;12816)
(132;402;12833)
(132;402;12833)
(132;402;12850)
(132;402;12850)
(132;402;12866)
(132;402;12867)
(132;402;12867)
(132;402;12884)
(132;402;12884)
(133;401;12908)
(133;401;12908)
(133;401;12908)
(133;401;12925)
(134;400;12925)
(134;400;12942)
(135;400;12942)
(135;400;12942)
(136;399;12959)
(137;399;12959)
(139;398;12975)
(140;397;12975)
(140;396;12991)
(141;396;12991)
(141;396;13008)
(141;395;13008)
(142;395;13008)
(142;395;13025)
(142;395;13025)
(142;395;13041)
(142;395;13041)
(142;395;13058)
(142;395;13059)
(142;395;13075)
(142;395;13075)
(142;395;13075)
(142;395;13092)
(143;395;13092)
(143;395;13109)
(143;395;13109)
(143;395;13125)
(143;395;13126)
(143;395;13142)
(143;395;13142)
(143;395;13158)
(143;395;13159)
(143;395;13175)
(143;395;13175)
(143;395;13192)
(143;394;13192)
(143;394;13192)
(144;394;13209)
(144;393;13209)
(145;392;13225)
(145;392;13225)
(145;391;13242)
(146;389;13242)
(146;388;13242)
(146;387;13258)
(147;386;13259)
(147;385;13275)
(147;384;13275)
(147;383;13291)
(147;383;13292)
(147;382;13309)
(147;381;13309)
(147;380;13309)
(147;380;13325)
(148;379;13326)
(148;378;13341)
(148;378;13342)
(148;377;13359)
(148;377;13359)
(148;377;13359)
(148;377;13375)
(148;377;13391)
(148;376;13392)
(148;376;13408)
(148;376;13409)
(148;376;13409)
(148;375;13425)
(148;375;13425)
(148;375;13442)
(148;375;13443)
(149;374;13458)
(150;373;13459)
(150;372;13474)
(151;371;13475)
(151;371;13491)
(151;371;13492)
(151;370;13492)
(151;370;13508)
(151;370;13509)
(151;370;13524)
(151;370;13525)
(151;370;13542)
(151;370;13542)
(151;370;13542)
(151;370;13559)
(151;370;13559)
(151;370;13575)
(151;370;13576)
(151;370;13592)
(151;370;13592)
(151;370;13608)
(151;370;13609)
(151;370;13625)
(151;370;13625)
(151;370;13625)
(151;370;13642)
(151;370;13642)
(151;370;13659)
(151;370;13659)
(151;370;13659)
(151;370;13676)
(151;370;13676)
(151;370;13691)
(151;370;13691)
(151;370;13709)
(151;370;13709)
(151;370;13724)
(151;370;13725)
(151;370;13742)
(151;370;13742)
(151;370;13758)
(151;370;13758)
(151;370;13774)
(151;370;13775)
(151;370;13775)
(151;370;13791)
(151;370;13792)
(151;370;13808)
(151;370;13809)
(151;370;13825)
(151;370;13826)
(151;370;13842)
(151;370;13843)
(151;370;13843)
(152;370;13858)
(152;371;13859)
(152;371;13875)
(153;371;13876)
(153;371;13892)
(153;372;13892)
(154;372;13909)
(154;373;13909)
(155;373;13924)
(155;373;13925)
(155;374;13942)
(156;374;13942)
(156;375;13958)
(156;375;13959)
(157;376;13959)
(157;376;13976)
(157;376;13976)
(157;377;13993)
(158;377;13993)
(158;377;14009)
(158;377;14009)
(158;378;14025)
(158;378;14025)
(159;379;14042)
(159;379;14042)
(159;380;14059)
(159;380;14059)
(159;380;14060)
(159;381;14076)
(159;381;14076)
(159;381;14092)
(160;382;14092)
(160;382;14109)
(160;382;14109)
(160;383;14126)
(160;383;14126)
(160;384;14141)
(160;384;14142)
(160;384;14142)
(160;385;14159)
(160;385;14159)
(160;385;14175)
(160;385;14176)
(160;385;14192)
(160;386;14192)
(160;386;14209)
(160;387;14209)
(160;387;14209)
(159;388;14226)
(159;389;14226)
(158;390;14242)
(158;390;14242)
(158;391;14258)
(157;392;14259)
(157;393;14259)
(157;393;14275)
(156;394;14275)
(156;395;14292)
(156;395;14293)
(155;396;14309)
(155;396;14309)
(155;397;14325)
(155;398;14325)
(154;398;14342)
(154;399;14342)
(154;399;14358)
(154;399;14359)
(154;399;14375)
(154;399;14375)
(154;399;14391)
(154;399;14391)
(154;399;14392)
(154;399;14409)
(154;399;14409)
(154;399;14425)
(154;399;14425)
(154;399;14442)
(154;399;14442)
(154;399;14442)
(154;399;14459)
(154;399;14459)
(154;399;14475)
(154;399;14476)
(154;399;14492)
(154;399;14492)
(154;399;14508)
(154;399;14508)
(154;399;14526)
(154;399;14526)
(155;399;14542)
(155;399;14543)
(156;399;14559)
(157;399;14559)
(158;399;14560)
(158;399;14575)
(159;399;14591)
(160;399;14592)
(161;399;14608)
(161;399;14608)
(162;399;14608)
(162;399;14625)
(162;399;14641)
(163;399;14641)
(163;399;14658)
(164;399;14659)
(164;399;14659)
(165;399;14676)
(165;399;14676)
(165;399;14692)
(166;399;14692)
(166;399;14709)
(166;399;14709)
(166;399;14725)
(166;399;14726)
(166;399;14742)
(166;399;14743)
(167;399;14743)
(167;399;14758)
(167;399;14759)
(167;399;14775)
(167;399;14775)
(167;399;14792)
(167;399;14792)
(167;399;14809)
(167;399;14809)
(167;399;14809)
(167;399;14826)
(167;399;14826)
(167;399;14842)
(168;399;14842)
(168;399;14859)
(168;400;14860)
(169;400;14860)
(170;400;14876)
(170;400;14877)
(171;400;14892)
(171;400;14892)
(172;400;14909)
(172;400;14909)
(172;400;14925)
(173;400;14926)
(173;401;14943)
(173;401;14943)
(174;401;14943)
(174;401;14959)
(174;401;14959)
(174;401;14976)
(174;401;14976)
(174;401;14992)
(175;401;14993)
(175;401;15010)
(175;401;15010)
(175;401;15026)
(175;401;15026)
(175;401;15042)
(175;401;15042)
(175;401;15043)
(175;401;15059)
(175;402;15059)
(175;402;15076)
(175;402;15076)
(176;402;15092)
(176;402;15093)
(176;402;15109)
(176;403;15109)
(176;403;15109)
(177;404;15126)
(177;404;15126)
(177;405;15142)
(177;405;15142)
(177;406;15159)
(177;406;15159)
(177;406;15159)
(177;407;15176)
(178;407;15176)
(178;407;15192)
(178;407;15193)
(178;407;15209)
(178;407;15209)
(178;407;15226)
(178;407;15226)
(178;408;15242)
(178;408;15242)
(178;408;15259)
(178;409;15259)
(178;409;15259)
(178;409;15276)
(178;410;15277)
(178;410;15292)
(178;410;15292)
(178;411;15309)
(178;411;15309)
(177;411;15325)
(177;412;15326)
(177;412;15342)
(177;413;15342)
(176;413;15342)
(176;413;15360)
(176;414;15360)
(176;414;15377)
(176;414;15377)
(176;414;15392)
(176;414;15392)
(176;414;15410)
(176;414;15410)
(176;414;15410)
(176;414;15425)
(176;414;15426)
(176;414;15443)
(176;414;15443)
(176;415;15460)
(176;415;15460)
(176;415;15477)
(175;415;15477)
(175;415;15477)
(175;415;15493)
(175;415;15493)
(175;416;15510)
(174;416;15511)
(174;416;15527)
(174;417;15527)
(174;417;15527)
(174;417;15543)
(174;417;15543)
(174;418;15560)
(173;418;15560)
(173;418;15576)
(173;419;15576)
(173;419;15593)
(172;419;15593)
(171;420;15610)
(171;420;15627)
(171;421;15627)
(171;421;15627)
(171;421;15643)
(170;421;15644)
(170;421;15660)
(170;421;15660)
(170;421;15676)
(170;421;15677)
(170;421;15693)
(170;421;15693)
(170;421;15710)
(170;422;15710)
(170;422;15710)
(170;422;15727)
(170;422;15727)
(170;422;15743)
(170;422;15744)
(170;422;15760)
(170;422;15761)
(170;422;15761)
(170;422;15776)
(170;422;15777)
(170;422;15793)
(170;422;15793)
(170;422;15810)
(170;423;15810)
(170;423;15827)
(171;424;15827)
(171;424;15827)
(171;425;15843)
(171;425;15844)
(171;426;15860)
(171;426;15877)
(171;427;15878)
(172;427;15878)
(172;427;15894)
(172;428;15894)
(172;428;15910)
(172;429;15910)
(172;429;15927)
(172;429;15927)
(172;430;15928)
(172;430;15943)
(171;431;15943)
(171;432;15960)
(171;433;15960)
(171;433;15977)
(171;434;15978)
(171;434;15993)
(171;435;15993)
(170;435;16010)
(170;436;16010)
(170;436;16010)
(170;436;16026)
(170;437;16027)
(170;437;16043)
(170;437;16044)
(170;437;16060)
(170;437;16060)
(170;437;16061)
(170;437;16077)
(170;437;16078)
(170;438;16094)
(170;438;16094)
(170;438;16110)
(170;438;16110)
(170;438;16127)
(170;438;16127)
(170;439;16143)
(171;439;16143)
(171;440;16143)
(172;440;16160)
(172;441;16160)
(173;441;16177)
(173;442;16178)
(173;442;16193)
(174;443;16194)
(174;443;16210)
(174;443;16211)
(174;443;16227)
(174;443;16228)
(174;443;16228)
(174;444;16243)
(174;444;16244)
(174;444;16260)
(174;444;16261)
(174;445;16277)
(174;445;16277)
(174;446;16294)
(173;446;16294)
(173;447;16310)
(172;448;16310)
(172;448;16310)
(172;449;16327)
(171;449;16328)
(171;449;16343)
(171;449;16343)
(171;449;16361)
(171;449;16361)
(171;450;16361)
(171;450;16378)
(171;450;16378)
(171;450;16394)
(171;450;16394)
(171;450;16411)
(171;451;16411)
(170;452;16427)
(170;452;16428)
(170;453;16443)
(170;453;16444)
(170;454;16461)
(170;454;16461)
(170;454;16476)
(170;454;16477)
(170;454;16493)
(170;454;16494)
(170;454;16510)
(170;454;16511)
(170;455;16526)
(170;455;16527)
(170;455;16543)
(170;456;16544)
(170;456;16544)
(171;456;16560)
(171;457;16561)
(171;457;16577)
(171;457;16577)
(171;457;16593)
(171;457;16594)
(171;457;16610)
(171;457;16610)
(171;457;16610)
(171;457;16626)
(171;457;16627)
(171;457;16644)
(171;457;16644)
(171;457;16660)
(171;457;16660)
(171;457;16660)
(172;457;16677)
(172;457;16677)
(172;457;16694)
(172;457;16694)
(172;457;16710)
(172;457;16711)
(172;457;16726)
(173;457;16727)
(173;457;16743)
(173;457;16744)
(173;457;16744)
(173;457;16760)
(174;457;16760)
(174;457;16777)
(175;457;16777)
(176;457;16794)
(178;457;16794)
(179;457;16810)
(180;457;16810)
(181;457;16826)
(181;457;16827)
(181;457;16827)
(182;457;16844)
(182;457;16844)
(182;457;16860)
(182;457;16860)
(182;457;16878)
(182;457;16878)
(182;457;16894)
(182;457;16894)
(182;457;16910)
(182;457;16911)
(182;457;16911)
(183;458;16927)
(183;458;16927)
(183;458;16943)
(184;459;16943)
(184;460;16961)
(185;460;16961)
(185;461;16961)
(185;461;16977)
(186;462;16978)
(186;462;16994)
(186;462;16994)
(187;463;17010)
(187;463;17011)
(187;463;17026)
(187;464;17027)
(187;464;17043)
(188;464;17044)
(188;464;17044)
(188;464;17061)
(188;465;17061)
(189;465;17077)
(189;465;17077)
(190;466;17093)
(190;466;17094)
(190;466;17110)
(191;467;17111)
(191;467;17127)
(192;468;17128)
(192;468;17143)
(193;468;17144)
(193;469;17144)
(193;469;17161)
(193;469;17161)
(193;469;17177)
(194;469;17177)
(194;469;17194)
(194;470;17195)
(195;470;17211)
(195;470;17211)
(196;471;17211)
(197;471;17227)
(197;472;17227)
(198;472;17243)
(198;473;17244)
(199;473;17261)
(199;473;17261)
(199;473;17261)
(199;474;17277)
(200;474;17278)
(200;474;17293)
(200;474;17294)
(200;474;17310)
(200;474;17311)
(200;474;17328)
(200;474;17328)
(200;474;17328)
(200;474;17344)
(200;474;17344)
(200;474;17361)
(200;474;17361)
(200;474;17377)
(199;474;17377)
(199;474;17394)
(199;474;17394)
(199;474;17410)
(199;474;17411)
(199;474;17427)
(199;474;17427)
(199;474;17427)
(199;474;17443)
(199;474;17444)
(199;475;17460)
(199;475;17461)
(199;475;17477)
(199;475;17478)
(199;475;17493)
(198;475;17494)
(198;476;17510)
(197;476;17510)
(197;477;17526)
(196;478;17527)
(196;478;17544)
(196;479;17544)
(195;479;17560)
(195;479;17561)
(195;479;17561)
(195;479;17577)
(194;479;17577)
(194;479;17594)
(194;479;17594)
(194;480;17610)
(194;480;17610)
(194;480;17627)
(193;480;17627)
(193;481;17627)
(193;481;17643)
(192;482;17644)
(192;482;17661)
(192;482;17661)
(192;482;17678)
(192;482;17678)
(192;483;17694)
(192;483;17694)
(192;483;17710)
(192;483;17711)
(191;483;17711)
(191;483;17727)
(191;484;17727)
(191;484;17744)
(191;484;17744)
(191;484;17760)
(191;485;17760)
(191;485;17778)
(191;485;17778)
(191;486;17794)
(191;486;17795)
(191;486;17811)
(191;486;17812)
(191;486;17812)
(191;487;17827)
(191;489;17860)
(191;489;17861)
(191;489;17861)
(191;490;17861)
(191;490;17878)
(191;490;17878)
(192;490;17894)
(192;490;17894)
(192;490;17911)
(192;490;17911)
(192;490;17928)
(192;491;17928)
(192;491;17928)
(192;491;17945)
(192;491;17946)
(192;491;17961)
(192;491;17962)
(192;491;17978)
(192;491;17979)
(192;491;17979)
(192;491;17994)
(192;491;18011)
(192;491;18011)
(192;491;18028)
(192;491;18028)
(192;491;18028)
(192;491;18044)
(192;491;18045)
(192;491;18061)
(192;492;18061)
(192;492;18078)
(192;492;18078)
(192;492;18095)
(192;492;18095)
(192;493;18095)
(192;493;18111)
(192;493;18111)
(192;494;18129)
(192;494;18129)
(192;494;18145)
(192;494;18146)
(192;495;18162)
(192;495;18162)
(192;495;18178)
(192;496;18178)
(192;496;18195)
(192;497;18195)
(192;497;18212)
(192;497;18212)
(192;497;18228)
(192;498;18228)
(192;498;18228)
(192;498;18245)
(192;498;18245)
(192;498;18261)
(192;498;18262)
(192;498;18279)
(192;498;18279)
(192;498;18279)
(192;498;18295)
(192;498;18312)
(192;498;18312)
(192;498;18328)
(192;498;18328)
(192;498;18328)
(192;498;18345)
(192;498;18345)
(192;498;18362)
(192;498;18362)
(192;497;18378)
(192;497;18379)
(192;497;18379)
(192;497;18395)
(193;497;18396)
(193;496;18411)
(193;494;18411)
(193;492;18429)
(193;490;18429)
(194;488;18444)
(194;487;18445)
(194;486;18461)
(195;486;18461)
(195;485;18462)
