(251;487;0)
(250;485;233)
(249;485;233)
(249;484;233)
(249;484;248)
(249;483;249)
(248;482;265)
(248;481;265)
(248;481;283)
(248;480;283)
(248;480;298)
(248;480;299)
(248;480;315)
(248;480;315)
(248;480;332)
(248;480;332)
(248;480;332)
(248;480;349)
(248;480;349)
(248;480;365)
(248;480;365)
(248;480;382)
(248;480;383)
(248;480;383)
(248;480;399)
(248;480;399)
(248;480;415)
(248;479;415)
(248;479;432)
(248;479;433)
(248;479;448)
(248;479;449)
(248;479;449)
(248;479;465)
(248;479;465)
(248;479;483)
(248;479;483)
(248;479;498)
(248;479;498)
(248;479;515)
(248;479;515)
(248;479;532)
(248;479;532)
(248;479;548)
(248;479;549)
(248;479;566)
(248;479;566)
(248;479;583)
(248;479;583)
(248;479;598)
(248;479;599)
(248;479;615)
(248;479;615)
(247;479;632)
(247;479;632)
(247;479;632)
(247;479;649)
(247;479;649)
(247;479;666)
(247;479;666)
(247;479;681)
(247;479;682)
(247;479;682)
(247;479;698)
(247;479;698)
(247;479;715)
(247;479;715)
(247;479;732)
(247;479;733)
(247;479;748)
(247;479;749)
(247;479;749)
(247;479;765)
(247;479;765)
(247;479;782)
(247;479;782)
(247;479;798)
(247;479;798)
(247;479;816)
(247;479;816)
(247;479;816)
(247;479;832)
(247;479;832)
(247;479;848)
(247;479;848)
(247;479;865)
(247;479;865)
(247;479;882)
(247;479;882)
(247;479;898)
(247;479;898)
(247;479;915)
(247;479;915)
(247;479;931)
(247;479;931)
(247;479;932)
(247;479;949)
(247;479;949)
(247;479;965)
(247;479;966)
(247;479;982)
(247;479;982)
(247;479;983)
(247;479;998)
(247;479;998)
(247;479;1015)
(247;479;1015)
(247;479;1032)
(247;479;1032)
(247;479;1048)
(247;479;1048)
(247;479;1048)
(247;479;1065)
(247;479;1065)
(247;479;1082)
(247;479;1082)
(247;479;1098)
(247;479;1098)
(247;479;1116)
(247;479;1116)
(247;479;1132)
(247;479;1132)
(247;479;1149)
(247;479;1149)
(247;479;1149)
(247;479;1165)
(247;479;1165)
(247;479;1181)
(247;479;1181)
(247;479;1199)
(247;479;1199)
(247;479;1215)
(247;479;1215)
(247;479;1232)
(247;479;1232)
(247;479;1232)
(247;479;1248)
(247;479;1248)
(247;479;1265)
(247;479;1265)
(247;479;1282)
(247;479;1282)
(247;479;1282)
(247;479;1298)
(247;479;1298)
(247;479;1315)
(247;479;1316)
(247;479;1332)
(247;479;1332)
(247;478;1349)
(247;478;1349)
(247;477;1349)
(247;477;1365)
(247;476;1365)
(247;476;1382)
(247;475;1382)
(247;474;1398)
(247;474;1398)
(247;473;1415)
(247;473;1416)
(247;473;1432)
(247;473;1432)
(247;473;1432)
(247;473;1448)
(247;472;1449)
(247;472;1465)
(247;472;1465)
(247;471;1482)
(247;471;1482)
(247;470;1499)
(247;470;1500)
(246;470;1515)
(246;469;1515)
(246;469;1532)
(246;469;1532)
(246;468;1532)
(245;468;1548)
(245;468;1548)
(245;468;1564)
(244;467;1565)
(244;467;1581)
(244;467;1598)
(243;466;1598)
(243;466;1598)
(242;466;1615)
(242;465;1616)
(242;465;1632)
(242;465;1632)
(241;464;1648)
(241;464;1648)
(240;463;1665)
(240;463;1665)
(239;462;1682)
(239;462;1682)
(239;462;1698)
(239;461;1698)
(239;461;1715)
(239;461;1716)
(238;460;1731)
(238;460;1732)
(238;460;1748)
(238;460;1749)
(238;459;1749)
(238;459;1765)
(238;459;1765)
(238;459;1782)
(238;459;1782)
(238;459;1798)
(238;459;1798)
(238;459;1815)
(238;459;1816)
(238;459;1831)
(238;459;1832)
(238;458;1832)
(238;458;1849)
(238;458;1849)
(239;458;1865)
(239;457;1865)
(240;457;1882)
(241;456;1882)
(241;455;1882)
(242;455;1898)
(242;454;1898)
(242;454;1915)
(242;454;1915)
(242;454;1932)
(243;453;1932)
(243;453;1948)
(243;453;1948)
(243;452;1948)
(244;452;1965)
(244;452;1965)
(244;451;1982)
(245;451;1982)
(245;451;1999)
(245;451;1999)
(245;450;2015)
(246;450;2015)
(246;450;2032)
(247;449;2032)
(248;448;2032)
(249;448;2048)
(250;447;2065)
(250;446;2065)
(251;446;2066)
(252;445;2081)
(252;445;2082)
(253;445;2098)
(253;444;2098)
(254;444;2115)
(254;444;2116)
(255;443;2132)
(255;443;2132)
(255;443;2132)
(255;443;2148)
(256;443;2149)
(256;443;2165)
(256;443;2166)
(256;443;2182)
(256;443;2182)
(256;443;2182)
(256;443;2198)
(256;443;2199)
(256;443;2216)
(256;443;2216)
(256;443;2233)
(256;443;2233)
(256;443;2249)
(256;443;2249)
(256;443;2249)
(256;443;2266)
(256;443;2266)
(256;443;2283)
(256;443;2283)
(256;443;2298)
(256;443;2299)
(256;443;2316)
(256;443;2316)
(256;443;2332)
(256;443;2333)
(256;443;2333)
(256;443;2349)
(256;443;2349)
(256;443;2366)
(256;443;2366)
(256;443;2382)
(256;443;2382)
(256;443;2400)
(256;443;2400)
(256;443;2416)
(256;443;2416)
(256;443;2416)
(256;443;2432)
(256;443;2433)
(256;443;2449)
(256;443;2450)
(256;443;2466)
(256;443;2466)
(256;443;2482)
(256;443;2483)
(256;443;2483)
(256;443;2499)
(256;443;2499)
(256;443;2515)
(256;443;2516)
(256;443;2532)
(256;443;2533)
(256;443;2549)
(256;443;2549)
(256;443;2550)
(256;443;2566)
(256;443;2566)
(256;443;2583)
(256;443;2583)
(256;443;2600)
(256;443;2600)
(256;443;2600)
(256;443;2615)
(256;443;2633)
(256;443;2633)
(256;443;2633)
(256;443;2649)
(256;443;2649)
(256;443;2666)
(256;443;2666)
(256;443;2682)
(256;443;2682)
(256;443;2699)
(256;443;2700)
(256;443;2715)
(256;443;2716)
(256;443;2733)
(256;443;2733)
(256;443;2733)
(256;443;2749)
(256;443;2749)
(256;443;2766)
(256;443;2767)
(256;443;2782)
(256;443;2783)
(256;443;2783)
(256;443;2800)
(256;443;2800)
(256;443;2816)
(256;443;2817)
(256;443;2833)
(256;443;2833)
(256;443;2849)
(256;443;2849)
(256;443;2849)
(256;443;2865)
(256;443;2866)
(256;443;2883)
(256;443;2883)
(256;443;2900)
(256;443;2900)
(256;443;2916)
(256;443;2916)
(256;443;2933)
(256;443;2933)
(256;443;2949)
(256;443;2966)
(256;443;2966)
(256;443;2982)
(256;443;2982)
(256;443;2982)
(256;443;2982)
(256;443;2999)
(256;443;2999)
(256;443;3016)
(256;443;3017)
(256;443;3033)
(256;443;3033)
(256;443;3033)
(256;443;3050)
(256;443;3050)
(256;443;3066)
(256;443;3067)
(256;443;3082)
(256;443;3082)
(256;443;3105)
(255;442;3105)
(255;442;3122)
(255;442;3122)
(255;441;3138)
(255;441;3138)
(254;440;3155)
(254;440;3155)
(254;440;3172)
(254;440;3172)
(254;439;3172)
(254;439;3189)
(253;438;3189)
(253;438;3205)
(252;437;3205)
(252;436;3221)
(252;435;3221)
(251;435;3238)
(251;434;3239)
(251;433;3255)
(250;433;3255)
(250;432;3273)
(250;432;3273)
(249;431;3273)
(249;430;3290)
(249;429;3290)
(248;427;3307)
(248;426;3307)
(247;426;3323)
(247;425;3323)
(247;425;3323)
(247;425;3339)
(247;425;3339)
(247;425;3356)
(247;425;3356)
(247;425;3374)
(247;425;3374)
(247;425;3390)
(247;425;3390)
(247;425;3407)
(247;425;3407)
(247;425;3423)
(247;425;3424)
(247;425;3439)
(247;425;3439)
(247;425;3456)
(247;425;3456)
(247;425;3456)
(247;425;3473)
(247;425;3474)
(247;425;3490)
(247;425;3490)
(247;425;3506)
(247;425;3507)
(247;424;3523)
(247;424;3523)
(247;424;3540)
(247;424;3540)
(247;424;3540)
(248;423;3556)
(248;423;3556)
(249;422;3573)
(249;422;3573)
(250;421;3590)
(250;420;3590)
(251;418;3606)
(252;417;3607)
(253;416;3624)
(253;414;3624)
(254;413;3624)
(254;412;3640)
(255;411;3641)
(255;411;3657)
(255;410;3657)
(255;410;3673)
(256;409;3674)
(256;409;3690)
(256;408;3691)
(257;408;3691)
(257;407;3706)
(257;406;3706)
(257;406;3723)
(258;405;3724)
(258;405;3740)
(258;404;3740)
(258;403;3757)
(258;403;3757)
(259;402;3757)
(259;402;3774)
(259;402;3774)
(259;401;3790)
(259;401;3790)
(260;401;3807)
(260;400;3807)
(260;400;3823)
(260;400;3823)
(260;400;3840)
(260;399;3840)
(260;399;3840)
(261;399;3857)
(261;398;3857)
(262;397;3873)
(262;397;3874)
(262;396;3911)
(263;396;3911)
(264;395;3911)
(265;395;3912)
(266;393;3927)
(267;392;3944)
(268;392;3944)
(269;392;3961)
(269;391;3961)
(270;390;3961)
(271;390;3977)
(271;390;3978)
(271;390;3994)
(271;390;3994)
(271;390;4010)
(272;389;4010)
(272;389;4027)
(272;389;4027)
(272;389;4043)
(273;389;4044)
(273;389;4044)
(273;388;4060)
(273;388;4061)
(274;388;4077)
(274;388;4077)
(274;388;4093)
(274;388;4094)
(274;387;4094)
(274;387;4111)
(274;387;4111)
(274;387;4127)
(274;387;4127)
(274;387;4144)
(274;387;4144)
(274;387;4160)
(274;387;4160)
(274;387;4160)
(274;387;4178)
(274;387;4178)
(274;387;4194)
(274;387;4194)
(274;387;4211)
(274;387;4211)
(274;387;4227)
(274;387;4227)
(273;387;4244)
(273;386;4244)
(272;386;4244)
(272;385;4261)
(272;384;4277)
(271;383;4277)
(270;382;4277)
(270;381;4294)
(270;380;4295)
(269;380;4310)
(269;380;4311)
(269;379;4327)
(269;379;4328)
(269;379;4343)
(269;378;4343)
(269;377;4344)
(268;377;4361)
(268;376;4361)
(268;375;4377)
(268;375;4377)
(268;374;4394)
(268;374;4394)
(268;374;4411)
(268;374;4411)
(268;373;4411)
(268;373;4427)
(268;373;4428)
(268;373;4444)
(268;372;4444)
(269;371;4460)
(269;370;4461)
(269;369;4461)
(270;369;4477)
(270;368;4477)
(270;368;4493)
(270;368;4494)
(270;367;4510)
(270;367;4510)
(270;367;4527)
(270;367;4527)
(270;367;4544)
(270;367;4544)
(270;367;4560)
(270;366;4560)
(269;366;4577)
(269;365;4577)
(268;364;4577)
(268;363;4594)
(267;362;4594)
(266;362;4611)
(266;361;4612)
(265;360;4627)
(265;360;4628)
(264;359;4643)
(264;359;4643)
(264;358;4643)
(263;358;4660)
(263;358;4660)
(263;357;4677)
(262;357;4677)
(261;356;4694)
(261;355;4695)
(260;355;4710)
(260;354;4710)
(259;354;4710)
(259;353;4727)
(259;353;4727)
(259;353;4744)
(258;353;4745)
(258;353;4760)
(258;353;4760)
(258;352;4777)
(258;352;4778)
(258;352;4794)
(258;352;4794)
(258;352;4810)
(258;352;4810)
(258;352;4811)
(258;352;4828)
(258;352;4828)
(258;352;4828)
(258;352;4844)
(258;351;4861)
(258;351;4861)
(258;351;4861)
(258;351;4877)
(258;350;4894)
(258;350;4894)
(258;350;4894)
(258;350;4910)
(258;350;4911)
(258;350;4928)
(258;350;4928)
(258;350;4928)
(258;350;4944)
(258;350;4944)
(258;350;4961)
(258;350;4961)
(258;350;4977)
(259;349;4977)
(260;349;4994)
(261;349;4995)
(262;349;5010)
(263;348;5010)
(264;348;5011)
(265;348;5027)
(266;348;5028)
(266;348;5044)
(267;348;5044)
(267;348;5060)
(267;348;5061)
(267;348;5061)
(267;348;5077)
(267;348;5077)
(267;347;5094)
(267;347;5094)
(267;347;5110)
(267;347;5111)
(267;347;5128)
(267;347;5128)
(267;347;5128)
(267;347;5144)
(267;347;5144)
(267;347;5161)
(267;347;5161)
(267;347;5178)
(267;347;5178)
(267;347;5194)
(267;347;5194)
(267;347;5211)
(266;347;5211)
(266;347;5228)
(265;346;5228)
(264;345;5228)
(263;344;5244)
(262;343;5244)
(261;342;5261)
(260;341;5261)
(260;340;5278)
(260;339;5278)
(259;339;5293)
(259;338;5294)
(259;338;5311)
(259;338;5311)
(259;337;5312)
(259;337;5327)
(259;337;5328)
(259;336;5344)
(259;335;5344)
(259;334;5360)
(259;333;5360)
(259;332;5377)
(259;332;5377)
(259;331;5377)
(259;331;5394)
(259;330;5395)
(259;330;5410)
(259;330;5410)
(259;329;5428)
(259;329;5428)
(259;328;5428)
(260;327;5444)
(260;327;5445)
(260;326;5461)
(260;325;5462)
(260;324;5477)
(261;323;5477)
(261;323;5494)
(261;322;5494)
(261;321;5511)
(262;321;5511)
(262;320;5527)
(262;320;5527)
(262;320;5544)
(262;319;5544)
(262;318;5545)
(262;318;5561)
(263;317;5561)
(263;316;5577)
(263;315;5577)
(263;315;5594)
(263;314;5595)
(263;313;5611)
(264;313;5611)
(264;312;5611)
(264;311;5627)
(264;311;5628)
(264;310;5643)
(264;309;5643)
(264;308;5661)
(264;307;5661)
(265;307;5661)
(265;306;5677)
(265;305;5677)
(265;304;5693)
(265;304;5694)
(265;303;5711)
(266;303;5711)
(266;302;5727)
(266;301;5728)
(266;300;5744)
(266;300;5744)
(267;299;5761)
(267;298;5761)
(267;297;5761)
(267;297;5777)
(267;296;5778)
(267;296;5794)
(267;296;5810)
(267;296;5811)
(267;296;5827)
(267;296;5827)
(267;296;5844)
(267;296;5844)
(267;296;5845)
(267;296;5860)
(267;296;5860)
(267;296;5877)
(267;296;5878)
(267;296;5894)
(267;296;5894)
(267;296;5910)
(267;296;5911)
(267;296;5927)
(267;296;5927)
(267;296;5944)
(267;296;5944)
(267;296;5960)
(267;296;5960)
(267;296;5960)
(266;296;5977)
(266;296;5977)
(266;295;5994)
(265;295;5994)
(265;295;6011)
(265;295;6011)
(264;294;6027)
(264;294;6028)
(263;293;6044)
(262;293;6044)
(262;292;6061)
(261;291;6062)
(260;290;6062)
(259;290;6078)
(258;289;6078)
(258;288;6094)
(257;287;6094)
(256;287;6111)
(256;286;6111)
(256;286;6128)
(255;286;6128)
(255;285;6128)
(255;285;6143)
(255;285;6143)
(255;285;6162)
(254;284;6162)
(253;283;6179)
(252;282;6195)
(251;280;6195)
(250;279;6196)
(248;278;6212)
(247;277;6212)
(246;276;6229)
(245;275;6229)
(244;274;6245)
(244;273;6246)
(243;273;6262)
(243;272;6262)
(242;272;6262)
(242;272;6278)
(242;272;6279)
(241;271;6295)
(240;271;6295)
(239;270;6311)
(238;269;6312)
(237;268;6328)
(236;266;6328)
(234;265;6328)
(233;264;6345)
(231;263;6345)
(230;261;6362)
(228;260;6362)
(227;258;6378)
(226;257;6379)
(224;256;6395)
(224;255;6395)
(223;254;6411)
(222;253;6412)
(222;252;6412)
(221;251;6428)
(221;251;6429)
(221;250;6446)
(221;250;6446)
(220;250;6462)
(220;250;6462)
(220;250;6479)
(220;250;6479)
(220;250;6495)
(220;250;6512)
(220;249;6541)
(220;249;6541)
(220;249;6541)
(220;249;6541)
(220;249;6574)
(220;249;6574)
(220;249;6575)
(220;249;6590)
(220;248;6591)
(220;247;6609)
(220;246;6609)
(220;245;6609)
(220;243;6624)
(219;242;6625)
(219;242;6642)
(219;241;6642)
(219;240;6657)
(218;240;6657)
(218;239;6675)
(218;238;6676)
(217;238;6692)
(217;237;6692)
(217;236;6692)
(216;235;6707)
(215;234;6708)
(214;233;6724)
(213;232;6724)
(213;231;6742)
(212;229;6742)
(211;228;6742)
(209;226;6757)
(208;225;6757)
(206;223;6775)
(205;221;6775)
(204;219;6791)
(203;218;6791)
(202;217;6808)
(202;216;6808)
(201;215;6808)
(201;215;6825)
(201;214;6825)
(200;214;6842)
(200;214;6842)
(200;214;6858)
(200;213;6858)
(200;213;6874)
(199;213;6875)
(199;212;6891)
(199;212;6892)
(199;212;6908)
(199;211;6908)
(199;211;6909)
(198;210;6924)
(198;209;6924)
(198;208;6942)
(197;207;6942)
(197;206;6957)
(197;206;6958)
(197;205;6975)
(196;204;6975)
(196;203;6975)
(196;203;6991)
(196;203;7022)
(196;203;7022)
(196;203;7022)
(196;203;7022)
(196;202;7038)
(196;202;7039)
(196;202;7056)
(196;201;7056)
(196;201;7056)
(195;199;7072)
(195;198;7073)
(194;196;7089)
(194;194;7089)
(193;192;7106)
(193;191;7106)
(192;190;7123)
(192;189;7123)
(191;188;7139)
(191;188;7139)
(191;187;7156)
(191;187;7156)
(190;186;7156)
(190;186;7173)
(189;185;7173)
(189;184;7189)
(188;184;7189)
(188;183;7206)
(187;182;7206)
(187;182;7224)
(186;181;7224)
(186;180;7224)
(185;180;7241)
(185;179;7241)
(185;179;7257)
(185;178;7257)
(184;178;7274)
(184;178;7274)
(184;177;7291)
(184;177;7291)
(183;176;7308)
(183;175;7308)
(183;175;7324)
(183;174;7324)
(182;174;7341)
(182;173;7341)
(182;173;7341)
(182;173;7358)
(182;172;7358)
(182;172;7373)
(182;171;7374)
(181;171;7392)
(181;170;7392)
(181;170;7392)
(181;170;7407)
(181;169;7424)
(181;169;7425)
(181;169;7425)
(180;169;7441)
(180;169;7441)
(180;168;7457)
(180;168;7457)
(179;167;7474)
(179;167;7474)
(179;167;7490)
(179;167;7491)
(179;167;7508)
(179;167;7508)
(178;166;7508)
(178;166;7525)
(177;166;7525)
(176;165;7541)
(175;165;7541)
(174;164;7558)
(173;164;7558)
(173;163;7574)
(172;163;7575)
(172;162;7591)
(171;162;7591)
(171;162;7607)
(171;162;7607)
(171;161;7624)
(170;161;7624)
(170;161;7641)
(170;161;7641)
(170;161;7642)
(170;161;7657)
(170;161;7658)
(170;160;7691)
(170;160;7691)
(170;160;7708)
(170;160;7708)
(170;160;7708)
(170;160;7725)
(170;160;7725)
(170;160;7742)
(170;160;7742)
(171;159;7759)
(171;159;7759)
(171;158;7776)
(171;158;7776)
(172;157;7776)
(173;154;7792)
(174;153;7808)
(174;152;7809)
(175;151;7825)
(175;150;7825)
(175;149;7842)
(176;149;7842)
(176;148;7859)
(176;147;7859)
(177;147;7876)
(177;146;7876)
(178;145;7876)
(178;144;7893)
(178;143;7893)
(179;143;7909)
(179;142;7909)
(179;141;7926)
(180;139;7926)
(180;138;7942)
(181;137;7942)
(181;137;7942)
(181;136;7958)
(181;136;7959)
(181;136;7975)
(181;135;7975)
(181;135;7992)
(181;135;7993)
(181;135;7993)
(181;135;8009)
(181;135;8009)
(181;135;8025)
(181;135;8026)
(181;135;8042)
(181;135;8043)
(181;135;8059)
(181;135;8059)
(181;135;8076)
(181;135;8076)
(181;135;8091)
(181;135;8092)
(181;135;8109)
(181;135;8110)
(181;135;8110)
(181;135;8126)
(181;135;8126)
(181;135;8142)
(181;135;8142)
(181;135;8159)
(181;135;8159)
(182;135;8175)
(183;135;8176)
(184;135;8176)
(186;135;8192)
(187;134;8193)
(189;134;8209)
(190;134;8209)
(190;134;8225)
(191;134;8225)
(191;134;8242)
(191;134;8243)
(191;134;8243)
(191;134;8259)
(191;134;8259)
(192;134;8276)
(192;134;8276)
(192;134;8293)
(192;134;8293)
(192;134;8293)
(193;133;8310)
(193;133;8310)
(194;132;8325)
(194;132;8326)
(194;131;8342)
(195;131;8343)
(195;130;8359)
(196;130;8359)
(196;129;8376)
(197;128;8376)
(197;128;8376)
(198;127;8392)
(198;127;8393)
(199;126;8409)
(199;125;8409)
(200;124;8426)
(200;123;8426)
(201;123;8442)
(201;122;8443)
(202;121;8458)
(202;121;8459)
(203;120;8476)
(203;119;8476)
(204;118;8493)
(204;117;8493)
(205;117;8509)
(205;116;8510)
(206;116;8526)
(207;115;8526)
(207;115;8543)
(208;114;8543)
(209;113;8543)
(209;112;8559)
(210;112;8559)
(210;111;8576)
(210;111;8576)
(210;111;8593)
(210;111;8593)
(210;111;8593)
(210;111;8609)
(210;111;8609)
(210;111;8626)
(210;111;8626)
(210;111;8642)
(210;111;8643)
(210;111;8659)
(210;111;8659)
(210;111;8675)
(210;111;8676)
(210;111;8676)
(210;111;8693)
(210;111;8693)
(210;111;8709)
(210;111;8709)
(210;111;8726)
(210;111;8726)
(210;111;8743)
(210;111;8743)
(210;111;8759)
(210;111;8759)
(210;111;8775)
(210;111;8776)
(210;111;8793)
(210;111;8793)
(210;111;8793)
(210;111;8809)
(210;111;8809)
(210;111;8826)
(210;111;8826)
(210;111;8842)
(210;111;8842)
(210;111;8843)
(210;111;8859)
(210;111;8859)
(210;111;8876)
(210;111;8876)
(210;111;8892)
(210;111;8892)
(210;111;8892)
(210;111;8909)
(210;111;8909)
(210;112;8926)
(210;112;8926)
(210;112;8942)
(210;112;8943)
(210;112;8960)
(210;112;8960)
(210;112;8976)
(210;112;8976)
(210;112;8992)
(210;112;8993)
(210;112;8993)
(210;112;9010)
(210;112;9010)
(210;112;9026)
(210;112;9026)
(210;112;9042)
(210;112;9043)
(210;112;9059)
(210;112;9060)
(210;112;9076)
(210;112;9076)
(210;112;9076)
(210;112;9093)
(210;112;9093)
(210;112;9110)
(210;112;9110)
(210;112;9126)
(210;112;9126)
(210;112;9143)
(210;112;9143)
(210;112;9159)
(210;112;9159)
(210;112;9176)
(210;112;9176)
(210;112;9192)
(210;112;9193)
(210;112;9193)
(210;112;9209)
(210;112;9210)
(210;112;9226)
(210;112;9226)
(210;112;9243)
(210;112;9243)
(210;112;9259)
(210;112;9259)
(210;112;9276)
(210;112;9276)
(210;112;9293)
(210;112;9293)
(210;112;9293)
(210;112;9310)
(210;112;9310)
(210;112;9326)
(210;112;9327)
(210;112;9343)
(210;112;9344)
(210;112;9359)
(210;112;9359)
(210;112;9375)
(210;112;9375)
(210;112;9375)
(210;112;9393)
(210;112;9393)
(210;112;9410)
(210;112;9410)
(210;112;9427)
(210;112;9427)
(210;112;9443)
(210;112;9443)
(210;112;9443)
(210;112;9459)
(210;112;9459)
(210;112;9476)
(210;112;9477)
(210;112;9493)
(210;112;9493)
(210;112;9493)
(210;112;9508)
(210;112;9509)
(210;112;9525)
(210;112;9526)
(210;112;9543)
(210;112;9543)
(210;112;9559)
(210;112;9559)
(210;112;9577)
(210;112;9577)
(210;112;9593)
(210;112;9594)
(210;112;9594)
(210;112;9610)
(210;112;9610)
(210;112;9626)
(210;112;9626)
(210;112;9643)
(210;112;9643)
(210;112;9659)
(210;112;9676)
(210;112;9676)
(210;112;9692)
(210;112;9692)
(210;112;9709)
(210;112;9709)
(210;112;9726)
(210;112;9726)
(210;112;9743)
(210;112;9743)
(210;112;9743)
(210;112;9759)
(211;112;9759)
(211;112;9776)
(211;112;9776)
(211;112;9792)
(211;113;9793)
(211;113;9793)
(212;113;9809)
(212;114;9809)
(213;114;9826)
(213;115;9826)
(214;115;9842)
(214;116;9842)
(215;116;9859)
(215;117;9859)
(217;118;9876)
(218;119;9876)
(219;120;9893)
(220;121;9893)
(221;122;9909)
(222;123;9910)
(223;124;9926)
(225;125;9927)
(226;127;9942)
(227;127;9942)
(228;128;9959)
(229;129;9959)
(230;129;9976)
(231;130;9977)
(232;131;9977)
(233;131;9993)
(234;132;10009)
(234;132;10010)
(236;133;10026)
(237;133;10035)
(238;134;10053)
(239;134;10053)
(240;134;10069)
(241;135;10069)
(242;136;10085)
(244;137;10086)
(245;137;10103)
(247;138;10103)
(248;139;10103)
(249;140;10119)
(251;141;10119)
(252;141;10136)
(253;142;10136)
(254;142;10152)
(254;143;10152)
(255;143;10153)
(256;144;10168)
(256;144;10169)
(257;144;10185)
(257;145;10186)
(258;145;10202)
(258;145;10202)
(259;146;10218)
(259;146;10219)
(260;146;10236)
(261;147;10236)
(262;148;10252)
(263;148;10253)
(264;149;10253)
(265;150;10287)
(266;150;10287)
(268;151;10287)
(268;151;10287)
(270;152;10320)
(271;153;10320)
(272;153;10320)
(273;154;10320)
(275;155;10354)
(276;156;10354)
(276;156;10372)
(276;156;10372)
(277;156;10407)
(277;156;10407)
(277;157;10407)
(278;157;10422)
(279;157;10422)
(279;158;10439)
(280;158;10439)
(281;159;10455)
(281;159;10456)
(282;159;10456)
(282;159;10472)
(282;160;10472)
(283;160;10490)
(283;160;10490)
(283;160;10505)
(284;160;10506)
(284;160;10521)
(285;161;10522)
(285;161;10522)
(286;161;10539)
(286;161;10539)
(287;161;10556)
(287;162;10557)
(288;162;10573)
(288;162;10573)
(289;162;10589)
(289;162;10589)
(290;162;10589)
(290;162;10605)
(290;162;10622)
(290;162;10623)
(290;162;10623)
(290;162;10638)
(291;162;10639)
(291;162;10656)
(291;162;10656)
(292;162;10656)
(292;162;10672)
(293;162;10672)
(293;162;10689)
(294;162;10690)
(294;162;10705)
(295;162;10705)
(295;162;10722)
(296;162;10723)
(296;162;10739)
(296;162;10739)
(296;162;10756)
(297;161;10756)
(297;161;10756)
(298;161;10773)
(299;160;10773)
(300;160;10788)
(301;160;10789)
(302;159;10806)
(303;159;10806)
(304;159;10823)
(304;159;10823)
(304;159;10823)
(305;158;10839)
(305;158;10839)
(305;158;10856)
(306;158;10856)
(307;158;10872)
(307;157;10872)
(308;157;10872)
(308;157;10889)
(308;157;10889)
(308;157;10906)
(308;157;10906)
(308;157;10922)
(308;157;10922)
(308;157;10939)
(308;157;10939)
(308;157;10955)
(308;157;10956)
(308;157;10973)
(308;157;10973)
(308;157;10973)
(308;157;10989)
(308;157;10990)
(308;157;11005)
(308;157;11006)
(308;157;11022)
(308;157;11023)
(308;157;11039)
(308;157;11039)
(309;158;11055)
(309;158;11056)
(310;158;11056)
(311;159;11072)
(312;160;11072)
(313;160;11089)
(313;161;11089)
(314;161;11106)
(314;161;11107)
(314;161;11122)
(314;161;11122)
(314;161;11122)
(314;162;11139)
(315;162;11140)
(315;162;11155)
(316;162;11156)
(316;163;11172)
(317;163;11172)
(317;163;11172)
(318;163;11189)
(318;163;11189)
(318;164;11206)
(319;164;11206)
(320;164;11222)
(320;164;11223)
(321;164;11239)
(321;164;11239)
(322;164;11255)
(322;164;11256)
(322;164;11272)
(322;164;11272)
(322;164;11272)
(323;164;11289)
(323;164;11289)
(324;164;11306)
(324;164;11306)
(325;164;11322)
(326;164;11322)
(327;163;11339)
(328;163;11339)
(328;162;11356)
(329;162;11356)
(329;162;11356)
(330;161;11372)
(330;161;11373)
(331;161;11390)
(331;161;11390)
(331;160;11406)
(332;160;11406)
(332;160;11422)
(333;160;11422)
(333;159;11422)
(333;159;11440)
(334;159;11440)
(334;159;11456)
(334;158;11456)
(335;157;11472)
(336;157;11472)
(336;157;11489)
(336;157;11489)
(337;157;11505)
(337;157;11505)
(337;157;11523)
(337;157;11523)
(337;157;11538)
(337;157;11539)
(337;157;11556)
(337;157;11556)
(337;157;11556)
(337;157;11572)
(337;157;11589)
(337;157;11589)
(337;157;11605)
(337;157;11605)
(337;157;11605)
(337;157;11623)
(337;157;11623)
(337;157;11638)
(337;157;11638)
(337;157;11656)
(337;157;11657)
(337;157;11657)
(337;157;11673)
(337;157;11673)
(337;157;11689)
(337;157;11689)
(338;157;11706)
(338;158;11706)
(339;158;11722)
(340;158;11723)
(341;159;11723)
(341;159;11739)
(342;160;11739)
(343;160;11755)
(343;160;11756)
(343;161;11773)
(344;161;11773)
(344;161;11773)
(345;162;11789)
(345;162;11790)
(345;162;11806)
(346;162;11806)
(346;162;11822)
(346;163;11822)
(347;163;11839)
(347;163;11839)
(347;163;11856)
(348;163;11856)
(348;164;11872)
(349;164;11873)
(349;164;11873)
(350;164;11890)
(350;164;11890)
(350;164;11906)
(351;164;11907)
(351;164;11922)
(351;165;11923)
(351;165;11938)
(352;165;11939)
(352;165;11956)
(352;165;11957)
(353;165;11957)
(353;165;11972)
(353;165;11973)
(353;165;11989)
(354;165;11990)
(354;165;12005)
(354;166;12006)
(354;166;12022)
(354;166;12023)
(354;166;12039)
(354;166;12040)
(354;166;12040)
(354;166;12056)
(354;166;12056)
(354;166;12073)
(354;166;12073)
(354;166;12073)
(354;166;12089)
(354;166;12089)
(354;166;12105)
(354;166;12106)
(354;166;12122)
(354;166;12122)
(354;166;12138)
(354;166;12139)
(354;166;12156)
(353;166;12157)
(353;167;12157)
(353;167;12172)
(352;168;12173)
(352;169;12190)
(351;170;12190)
(351;171;12207)
(350;171;12207)
(350;171;12223)
(350;172;12224)
(350;172;12224)
(349;173;12239)
(349;174;12257)
(348;175;12257)
(348;176;12257)
(348;176;12273)
(348;177;12273)
(347;178;12290)
(347;179;12290)
(347;179;12306)
(346;180;12306)
(346;181;12322)
(346;182;12323)
(346;183;12323)
(346;184;12340)
(345;185;12340)
(345;186;12356)
(345;186;12356)
(345;187;12373)
(345;189;12373)
(345;190;12373)
(345;191;12389)
(345;192;12389)
(345;193;12406)
(345;194;12407)
(345;195;12422)
(345;195;12423)
(345;196;12439)
(345;197;12439)
(345;198;12456)
(345;199;12456)
(345;199;12456)
(345;200;12472)
(345;201;12473)
(345;201;12489)
(345;202;12489)
(345;202;12506)
(345;203;12506)
(345;204;12522)
(345;205;12523)
(346;206;12539)
(346;207;12539)
(346;207;12539)
(346;208;12555)
(346;209;12556)
(346;210;12573)
(346;210;12573)
(346;210;12589)
(346;210;12590)
(346;211;12606)
(346;211;12607)
(346;211;12623)
(346;211;12623)
(346;211;12624)
(346;211;12639)
(346;211;12640)
(346;211;12656)
(346;211;12656)
(346;211;12673)
(346;211;12673)
(346;211;12673)
(346;211;12689)
(346;211;12689)
(346;211;12706)
(346;211;12706)
(346;211;12723)
(346;211;12723)
(346;211;12740)
(346;211;12740)
(346;211;12757)
(346;211;12757)
(346;211;12773)
(346;211;12773)
(346;211;12790)
(346;211;12790)
(347;211;12807)
(347;211;12807)
(347;211;12824)
(347;211;12824)
(347;211;12824)
(347;211;12840)
(347;210;12840)
(348;210;12856)
(348;210;12857)
(348;210;12873)
(348;210;12873)
(348;210;12890)
(348;210;12890)
(348;210;12907)
(348;210;12907)
(348;210;12924)
(348;210;12924)
(348;210;12939)
(348;210;12940)
(348;210;12957)
(348;210;12957)
(348;210;12974)
(348;210;12974)
(348;211;12974)
(348;211;12989)
(348;211;12990)
(348;211;13006)
(348;211;13006)
(348;211;13023)
(348;211;13023)
(348;211;13040)
(348;211;13040)
(348;211;13057)
(348;211;13057)
(348;211;13073)
(348;211;13073)
(348;211;13090)
(348;211;13090)
(348;211;13106)
(348;211;13107)
(348;211;13123)
(348;211;13124)
(348;211;13124)
(348;211;13140)
(348;211;13141)
(348;211;13157)
(348;211;13157)
(348;211;13173)
(348;211;13173)
(348;211;13190)
(349;211;13190)
(349;212;13207)
(350;213;13207)
(351;214;13224)
(352;216;13224)
(353;217;13224)
(354;218;13240)
(355;220;13240)
(356;220;13256)
(357;221;13257)
(359;223;13274)
(360;223;13274)
(361;223;13291)
(361;224;13291)
(361;224;13306)
(361;224;13307)
(361;224;13323)
(361;224;13324)
(362;224;13341)
(362;224;13341)
(362;224;13341)
(362;224;13357)
(363;224;13358)
(363;224;13373)
(364;225;13373)
(365;225;13391)
(366;226;13391)
(367;226;13406)
(369;227;13407)
(371;228;13424)
(372;229;13424)
(374;230;13425)
(375;231;13441)
(376;231;13441)
(377;232;13457)
(378;233;13457)
(379;234;13473)
(380;234;13491)
(380;234;13491)
(380;234;13507)
(381;234;13508)
(381;235;13523)
(382;235;13524)
(383;236;13524)
(384;237;13540)
(385;237;13540)
(386;238;13557)
(388;239;13558)
(389;240;13574)
(390;240;13574)
(391;241;13574)
(391;241;13590)
(391;241;13590)
(392;241;13607)
(392;242;13607)
(392;242;13623)
(393;242;13624)
(394;243;13640)
(395;243;13640)
(395;244;13640)
(396;244;13656)
(397;245;13657)
(398;245;13673)
(398;246;13674)
(399;246;13691)
(399;247;13691)
(399;247;13707)
(400;247;13707)
(400;247;13723)
(400;247;13723)
(400;247;13740)
(400;247;13740)
(400;247;13740)
(400;247;13757)
(400;247;13757)
(400;247;13774)
(401;248;13774)
(402;248;13790)
(403;248;13790)
(404;249;13806)
(405;249;13807)
(405;250;13824)
(406;250;13824)
(406;250;13824)
(406;250;13840)
(407;250;13841)
(407;250;13857)
(407;250;13858)
(407;251;13873)
(407;251;13874)
(407;251;13874)
(407;251;13891)
(407;251;13891)
(407;250;13908)
(407;250;13908)
(407;250;13924)
(407;250;13924)
(407;250;13940)
(407;250;13941)
(407;250;13957)
(407;250;13957)
(407;250;13973)
(407;250;13974)
(408;250;13991)
(408;250;13992)
(408;250;14007)
(408;250;14008)
(408;250;14023)
(408;250;14023)
(408;250;14039)
(408;250;14040)
(408;250;14040)
(408;250;14056)
(408;249;14057)
(409;249;14074)
(409;249;14075)
(409;248;14090)
(410;247;14091)
(411;245;14107)
(412;243;14107)
(414;240;14124)
(415;239;14124)
(415;237;14140)
(416;236;14140)
(416;235;14157)
(417;234;14158)
(417;233;14174)
(418;233;14174)
(418;232;14174)
(418;232;14191)
(418;232;14191)
(419;231;14207)
(419;231;14208)
(419;231;14224)
(420;230;14224)
(420;229;14240)
(421;229;14241)
(421;228;14241)
(421;228;14257)
(422;227;14257)
(422;226;14274)
(422;226;14274)
(422;226;14290)
(423;226;14291)
(423;226;14308)
(423;225;14308)
(423;225;14324)
(424;224;14325)
(424;224;14341)
(425;223;14341)
(425;223;14357)
(425;223;14358)
(425;223;14358)
(425;223;14374)
(425;223;14374)
(425;223;14391)
(425;223;14391)
(425;223;14407)
(425;223;14407)
(426;223;14423)
(427;223;14424)
(428;224;14424)
(429;224;14441)
(430;225;14441)
(431;225;14457)
(432;225;14457)
(433;225;14474)
(434;226;14475)
(435;226;14475)
(436;226;14491)
(437;227;14491)
(437;227;14507)
(437;227;14508)
(437;227;14524)
(437;227;14525)
(437;227;14541)
(437;227;14541)
(437;227;14557)
(438;227;14557)
(438;227;14574)
(438;227;14574)
(438;227;14574)
(438;227;14590)
(438;227;14591)
(438;227;14608)
(438;227;14608)
(438;226;14608)
(438;226;14623)
(439;225;14641)
(439;224;14641)
(439;223;14657)
(439;222;14658)
(440;221;14658)
(440;220;14673)
(441;218;14673)
(441;216;14691)
(442;215;14707)
(442;214;14708)
(442;214;14708)
(442;213;14724)
(442;213;14724)
(442;213;14741)
(442;213;14741)
(443;212;14757)
(443;212;14758)
(443;211;14774)
(443;211;14775)
(444;211;14775)
(444;210;14791)
(444;210;14791)
(445;209;14807)
(445;209;14808)
(446;208;14824)
(447;207;14824)
(447;206;14840)
(448;206;14840)
(448;205;14840)
(449;204;14857)
(450;204;14858)
(450;203;14874)
(450;203;14874)
(451;202;14891)
(452;202;14891)
(452;201;14907)
(453;201;14907)
(453;200;14924)
(453;200;14924)
(454;199;14924)
(454;198;14940)
(454;198;14957)
(455;197;14957)
(455;197;14957)
(455;197;14974)
(456;196;14974)
(456;195;14991)
(457;194;14991)
(457;194;15007)
(458;194;15007)
(458;193;15025)
(459;193;15025)
(460;192;15025)
(460;192;15040)
(461;191;15041)
(462;191;15057)
(463;191;15058)
(465;190;15074)
(466;189;15074)
(467;189;15091)
(468;189;15091)
(468;189;15107)
(469;188;15107)
(470;188;15124)
(471;188;15125)
(472;187;15141)
(472;187;15141)
(473;187;15141)
(474;187;15157)
(474;186;15158)
(475;186;15175)
(476;186;15175)
(477;185;15191)
(478;185;15191)
(479;185;15207)
(480;185;15207)
(480;184;15224)
(481;184;15225)
(482;184;15225)
(483;184;15239)
(483;184;15240)
(484;183;15257)
(485;183;15257)
(485;183;15274)
(485;183;15274)
(486;183;15291)
(486;183;15291)
(487;182;15308)
(487;182;15308)
(487;182;15308)
(488;182;15324)
(488;182;15324)
(488;182;15341)
(488;182;15341)
(489;182;15357)
(489;181;15357)
(489;181;15374)
(489;181;15374)
(490;181;15374)
(490;181;15390)
(490;180;15391)
(490;180;15407)
(491;180;15407)
(491;179;15424)
(492;179;15424)
(492;178;15440)
(492;178;15441)
(492;177;15441)
(493;177;15457)
(493;177;15457)
(493;177;15474)
(493;177;15474)
(494;176;15491)
(494;176;15491)
(494;176;15508)
(494;176;15508)
(494;176;15508)
(495;176;15524)
(495;176;15524)
(496;176;15541)
(496;176;15541)
(497;176;15557)
(497;176;15557)
(498;176;15574)
(498;176;15574)
(499;176;15591)
(500;176;15591)
(501;176;15607)
(502;177;15607)
(503;177;15624)
(504;177;15624)
(504;177;15641)
(504;177;15641)
(504;177;15657)
(505;177;15657)
(505;177;15674)
(505;177;15674)
(505;177;15674)
(505;177;15690)
(505;177;15690)
(505;177;15707)
(505;177;15708)
(506;177;15725)
(506;177;15725)
(506;177;15741)
(506;177;15741)
(506;177;15741)
(506;177;15758)
(506;177;15758)
(506;177;15774)
(507;177;15774)
(507;177;15790)
(507;176;15791)
(507;176;15808)
(507;176;15808)
(508;175;15808)
(508;175;15824)
(508;175;15824)
(508;175;15841)
(508;174;15841)
(508;174;15857)
(509;174;15857)
(509;173;15873)
(509;173;15891)
(509;173;15907)
(509;172;15907)
(509;172;15924)
(509;172;15925)
(509;172;15925)
(509;172;15941)
(509;172;15941)
(509;172;15957)
(509;172;15957)
(509;172;15975)
(509;171;15975)
(509;170;15975)
(509;169;15991)
(508;168;15992)
(508;167;16007)
(507;165;16007)
(507;164;16024)
(506;163;16024)
(506;162;16040)
(506;162;16040)
(506;162;16040)
(506;162;16058)
(506;162;16058)
(506;162;16074)
(506;162;16074)
(506;162;16091)
(506;162;16091)
(506;162;16107)
(506;162;16107)
(506;162;16124)
(506;162;16124)
(506;162;16124)
(506;162;16141)
(507;162;16141)
(508;161;16157)
(509;161;16157)
(510;161;16173)
(511;161;16174)
(513;160;16191)
(514;160;16191)
(516;160;16207)
(517;160;16207)
(518;159;16223)
(518;159;16224)
(519;159;16224)
(519;159;16241)
(520;159;16241)
(520;159;16257)
(521;159;16257)
(521;158;16273)
(521;158;16273)
(521;158;16273)
(521;158;16290)
(521;158;16291)
(522;158;16307)
(522;157;16307)
(522;157;16324)
(522;157;16324)
(523;156;16340)
(523;156;16341)
(523;154;16341)
(523;153;16357)
(523;151;16357)
(523;150;16374)
(523;148;16374)
(523;146;16391)
(523;144;16391)
(522;143;16407)
(522;142;16407)
(522;141;16424)
(522;140;16424)
(521;139;16424)
(521;138;16441)
(521;138;16441)
(521;138;16457)
(521;138;16458)
(521;137;16474)
(521;137;16475)
(521;136;16491)
(521;136;16491)
(521;135;16507)
(521;135;16508)
(522;134;16508)
(522;134;16523)
(522;134;16524)
(522;133;16541)
(522;132;16541)
(523;131;16557)
(523;130;16558)
(523;129;16574)
(524;129;16574)
(524;128;16591)
(524;128;16591)
(524;127;16607)
(524;127;16607)
(524;126;16624)
(525;125;16624)
(525;124;16641)
(525;124;16641)
(525;123;16641)
(525;122;16657)
(525;121;16658)
(525;120;16673)
(525;119;16674)
(525;118;16690)
(525;118;16690)
(524;117;16706)
(524;117;16707)
(524;116;16724)
(524;116;16724)
(524;115;16724)
(523;115;16740)
(523;115;16740)
(523;115;16757)
(523;115;16757)
(523;115;16773)
(523;115;16774)
(522;115;16791)
(522;115;16791)
(521;115;16807)
(519;113;16836)
(518;113;16836)
(517;112;16836)
(516;112;16836)
(515;111;16853)
(515;111;16854)
(514;111;16870)
(513;110;16870)
(512;110;16886)
(512;109;16886)
(511;109;16903)
(511;109;16904)
(510;109;16904)
(510;108;16919)
(510;108;16937)
(509;108;16937)
(509;107;16937)
(508;107;16954)
(507;106;16954)
(506;105;16970)
(506;105;16970)
(505;104;16987)
(505;103;16988)
(504;102;17003)
(503;101;17003)
(503;101;17003)
(503;100;17020)
(502;100;17020)
(502;100;17037)
(502;99;17037)
(502;99;17053)
(502;99;17053)
(502;98;17053)
(501;98;17070)
(501;98;17070)
(501;98;17086)
(500;97;17087)
(500;97;17103)
(499;96;17104)
(499;96;17119)
(498;95;17119)
(497;94;17137)
(497;94;17137)
(497;93;17137)
(496;93;17152)
(496;93;17153)
(495;92;17170)
(495;92;17170)
(494;91;17186)
(494;91;17187)
(493;91;17203)
(493;91;17203)
(492;90;17220)
(492;90;17220)
(491;89;17220)
(490;89;17237)
(490;89;17237)
(488;88;17253)
(487;87;17270)
(486;86;17271)
(484;85;17287)
(483;85;17287)
(482;84;17303)
(481;83;17303)
(479;82;17303)
(478;81;17320)
(477;80;17320)
(476;80;17336)
(475;79;17336)
(474;79;17353)
(474;79;17353)
(473;79;17353)
(473;79;17369)
(473;79;17370)
(473;79;17387)
(473;79;17387)
(473;79;17402)
(473;79;17403)
(473;79;17420)
(473;79;17420)
(473;79;17420)
(473;79;17436)
(473;79;17436)
(473;79;17453)
(473;79;17453)
(473;79;17469)
(473;79;17470)
(473;79;17486)
(473;79;17487)
(473;79;17503)
(473;79;17503)
(473;79;17503)
(473;79;17520)
(473;79;17520)
(473;79;17536)
(473;79;17537)
(473;79;17552)
(473;79;17553)
(473;79;17570)
(473;79;17570)
(473;79;17586)
(473;78;17586)
(473;78;17603)
(474;78;17603)
(474;78;17603)
(474;78;17619)
(475;78;17620)
(476;78;17636)
(476;78;17636)
(477;78;17653)
(477;78;17653)
(478;78;17653)
(478;78;17670)
(478;78;17670)
(478;78;17687)
(478;78;17687)
(478;78;17703)
(478;78;17703)
(478;78;17719)
(478;78;17719)
(478;78;17720)
(479;78;17737)
(479;78;17737)
(479;78;17753)
(479;78;17754)
(479;78;17770)
(479;78;17770)
(479;78;17786)
(479;77;17786)
(479;77;17803)
(479;77;17803)
(479;77;17819)
(479;77;17820)
(479;77;17836)
(479;77;17836)
(479;77;17836)
(479;77;17853)
(479;77;17853)
(479;77;17870)
(479;77;17870)
(479;77;17886)
(479;77;17886)
(480;77;17903)
(480;77;17903)
(480;77;17903)
(480;77;17920)
(480;77;17920)
(480;77;17936)
(480;76;17936)
(480;76;17954)
(480;76;17954)
(480;76;17954)
(480;76;17970)
(480;76;17986)
(480;76;17987)
(480;75;18003)
(480;75;18004)
(480;75;18019)
(481;75;18019)
(481;75;18036)
(481;75;18037)
(481;75;18037)
(481;75;18053)
(481;75;18054)
(481;75;18070)
(481;75;18070)
(481;75;18086)
(481;75;18086)
(481;75;18103)
(482;75;18104)
(482;74;18104)
(482;74;18119)
(482;74;18119)
(482;74;18137)
(482;74;18137)
(482;74;18153)
(483;74;18153)
(483;74;18169)
(483;74;18170)
(483;73;18186)
(483;73;18187)
(483;73;18203)
(483;73;18203)
(484;73;18203)
(484;73;18219)
(484;73;18220)
(484;73;18237)
(484;73;18237)
(484;72;18252)
(484;72;18253)
(484;72;18253)
(484;72;18270)
(484;72;18270)
(484;72;18286)
(484;72;18286)
(484;72;18303)
(484;72;18303)
(484;72;18319)
(484;72;18320)
(484;72;18356)
(484;72;18356)
(484;72;18357)
(484;72;18372)
(484;72;18372)
(484;72;18372)
(484;72;18390)
(484;72;18390)
(484;72;18406)
(484;72;18406)
(484;72;18422)
(484;72;18423)
(484;72;18439)
(484;72;18439)
(484;71;18457)
(484;71;18457)
(484;71;18457)
(484;71;18472)
(484;71;18489)
(484;71;18489)
(484;71;18489)
(484;71;18506)
(484;71;18506)
(484;71;18523)
(484;71;18523)
(484;71;18540)
(484;71;18540)
(484;71;18540)
(484;71;18557)
(484;71;18557)
(484;71;18573)
(484;71;18573)
(484;71;18589)
(484;71;18589)
(484;71;18606)
(484;71;18606)
(484;71;18624)
(484;71;18624)
(484;71;18640)
(484;71;18640)
(484;71;18656)
(484;71;18656)
(484;71;18673)
(484;71;18674)
(484;71;18674)
(484;71;18689)
(484;71;18690)
(484;71;18706)
(484;71;18706)
(484;71;18723)
(484;71;18724)
(484;71;18739)
(484;71;18739)
(484;71;18756)
(484;71;18757)
(484;71;18757)
(484;71;18772)
(484;71;18773)
(484;71;18789)
(484;71;18790)
(484;71;18806)
(484;71;18806)
(484;71;18822)
(484;71;18822)
(484;71;18839)
(484;71;18839)
(484;71;18856)
(484;71;18856)
(484;71;18856)
(484;71;18873)
(484;71;18873)
(484;71;18889)
(484;71;18890)
(484;71;18907)
(484;71;18907)
(484;71;18923)
(484;71;18923)
(484;71;18923)
(484;71;18940)
(484;71;18941)
(484;71;18956)
(484;71;18956)
(484;71;18972)
(484;71;18973)
(484;71;18973)
(484;71;18990)
(484;71;18990)
(484;71;19006)
(484;71;19007)
(484;71;19022)
(484;71;19023)
(484;71;19040)
(484;71;19040)
(484;71;19056)
(484;71;19057)
(484;71;19073)
(484;71;19073)
(484;71;19073)
(484;71;19090)
(484;71;19090)
(484;71;19106)
(484;71;19106)
(484;71;19122)
(484;71;19122)
(484;71;19139)
(484;71;19140)
(484;71;19140)
(485;71;19157)
(485;71;19157)
(485;71;19172)
(485;71;19173)
(485;71;19190)
(485;71;19191)
(485;71;19206)
(485;71;19206)
(485;71;19223)
(485;71;19223)
(485;71;19223)
(485;71;19239)
(485;71;19239)
(485;71;19259)
(485;71;19260)
(485;71;19277)
(485;71;19277)
(485;71;19294)
(485;71;19294)
(485;71;19310)
(485;71;19310)
(485;71;19326)
(485;71;19326)
(485;71;19343)
(485;71;19344)
(485;71;19344)
(485;71;19360)
(485;71;19361)
(485;71;19376)
(485;71;19377)
(485;71;19393)
(485;71;19393)
(485;71;19393)
(485;71;19410)
(485;71;19410)
(485;70;19426)
(486;69;19426)
(487;68;19443)
(488;67;19443)
(488;65;19460)
(488;64;19461)
(489;64;19461)
(489;63;19477)
(489;62;19477)
(490;62;19493)
(490;61;19493)
(490;61;19511)
(490;60;19511)
(490;60;19526)
(491;59;19526)
(491;59;19543)
(491;59;19544)
(491;59;19544)
(491;59;19560)
(491;58;19560)
(491;58;19576)
(491;58;19577)
(491;58;19593)
(491;58;19593)
(491;58;19609)
(491;58;19610)
(491;58;19627)
(491;58;19627)
(491;57;19643)
(491;57;19644)
(492;56;19644)
(492;55;19660)
(492;54;19660)
(492;53;19676)
(492;52;19677)
(492;50;19694)
(492;49;19694)
(492;48;19694)
(492;47;19710)
(492;46;19710)
(492;45;19727)
(492;45;19727)
(492;45;19743)
(492;45;19743)
(492;45;19759)
(492;45;19760)
(492;45;19760)
(492;45;19777)
(492;45;19777)
(492;44;19794)
(492;43;19794)
(492;42;19810)
(492;41;19810)
(492;40;19826)
(492;40;19827)
(492;39;19842)
(492;39;19843)
(491;39;19859)
(491;38;19859)
(491;38;19860)
(491;38;19876)
(491;37;19877)
(491;37;19893)
(491;36;19894)
(491;36;19909)
(491;36;19910)
(491;36;19926)
(491;36;19926)
(491;35;19943)
(491;35;19943)
(491;35;19960)
(491;35;19960)
(491;34;19976)
(491;33;19976)
(491;32;19993)
(491;31;19993)
(491;30;19993)
(492;29;20009)
(492;28;20010)
(492;28;20026)
(492;27;20027)
(492;27;20044)
(492;26;20044)
(492;26;20060)
(493;25;20060)
(493;25;20060)
(493;24;20076)
(493;23;20076)
(494;23;20093)
(494;22;20093)
(494;21;20110)
(494;21;20110)
(494;21;20126)
(494;21;20126)
(495;20;20142)
(495;20;20143)
(495;19;20159)
(495;18;20160)
(495;18;20160)
(495;18;20176)
(495;17;20176)
(495;17;20193)
(496;17;20193)
(496;17;20209)
(496;16;20210)
(496;16;20227)
(496;16;20227)
(496;15;20243)
(496;15;20244)
(495;15;20244)
(495;14;20260)
(495;13;20260)
(495;13;20276)
(495;13;20277)
(495;13;20292)
(494;12;20293)
(494;12;20293)
(494;12;20309)
(494;12;20310)
(493;11;20326)
(493;10;20326)
(492;10;20343)
(492;9;20343)
(491;7;20359)
(490;6;20360)
(490;5;20360)
(489;4;20377)
(489;3;20377)
(488;2;20393)
(488;1;20394)
(487;0;20409)
(487;0;20409)
(487;0;20426)
(487;0;20427)
(487;-1;20443)
(487;-1;20444)
(487;-1;20444)
(487;-1;20459)
(487;-1;20459)
(487;-1;20476)
(487;-1;20476)
(487;-1;20493)
(487;-1;20493)
(487;-1;20510)
(487;-2;20511)
(487;-3;20526)
(487;-5;20527)
(487;-6;20543)
(487;-7;20543)
(487;-8;20544)
(487;-10;20560)
(487;-11;20560)
(486;-13;20576)
(486;-14;20576)
(486;-15;20593)
(486;-16;20593)
(486;-17;20593)
(486;-18;20609)
(486;-18;20609)
(486;-19;20626)
(486;-20;20627)
(486;-21;20643)
(485;-22;20643)
(485;-25;20660)
(485;-26;20660)
(484;-27;20677)
(484;-28;20677)
(484;-29;20693)
(483;-30;20693)
(483;-31;20710)
(483;-31;20711)
(483;-31;20727)
(483;-32;20727)
(482;-33;20747)
(481;-35;20771)
(479;-42;20806)
(479;-42;20806)
(479;-42;20806)
(479;-42;20821)
(479;-42;20821)
(479;-42;20837)
(479;-42;20837)
(479;-42;20855)
(479;-42;20855)
(479;-42;20872)
(479;-42;20872)
(479;-42;20889)
(479;-42;20889)
(479;-42;20889)
(479;-42;20905)
(479;-42;20905)
(479;-42;20921)
(479;-42;20922)
(479;-42;20938)
(479;-42;20939)
(479;-42;20955)
(479;-42;20955)
(479;-42;20955)
(479;-42;20971)
(479;-42;20972)
(479;-42;20988)
(479;-42;20989)
(479;-42;21005)
(479;-42;21005)
(479;-42;21022)
(479;-42;21022)
(479;-42;21022)
(479;-42;21038)
(479;-42;21038)
(479;-42;21055)
(479;-42;21055)
(479;-42;21072)
(479;-42;21072)
(479;-42;21072)
(479;-42;21089)
(479;-42;21089)
(479;-42;21105)
(479;-42;21122)
(479;-42;21123)
(480;-42;21123)
(480;-43;21138)
(481;-43;21139)
(481;-43;21155)
(482;-44;21155)
(483;-45;21172)
(483;-45;21172)
(484;-46;21172)
(484;-46;21188)
(485;-47;21188)
(485;-47;21205)
(486;-48;21206)
(486;-48;21221)
(486;-48;21221)
(486;-49;21238)
(487;-49;21239)
(487;-49;21255)
(487;-50;21256)
(487;-50;21256)
(488;-50;21272)
(488;-50;21272)
(488;-50;21288)
(488;-50;21288)
(488;-50;21305)
(489;-50;21305)
(490;-51;21322)
(490;-51;21322)
(491;-52;21322)
(492;-52;21337)
(492;-53;21338)
(493;-53;21354)
(493;-54;21355)
(494;-54;21371)
(494;-55;21371)
(494;-55;21388)
(495;-55;21388)
(495;-55;21389)
(495;-55;21405)
(495;-55;21405)
(496;-55;21422)
(496;-56;21422)
(496;-56;21438)
(496;-56;21438)
(496;-56;21455)
(496;-56;21455)
(497;-56;21455)
(497;-56;21471)
(497;-56;21487)
(497;-56;21488)
(497;-56;21488)
(497;-56;21504)
(497;-56;21504)
(497;-56;21521)
(497;-56;21521)
(497;-56;21538)
(497;-56;21538)
(497;-56;21555)
(497;-56;21555)
(497;-56;21555)
(497;-56;21571)
(497;-56;21571)
(497;-56;21588)
(497;-56;21588)
(497;-56;21605)
(497;-56;21605)
(497;-56;21622)
(497;-56;21622)
(497;-56;21622)
(497;-56;21638)
(497;-56;21638)
(497;-56;21655)
(497;-56;21655)
(497;-57;21671)
(498;-58;21671)
(499;-58;21688)
(499;-58;21689)
